MutationType	SBS96A	SBS96B	SBS96C	SBS96D	SBS96E	SBS96F	SBS96G	SBS96H
A[C>A]A	0.0001941451495167712	0.0014944806961102585	0.0016264022034050791	0.0005815721667022444	0.01195609127782518	0.003820779968439183	0.010320942099825885	0.0008888704957587379
A[C>A]C	0.000318536814138497	0.0008085864790700725	0.0009028077442235371	0.001035642337581919	0.012190108624054119	0.004112140361969434	0.006677083326272211	0.0016357889114588886
A[C>A]G	6.525345596939403e-05	0.0005380586321911096	0.00011833965310851014	0.00018118499786140774	0.00418294602202721	0.0011317187203657398	0.005970289959805086	0.0004836508705006537
A[C>A]T	0.00014691012554521877	0.0007134459828739637	0.0005438276861605119	0.0005643739228162303	0.003229426469182215	0.004543869819253814	0.00806131932651624	4.284329655490638e-09
A[C>G]A	3.9792363082398194e-05	0.000609106488929001	0.0002490062461401976	5.5593951110495254e-05	0.009059675103417248	0.005504095432695664	0.0042500335402004905	1.118652807718945e-08
A[C>G]C	0.000131969980939175	0.0008950882824049891	0.000351344081118441	0.0005541185235870216	0.010995390423049685	0.0015354634079119479	0.007123089008787531	0.0008451582058961549
A[C>G]G	0.00017931768623163257	0.0018303540469160851	6.086721105020842e-05	0.00029247649064927827	0.005020748753024691	0.006889835944142106	0.002535135325625646	5.8306202532776295e-09
A[C>G]T	0.00021042543679556047	0.0005872190363515983	0.0002246138059202401	0.0011656350091470812	0.010667349974384734	0.003019765686092768	0.0038111086458435927	0.0013213103963607864
A[C>T]A	0.0001950077493165736	0.0029015842059015996	0.0014783434697555463	0.0008134062370709216	0.012770648590521887	0.014753272228408604	0.014582465491257609	0.002676479217770975
A[C>T]C	0.019737761100085124	0.03670968622202054	0.03776814034208655	0.015193197560754611	0.033163042111555116	0.009630240568948522	0.002607392160596049	0.0018734893410623954
A[C>T]G	0.00023076990353729582	0.0012884360261688945	0.0008705541421257298	0.001046267293859273	0.04794752138783224	0.0379269174777437	0.07904827567283064	0.0020844604715077254
A[C>T]T	0.006518383654765785	0.00744488992379047	0.012581191193312406	0.004687100791056764	0.013514075915141177	0.018836100331682246	0.0018370166018928558	0.001509590319998324
A[T>A]A	0.0002356633804732411	0.0019570377891068346	0.0016209571516083115	0.002499800278164912	0.005222000114486036	0.006649756019562005	0.001222369021766667	0.0008835462997990362
A[T>A]C	0.0005191524083086017	0.0013318690730375238	0.0009750847823488584	0.002533453439045843	0.005940842024779158	0.004893777289398713	0.004246073036673295	0.0007541282423092844
A[T>A]G	0.00025827733566529786	0.002929731836193241	0.0004852109942254046	0.0013144504153456181	0.007369794207352811	0.00596131935734661	0.0018200452947911882	0.0010846663804936442
A[T>A]T	0.0016770239880929693	0.005893732239783276	0.0019348492879851826	0.011149324146135769	0.007700177816515605	0.0063424116672925026	9.936538635663795e-05	0.005754707187879831
A[T>C]A	0.0003154885873209423	0.001529598838678794	0.00026615378272396126	0.0007550815586524429	0.009790583842259367	0.02085386901162565	0.0009103324317734263	0.002915802270144923
A[T>C]C	0.00018592665570849932	0.0005793633257388819	0.0007554816203628434	0.00021766577079631588	0.0033438923945749367	0.019550133386510425	0.00081177021170026	0.0075788299774285405
A[T>C]G	0.00032017079231187685	0.0022711947550124022	0.000996747612962281	0.002062993204272061	0.004769942397906561	0.03458887864369941	0.0025223101593650197	0.003924044417508412
A[T>C]T	0.0006019406489758694	0.003976222908677301	0.00012015971020453303	0.0010553078871438735	0.01201756131660659	0.024451191751286388	0.0033643683991370923	0.0024549164328345795
A[T>G]A	0.00015790948498619172	0.0009207153151692182	0.0003831435951470397	0.0007970048880329727	0.0025411474155131943	0.002732394297806806	0.0001520728814675465	0.0012634372313793563
A[T>G]C	0.00027409352828840385	0.0003154475174581606	0.0006876654772713664	0.0004340031906758668	0.002812075588596734	0.003034770850509858	0.001281004704460642	0.013080504955723882
A[T>G]G	0.0002528119819913854	0.0031695373172988183	0.000383951276580774	0.0013056508088993785	0.012838121982215399	0.005886731922801119	0.007728328448720277	0.003980204143153969
A[T>G]T	6.457096320673372e-06	0.0005448682264309923	0.0005522233933061216	0.0001654393775254448	0.0004402825459342985	0.001979529446266426	0.00016206735776385983	0.0370307052321732
C[C>A]A	0.000586641980409901	0.001970178661979105	0.00020551654204609805	0.0004666448931675404	0.0013281150230839245	0.0015786193030909602	0.16614468418061734	0.0034333754661793137
C[C>A]C	0.0008644334929340402	0.0008267112738758443	0.0006398117272328818	0.003806904213124653	0.007382917873399606	0.0036252916104422186	0.04440015284344554	0.001106680534867337
C[C>A]G	0.0006345016919658519	0.00014090853818365031	0.0008808517264139937	0.0007278011612106639	0.001239767792848534	0.0016302759904931463	0.04829535037279129	0.0011254487194929052
C[C>A]T	0.0009856098907169025	0.0002616057428531349	0.0016335041053162059	0.006157987019890925	0.0027016428015167546	0.0007690335076767952	0.08520222373306752	0.0019602952183120693
C[C>G]A	7.93600274846588e-05	0.0009227006066430477	0.00020899757924269124	0.00016304835718105234	0.009275697242537717	0.0013625543497391846	0.01509155118141905	0.0011823383724913583
C[C>G]C	0.0005429769651982497	0.0003615324085137672	0.001007718413384282	0.0018097035666141891	0.006888648927415488	0.0022393740733309643	0.015186934684759592	0.0005349339339284142
C[C>G]G	0.00012614656789082835	0.0017675367779156658	0.0014474036908723065	0.0011233393141565542	0.005232800871918925	0.00785101904592011	0.013457139175489487	0.0008003798502572579
C[C>G]T	0.0003005619250052405	0.0004773757029033732	0.0013212705755677235	0.0013778960455238243	0.010676974269445054	0.0017195735743030128	0.008771290273231713	0.0026259914399997795
C[C>T]A	0.06419754100963473	0.0709036698564887	0.096781922634691	0.04113412839229568	0.01415897313300845	0.013287402516663454	0.009605756534953684	0.00285779495520643
C[C>T]C	0.08324887644416927	0.09047410939820111	0.20722224080678642	0.03599243070810071	0.009357381722294065	0.007375031071432462	0.00023470769010245363	0.02069905785224705
C[C>T]G	0.022782674154170443	0.02018915267269052	0.0733831712603569	0.024931867911981275	0.0684895357489586	0.03264121248037554	0.02217334004095079	0.012627822809300256
C[C>T]T	0.07701667788438499	0.029713481341820516	0.16095767572522163	0.04083723018536214	0.011286268802804849	0.017788842274825266	0.008019417230216845	0.006185066806571413
C[T>A]A	0.0004140133141646807	0.0011947854757454479	0.0005137630905913725	0.0017566449608057155	0.003981008604586123	0.003809322558326952	0.0007862276282752845	0.003634407613426447
C[T>A]C	0.0013171360255364562	0.00042525020503431413	0.0006735098644312298	0.0066955946924281305	0.004778437369277526	0.004636614814394306	0.0012230194195818043	0.015624387972056866
C[T>A]G	0.0005513668266146547	0.0012826521827537362	0.00043459392871227466	0.0033040480704949002	0.009086295951201464	0.006425452510279683	0.006460238017220945	0.01581280884332955
C[T>A]T	0.001445531564354663	0.00081691692117607	0.001497361046539256	0.012139689202740556	0.005292273420454094	0.00415839500946845	0.0003447569366057834	0.02041825114749372
C[T>C]A	0.0006244945701837423	0.002066678035625955	0.0002455539957818154	0.0008869786961111817	0.004340891009928356	0.021628627130412498	0.001824728860667051	0.02042895064689219
C[T>C]C	0.00023471123610487306	0.0013833438336298797	5.156031984370202e-05	0.0002793938431204879	0.0045388766671294435	0.023391507335472853	0.0017105663367964396	0.05941225532442331
C[T>C]G	0.00042582481042700236	0.000891574458219111	0.00033900005646728457	0.0007461807547406352	0.005257919268731826	0.028195921182632446	0.005076135342850525	0.06176788154989481
C[T>C]T	0.002526565268417471	0.004516809603373985	0.0022447705479862632	0.012025094195560087	0.006054550225291848	0.026950476758065632	0.0009214665676908851	0.0630709720402956
C[T>G]A	6.498726894619721e-05	0.00021419405134338377	7.58807185566468e-05	0.00019298206803796346	0.0010702634238269936	0.0017142849157016826	0.0021021142529840373	0.007409110872540623
C[T>G]C	0.00037982330284648926	0.0006332725636821124	0.0013603723077540053	0.0024561415885318637	0.0028006740035500855	0.0019732605978487073	0.00016881924447865516	0.026047473456710577
C[T>G]G	0.0004016759473597631	0.0027686031117264065	0.0003362565729622702	0.0020063701467370266	0.012874781412601805	0.006117666189966258	0.0009271765367524409	0.024357026172801853
C[T>G]T	5.256830633237897e-08	1.2694153959103005e-08	1.544088898253193e-07	3.17818043405619e-07	2.1285069273346835e-07	6.969096638442807e-08	0.0003019465487113848	0.1719670832157135
G[C>A]A	6.425956554267032e-05	0.0008419396694080205	0.0005815741164941279	0.00022105523878053644	0.0080761489275028	0.0010206386422214565	0.014118774177040905	0.0017633565491632908
G[C>A]C	0.00036831840023296533	0.00043513381388038397	0.0005391280760159134	0.0007701050257605857	0.007147540353525983	0.007326512752333656	0.004192940887798003	0.00046281990542141216
G[C>A]G	0.00010235662618129027	0.00017675185977452656	4.6445220959867584e-05	0.0004288063795239339	0.0017229779121500145	0.0003384261655873999	0.006870625623378146	4.785675855600857e-09
G[C>A]T	0.000206009511684897	0.0002547938554562279	0.00043228208036452995	0.0007295810775394784	0.0039661802094627776	0.0025842582991663222	0.010975581377279013	0.000593312724649877
G[C>G]A	4.545014205660891e-05	0.0006320609959452917	8.21915822733743e-05	0.0002583005113700665	0.003792501021154635	0.0018257237658359316	0.003494147709990756	0.00036815554610242885
G[C>G]C	0.00018850010473059342	0.0010054454689817631	0.0007702534433883557	0.0003869420009443083	0.01068069601256866	0.0021084107014050345	0.003980960067679717	0.0007900545125454528
G[C>G]G	7.502119714956734e-05	0.0009522429066237236	0.0003129699724206603	0.000407623726658846	0.004166905513993697	0.002403440309478029	0.0029720218601933367	5.537634759633647e-09
G[C>G]T	0.00019812531315778869	0.0002075250094549119	0.0002612971935916164	0.0007679581250357615	0.005564342047437094	0.005507769101241138	0.0015591538363602454	0.0003097073123680261
G[C>T]A	0.0002578474213601442	0.0017801880241378714	0.0002439758653054014	0.0019329945513163692	0.016078084667591384	0.01151191235461738	0.0209105899540009	0.0032325219342601488
G[C>T]C	0.021115078902803362	0.028582154074683785	0.03856032958254218	0.006444355443969929	0.03143450830131769	0.007902677281235957	0.008545796852486092	0.0076087092274201495
G[C>T]G	0.00023253982340975198	0.0013851034929397094	0.00014118343853624586	0.0004664067019984941	0.03828591317725682	0.028373581056665754	0.10001905107870698	0.0014173878077508562
G[C>T]T	0.023226133654825388	0.004570636060720119	0.01399924704543082	0.005555626795394346	0.018360247595701366	0.005675110958140977	0.006662546328730628	0.009934367096284404
G[T>A]A	0.00045387562322503073	0.0010690531598811503	0.0002972754572328995	0.0013021724851091676	0.002886150863513208	0.004570950494405448	0.0008324820139097255	6.099977234441667e-09
G[T>A]C	0.0003814156577027461	0.0004183803030173294	0.0005530038601500565	0.0013097192964232817	0.00532419064315036	0.003510641271423083	0.0021706106069560604	0.004053511390520725
G[T>A]G	0.000305030885283486	0.0027598921302706	0.0015490247190609807	0.00039541965692478696	0.011605337429355132	0.013873020039412723	0.007662670824185511	0.0037818478170083838
G[T>A]T	0.0005472202133525883	0.0016238234760419345	0.000523238311334353	0.005112832970135059	0.0030805822450139433	0.0024991965892688485	0.00017439108743595	0.005497353184618987
G[T>C]A	0.0002478280941579671	0.0004830011466401629	4.5828338952560446e-05	0.00035200716902305596	0.004568350949881699	0.03612764638150111	0.00334951512005631	0.0056260554434265945
G[T>C]C	1.4341866517497691e-07	0.00020513755946012678	6.625737210327998e-05	2.6338573807151988e-05	0.0076140094364448175	0.029748028106987477	0.002293953938506377	0.01463030927348882
G[T>C]G	4.179252828173219e-05	0.0008033910823314727	2.425810271233786e-06	0.00012402508851465653	0.00283141520814965	0.03895688687916845	0.0017742287077389563	0.024774591755121946
G[T>C]T	0.0023671087134751207	0.022733609791612253	0.0004607144277406405	0.01214026365760219	0.012206575842762444	0.09586232154513709	0.0017926239075733007	0.012463510015822975
G[T>G]A	5.1542405967097696e-05	0.0003210579827787541	0.0001831731354266708	0.0011116748531082975	0.0023130525993688878	0.0035435814063708194	0.001094019358918672	0.0011572254543716553
G[T>G]C	9.077843802515417e-05	0.000781931776507463	0.0004916034476886466	0.0007412385416273537	0.003310496924010209	0.0018426562849886351	0.000828822504426654	0.00724169916473329
G[T>G]G	0.00032005445589943784	0.008303328290057834	0.00038687857988406904	0.0008485435579305545	0.018918410436017438	0.005196567983611544	0.0021591774511175287	0.010319661223329604
G[T>G]T	0.00036029364882978143	0.0019623187217484885	0.0001610114907964544	0.0009417836281619562	0.00510914011377892	0.002267266261559726	0.00021028644374552214	0.038866662085056305
T[C>A]A	0.0006661638778314227	0.0020894750179598987	0.0017367142308648909	0.0035226764212347916	0.012831967381141568	0.004571570506444686	0.02746861320454627	0.0006588279371827355
T[C>A]C	0.0009822907274611948	0.006139098975293109	0.002851547247119015	0.010559522620751523	0.021709054531529545	0.003352163035877913	0.02082051063887775	0.0006922405015659194
T[C>A]G	0.00031484780769460487	0.0008834667679911945	6.363317453178752e-05	0.0011976584456351701	0.0034570528449104645	0.003030985714055987	0.009339928017697048	0.00025647809846454097
T[C>A]T	0.001009569590245019	0.0014037223978084512	0.0012796326075476827	0.006171073467485257	0.006216520743037122	0.0016739746782695874	0.026814858857542277	0.001009808586204599
T[C>G]A	8.029454233933939e-05	0.0006687062621374907	0.0003219556761814601	0.0005331040314285929	0.015188326142160804	0.004353056410619729	0.010695820046377662	0.00041740773115716
T[C>G]C	0.000553656687370676	0.002089566897775512	0.0020784975276183105	0.003665066308021778	0.015783611872466283	0.009509631951805203	0.003776212715600806	0.0015378228151588758
T[C>G]G	0.00026972898840671764	0.001177915466032573	0.0005714509736998252	0.0008694914593297653	0.006909520586198141	0.001597126184513229	0.005077431396971121	0.00047957042747341915
T[C>G]T	0.0005852785107344971	0.0014123139696312138	0.0003147901701597406	0.002249719616447692	0.026541771175106987	0.005938165881198074	0.017429821388221287	0.0009890038064077089
T[C>T]A	0.14811080387793482	0.07296145963661757	0.00883596370934941	0.1224357879254967	0.02613613807460979	0.010464596760747326	0.0018530514453416913	0.008291927664164972
T[C>T]C	0.23815590485450686	0.37496824011206625	0.13096752706242273	0.2894258939395695	0.012284738280595628	0.0171758401995856	0.0014056669802212695	0.015302934034369577
T[C>T]G	0.1734561612457037	0.06824838092505685	0.043809522545796294	0.08055420738143106	0.06601246754121803	0.05330913216555871	0.01427791790148717	0.0021139065910122648
T[C>T]T	0.08100290443748236	0.04502439148293297	0.11019729986786843	0.0683143992163241	0.029679851139120778	0.014410495901212421	0.005858698438408396	0.023747499746375102
T[T>A]A	0.0004972872486541746	0.0017349730465502943	0.0014567678193634491	0.006017254833132028	0.004385595425377655	0.007737544355043155	0.0011397816326326193	0.000126436842579115
T[T>A]C	0.0012057590068968694	0.0014074441604326829	0.0015866108891464147	0.01243108880953514	0.004993031344157117	0.0012617915891981425	0.0006990749618768887	0.001487164305508486
T[T>A]G	0.0007018001124963291	0.0018984659869668407	0.0005528064891768764	0.00461809159400218	0.00704534200602211	0.0020966744458087304	0.0021299335119687422	0.0012625537446173496
T[T>A]T	0.0029878628208615332	0.0017077842684151533	0.003736139027611436	0.039241199323893736	0.007251945765513527	0.0011504441362793472	6.459271342151851e-07	0.0061809029269069525
T[T>C]A	0.0009752700550984628	0.005437365616671741	0.0009869305269421603	0.0069662836090356	0.0032984988564214936	0.02409857331193052	0.0007755203462063065	0.002412027097495297
T[T>C]C	0.000815553148090089	0.0025829880046876496	0.0012795709836063906	0.008600532104537706	0.009437313268183516	0.017330055041238666	0.002685842364857507	0.015502823437564074
T[T>C]G	0.0009869238619580841	0.004353532521199668	0.0010781734420216003	0.0060188539155205945	0.010726610014680773	0.015167824369855224	0.0025256017606653815	0.006689496642211452
T[T>C]T	0.0015013303708838067	0.0019545221999578643	0.002491018014588917	0.014574605879897718	0.0070900437088079115	0.010724712524097412	0.004294663895693987	0.006885388349182904
T[T>G]A	0.00020628067004508922	0.001077354658426728	0.0004993717649591645	0.002387797873961972	0.005081415156600286	0.0008315539631164625	0.0005455213321715746	0.0015599733327294986
T[T>G]C	0.00039857674782979303	0.0010161283364877249	0.0014441477943023528	0.006054722666995076	0.001972139385042579	0.0028901114366205447	0.0014709994361317058	0.01713332435116172
T[T>G]G	0.00011118959843770427	0.0016354451399456622	0.0010487506646761346	0.0015542095570890524	0.00814652396140474	0.0030466814282631384	0.0006716087342285348	0.008100534919649363
T[T>G]T	0.0006524559966118648	0.0003950443322241898	0.0007199289731461534	0.007781825324586436	0.0011984075447880472	0.0002013027581513427	2.329718750461618e-05	0.0831550258770585
