MutationType	DBS78A	DBS78B	DBS78C	DBS78D	DBS78E
AC>CA	4.72E-04	7.92E-04	5.56E-04	9.80E-04	1.40E-03
AC>CG	6.17E-08	6.15E-04	6.08E-04	1.33E-04	2.17E-04
AC>CT	3.97E-04	2.77E-04	9.79E-04	8.24E-04	1.09E-03
AC>GA	1.25E-03	8.72E-05	1.35E-03	1.63E-03	1.49E-03
AC>GG	1.27E-04	1.81E-04	5.30E-04	8.04E-04	9.82E-04
AC>GT	1.78E-04	2.09E-04	2.98E-04	5.29E-04	5.14E-04
AC>TA	7.14E-04	3.39E-04	1.80E-03	1.73E-03	2.33E-03
AC>TG	5.95E-04	5.50E-08	1.23E-04	6.87E-04	6.26E-04
AC>TT	2.34E-04	9.42E-04	1.05E-03	7.69E-04	1.42E-03
AT>CA	2.42E-04	3.38E-04	9.29E-04	1.14E-03	1.16E-03
AT>CC	4.99E-08	5.15E-08	9.65E-08	1.80E-07	1.74E-07
AT>CG	4.99E-08	5.15E-08	9.65E-08	1.80E-07	1.74E-07
AT>GA	5.32E-04	3.57E-04	4.28E-04	1.03E-03	1.14E-03
AT>GC	4.99E-08	5.15E-08	9.65E-08	1.80E-07	1.74E-07
AT>TA	5.77E-04	5.34E-08	6.30E-04	8.24E-04	3.75E-04
CC>AA	5.51E-03	1.46E-03	5.95E-03	8.33E-03	4.39E-03
CC>AG	2.28E-03	9.32E-04	2.42E-03	2.31E-03	3.90E-03
CC>AT	3.46E-03	1.84E-03	1.85E-03	3.69E-03	3.21E-03
CC>GA	1.85E-03	1.79E-07	2.22E-03	2.31E-03	2.33E-03
CC>GG	2.61E-04	5.25E-08	7.45E-04	3.96E-04	6.45E-04
CC>GT	7.21E-04	2.64E-03	1.88E-03	2.63E-03	4.48E-03
CC>TA	1.36E-03	1.81E-03	2.79E-04	1.29E-03	1.32E-03
CC>TG	4.13E-04	7.30E-04	7.95E-04	5.75E-04	3.80E-04
CC>TT	2.85E-03	3.96E-03	1.42E-03	3.17E-03	3.27E-03
CG>AT	1.99E-04	5.99E-08	2.72E-04	4.29E-04	1.97E-04
CG>GC	4.99E-08	5.15E-08	9.65E-08	1.80E-07	1.74E-07
CG>GT	4.03E-04	1.76E-04	4.79E-04	6.66E-04	1.03E-03
CG>TA	3.90E-04	8.03E-04	1.02E-03	1.77E-03	2.05E-03
CG>TC	4.99E-08	5.15E-08	9.65E-08	1.80E-07	1.74E-07
CG>TT	4.99E-08	5.15E-08	9.65E-08	1.80E-07	1.74E-07
CT>AA	1.90E-03	9.88E-04	1.32E-03	3.00E-03	2.44E-03
CT>AC	6.46E-04	6.67E-08	3.24E-04	5.42E-04	3.15E-04
CT>AG	1.15E-03	5.10E-04	2.21E-03	2.25E-03	3.07E-03
CT>GA	4.99E-04	4.86E-08	1.32E-03	9.59E-04	7.39E-04
CT>GC	2.77E-04	1.02E-03	6.93E-04	3.71E-04	9.52E-04
CT>GG	4.64E-04	7.14E-04	8.98E-04	5.06E-04	7.30E-04
CT>TA	1.08E-03	2.47E-03	1.59E-03	1.92E-03	1.88E-03
CT>TC	7.57E-04	9.62E-04	1.01E-03	1.21E-03	1.55E-03
CT>TG	4.20E-04	6.36E-04	1.82E-03	2.61E-03	2.00E-03
GC>AA	2.93E-03	1.48E-03	3.53E-03	4.77E-03	2.75E-03
GC>AG	2.13E-03	1.42E-03	1.05E-03	2.46E-03	2.96E-03
GC>AT	1.27E-03	1.24E-04	1.32E-03	1.26E-03	2.99E-03
GC>CA	2.09E-04	9.95E-04	1.71E-03	1.44E-03	1.57E-03
GC>CG	4.99E-08	5.15E-08	9.65E-08	1.80E-07	1.74E-07
GC>TA	5.20E-04	3.65E-04	7.83E-04	7.85E-04	7.23E-04
TA>AT	9.59E-04	6.71E-04	1.18E-03	1.65E-03	1.83E-03
TA>CG	9.20E-05	7.23E-05	8.20E-04	7.28E-04	1.03E-03
TA>CT	4.51E-04	8.44E-04	2.34E-03	1.69E-03	2.90E-03
TA>GC	4.99E-08	5.15E-08	9.65E-08	1.80E-07	1.74E-07
TA>GG	1.19E-04	1.38E-04	5.56E-04	7.67E-04	7.63E-04
TA>GT	1.08E-03	4.97E-04	3.86E-04	1.33E-03	1.26E-03
TC>AA	3.30E-03	1.15E-03	5.73E-03	5.24E-03	5.50E-03
TC>AG	1.23E-03	2.42E-03	1.35E-03	2.03E-03	2.80E-03
TC>AT	2.03E-03	4.09E-03	2.72E-03	3.35E-03	4.74E-03
TC>CA	2.04E-03	6.64E-04	3.24E-03	3.18E-03	1.97E-03
TC>CG	6.27E-04	5.73E-04	1.31E-03	9.85E-04	6.39E-04
TC>CT	1.46E-03	1.34E-03	1.11E-03	1.59E-03	1.11E-03
TC>GA	1.82E-03	3.73E-04	1.48E-03	2.97E-03	2.81E-03
TC>GG	3.97E-04	6.08E-04	6.53E-04	4.92E-04	5.28E-04
TC>GT	5.35E-04	1.16E-03	1.15E-03	2.53E-03	1.79E-03
TG>AA	7.19E-04	5.05E-08	1.14E-03	6.97E-04	8.23E-04
TG>AC	4.30E-04	7.96E-08	8.23E-05	4.10E-04	2.28E-04
TG>AT	1.39E-03	1.37E-04	2.49E-03	2.03E-03	2.51E-03
TG>CA	1.64E-03	9.62E-04	2.07E-03	3.56E-03	2.87E-03
TG>CC	6.36E-04	9.51E-04	1.11E-03	1.78E-03	2.49E-03
TG>CT	2.53E-03	1.51E-04	3.53E-03	4.16E-03	5.30E-03
TG>GA	5.93E-08	2.71E-04	7.56E-04	6.34E-04	8.66E-04
TG>GC	2.82E-04	3.09E-04	9.92E-04	5.23E-04	9.92E-04
TG>GT	4.49E-04	1.23E-03	1.31E-03	1.24E-03	1.77E-03
TT>AA	4.25E-04	1.04E-03	2.67E-03	1.50E-03	2.06E-03
TT>AC	1.10E-04	5.79E-08	7.32E-04	1.48E-04	2.96E-04
TT>AG	3.54E-04	4.13E-04	1.10E-03	1.26E-03	1.96E-03
TT>CA	6.13E-08	5.82E-04	9.43E-08	1.66E-07	1.70E-07
TT>CC	3.88E-04	6.45E-04	1.87E-04	2.96E-04	3.80E-04
TT>CG	2.42E-04	4.01E-04	5.79E-04	9.18E-04	1.13E-03
TT>GA	4.99E-08	5.15E-08	9.65E-08	1.80E-07	1.74E-07
TT>GC	1.29E-04	5.07E-04	7.08E-04	3.83E-04	1.28E-03
TT>GG	3.08E-04	5.62E-08	6.68E-05	4.27E-04	2.82E-04
