MutationType	SBS96A	SBS96B	SBS96C	SBS96D	SBS96E	SBS96F	SBS96G	SBS96H
A[C>A]A	0.0011614270124943005	0.00040210482023425695	0.0007541061279077077	0.005576074672275042	0.010243542126118398	0.00010961717757538736	0.02677689822279433	0.02407216073881486
A[C>A]C	0.0008990658126049383	0.0006682792005699412	0.0024607581701843627	0.010326301725977382	0.020020360336029448	0.0008636091204667196	0.025346958839773493	0.027407132918479817
A[C>A]G	0.0005699329984673795	3.9149303906356183e-05	0.001029279688530309	0.0038740475216718553	0.008617392960677676	0.0009869869056018388	0.007354486978933892	0.005109758980669881
A[C>A]T	3.736867504068542e-05	9.663586427848258e-06	0.0014916910620345902	0.0024941886597065377	0.008143466151426536	0.0026891879781260285	0.018112164342255283	0.013725048573216724
A[C>G]A	0.003117187037785243	0.00038574767209588386	1.1739098531183267e-05	0.002083988651293254	0.03160202577182233	2.8869553815447092e-05	0.006589841287315323	0.0031007443989605576
A[C>G]C	0.001214460550108936	0.0010478561555915496	0.00024835622793676704	0.003245144861929107	0.020795045587565824	0.0006196255782836603	0.011168990106299504	0.0060680422708722405
A[C>G]G	0.0011983746082890434	6.404727312201431e-05	7.848601395334498e-05	0.00062483124140428	0.021249141943935682	0.0005492714861041392	0.00479582501711624	0.0014345550215860924
A[C>G]T	0.004376728533243295	0.0002631849974704892	6.010334688575369e-05	0.0018610809596066957	0.030765684532707383	0.0009124840966518378	0.0076549817156418955	0.001801352689761927
A[C>T]A	0.000978041068430126	0.004866413648414891	0.027755822848994284	0.015164737764635014	0.02138902758946642	0.004454335382648465	0.006420033673201081	0.013729991031509315
A[C>T]C	7.499228856431727e-05	0.0009974494508333009	0.013195256219478323	0.012634614096203905	0.012650196085419708	0.010348289681858773	0.014618187767798645	0.02346467858593314
A[C>T]G	0.002772426675353472	0.0010430618552036111	0.22067850824445487	0.041820120384091976	0.0051309900713738445	0.01893713530705327	0.011020295006549137	0.052407984900464735
A[C>T]T	0.00038626679739351744	0.0014715120056644083	0.006770207249728628	0.01683859087437895	0.015121232108715504	0.007337559713404289	0.012344144672730407	0.012949039713739695
A[T>A]A	0.00017292387881115637	1.7933698552710098e-05	0.0003685900768182648	0.0036112025326698128	0.004457301730248986	0.0036763157214375576	0.004637098814210603	0.009466194403429232
A[T>A]C	0.00018564362187570405	0.00011671469042404681	0.005354909110778862	0.010405929886690996	0.005687631447292531	0.0022532934162371988	0.006954878061989902	0.011805601727886455
A[T>A]G	0.0001188299793643921	0.00044485093706498447	0.0015959579131924783	0.007231321342144596	0.0038942313094060665	0.0012068405703257667	0.005274696008601616	0.0246515087262847
A[T>A]T	0.0004239857546153303	7.53482641205494e-05	0.0010714343306091223	0.004409638382216769	0.002589502171200593	0.012590568359009922	0.0052994216316322	0.010771130340535428
A[T>C]A	0.0003216494199646291	2.8586844186184736e-05	0.004499578286263386	0.008540239966261893	0.00508193500248808	0.029907753113657235	0.006105596993638298	0.02443872474504012
A[T>C]C	0.0007957969779999985	0.00011026701948139816	0.0011461609609521861	0.0021848299930147166	0.009654776516606489	0.02324890164891258	0.005485235252200198	0.009624537782716231
A[T>C]G	4.8711758244834984e-05	7.268997040557501e-05	0.007774286008948437	0.013508773405332021	0.004643275444986581	0.051924059465527535	0.0030361686386817044	0.026271146380187814
A[T>C]T	0.0005835526379760836	0.00015394038413759858	0.008093648318693613	0.01197821240027423	0.005152756790413782	0.007518316306632186	0.004534084883917231	0.042574030298546006
A[T>G]A	0.0004137845291987397	3.991074101698189e-05	0.00032649587092734576	0.001354021967053356	0.002394300865701524	0.0002876038129677738	0.006530119205587539	0.004580707883238091
A[T>G]C	0.00031784136166679744	2.6415830954293896e-05	0.0005638248807209461	0.0019508617880219425	0.0044308755913911564	0.0009653520406864994	0.002425856071465944	0.0046696034206657085
A[T>G]G	0.00022229650164156566	7.843303150662173e-05	0.00027628409178106497	0.0011310959364730167	0.010185051146854675	0.00038004976805098065	0.006656525846091199	0.0016534428935403866
A[T>G]T	0.00027355080994773573	0.00010804196688017242	0.00031396209959410725	0.002420158289407302	0.002740640029563437	0.0017436621545425623	0.005283368387246723	0.005608975495039772
C[C>A]A	0.0013068041683277454	0.0005578461474669893	0.0003627790264793873	0.003567730340011792	0.02647741796957476	0.007403505357181075	0.026117860301361588	0.008544803371245848
C[C>A]C	0.0009245886286668037	0.00014753236095828016	0.0032730001253482043	0.001864462563755751	0.020328344573197227	0.01673314566112822	0.02164679910917414	0.007350938388600597
C[C>A]G	0.0008320895203524259	0.0001823160220166642	0.002435944003414896	0.0010998830828768292	0.013079737134992228	0.004251834310125559	0.006597847149979543	0.005161560270332068
C[C>A]T	0.0011113488941555262	0.00026654904031374826	0.005408025694087258	0.0030103343423996875	0.0051484061389088995	0.048405621844888176	0.010597701682970069	0.0054462393149940945
C[C>G]A	0.0069757376038069195	0.00044735228721037856	3.49680603284952e-05	0.003741018277632126	0.022981661253442667	0.00017667529993701693	0.009679550485317207	0.0037355137847613663
C[C>G]C	0.0008169776534907669	0.0005645156962478382	9.111822547907877e-05	0.00353929853295071	0.02997544899000715	7.365042485218965e-08	0.005923524461379515	0.004884712474202935
C[C>G]G	0.0002849091349045363	2.935662372628257e-05	0.0029391844342833194	0.003806845002013315	0.02459262912154003	3.806135369906372e-05	0.004242865445352919	0.00657086110668601
C[C>G]T	0.0059014962157380065	0.0009136117517798271	0.00010965601425951377	0.0033486532738573518	0.04666996884008313	0.00027107463924885166	0.005093409569412728	0.003690919829949877
C[C>T]A	0.007124551284277234	0.01398078595835492	0.017821189476429283	0.04347190750762699	0.0132487731701589	0.0009777868114257129	0.0175437082841961	0.024179430708754807
C[C>T]C	0.001126316668812774	0.002779759028167075	0.014538859294748675	0.015833699629221768	0.011199212900258288	0.004596119788105142	0.013621872694958768	0.04227984939973794
C[C>T]G	0.0019708472560375865	0.0076848500777680325	0.198047257992273	0.043493327088863006	0.006800685059703455	0.009645682036344852	0.011339192885332961	0.040527107658845145
C[C>T]T	0.0018722353508152023	0.006033530137464462	0.014767075366398786	0.02500877248356119	0.023613946589791796	0.003961475773598977	0.023471675577212636	0.027743850628244218
C[T>A]A	0.0007946966570225201	0.00012233069822922715	1.3518920491826237e-05	0.0007611925421360865	0.0053599414087170776	0.003107695621147286	0.004160283090954096	0.0022047666152538526
C[T>A]C	0.000761948479992256	0.00011240774259874798	0.00023581537148402277	0.003067336583543785	0.016273339974024453	0.00378750960661705	0.007854512489572798	0.006358478843683884
C[T>A]G	0.0010165296279228643	0.00023128078726395273	0.0018263326648019528	0.004407288042537161	0.018777963177790867	0.0029017246201692615	0.008023604187561375	0.015839751661450522
C[T>A]T	0.0007599222703358121	9.254930285312212e-05	0.0004957124350106312	0.0015058624940898647	0.016686965248939884	0.0015940743448652483	0.009784836336800424	0.004610138161380348
C[T>C]A	0.0003036765819045328	1.2416341085579319e-05	7.905033664492577e-05	8.772320598211536e-06	0.0017830500522753568	0.030347599564120174	0.001000123592474438	0.0013335051925918151
C[T>C]C	0.0007706341486755264	0.00028373131284130436	0.0003266085372438221	0.0027055919018653873	0.010126151658513436	0.027392267435789108	0.010044705580648952	0.008376297519191738
C[T>C]G	4.3133924723370856e-05	7.018377390366481e-08	0.0004026205301462671	0.0001037599499727726	0.0015314044693869279	0.09365731000900268	5.130965547742506e-05	0.0004427226273727314
C[T>C]T	0.0011477104082587176	0.00019819414461620582	0.0031762760387425717	0.004175196568686488	0.010535008742513128	0.02769049790687859	0.00706626992500901	0.008461783568492365
C[T>G]A	7.695110343523881e-05	2.646724141126544e-06	0.00013701632603135394	0.001416745851126251	0.003989164466995838	1.7754042193836027e-05	0.003057123344032675	0.00360371086359784
C[T>G]C	0.0002495886551514559	0.00014069589645231416	0.0011116815080538345	0.004222322674728503	0.0052991555936139885	0.008586359500186517	0.004097419510794395	0.005844488103775092
C[T>G]G	0.0005391426506187714	3.0155359098671395e-10	3.9071783989399475e-05	0.0009441160166063216	0.01746535612980665	0.0100489017739892	0.008163189590413822	0.0023720814451770166
C[T>G]T	0.001212321800335765	6.242686887844684e-05	0.0003759939860117356	0.0024182557251856453	0.012522253158375492	0.01004597355844453	0.010390067591336276	0.00997926357884637
G[C>A]A	0.0002606523622696422	0.00015220185182236888	0.0008907659506043153	0.00932134787293208	0.013570909592077882	3.089177662712217e-05	0.028263320269146575	0.02535911842281408
G[C>A]C	0.0009455609250846919	7.308276602998376e-05	0.0018933295309966525	0.0034106882101692547	0.018486675546032103	0.0022635005310530686	0.02667885933410446	0.01579264957031377
G[C>A]G	4.821464560631483e-06	0.00015844222238671436	0.0033885267094491667	0.006955667739733826	0.001235264527657023	0.0002111998725646913	0.009231967365147682	0.009946614760087513
G[C>A]T	0.0006445991882085522	0.00011953304973834584	0.0016807308244204933	0.002455511924767109	0.012592506846370376	0.0035160585189217388	0.03340841160659067	0.007477056937505881
G[C>G]A	0.0014489885565461692	0.00039525351227691385	3.608388362764003e-05	0.0015944612830978144	0.0185560800123929	0.00041639921136766845	0.005783890179108155	0.004648774912561322
G[C>G]C	0.0013726608883462177	0.00028871858187317164	0.0010359777434881695	0.0029581848098462226	0.01823478081820724	0.004377335152530577	0.012309645918219871	0.0037804334487186965
G[C>G]G	0.0007442936066932021	0.0002167629855330233	9.90347637666833e-05	0.0010662527787364696	0.010730542681887912	0.00010057608492537895	0.003732376372397823	0.0024907178538933292
G[C>G]T	0.0017096306006506269	0.0014338774122172994	0.0005752993560568598	0.0033843833769605426	0.03131205763065964	0.0006075994269322394	0.008977676049257645	0.0018480137019211184
G[C>T]A	0.00796529274775537	0.002470607200593804	0.02005437252285901	0.02023896472567685	0.009179230381421917	0.030666721685593076	0.010758147162640976	0.022785774960648278
G[C>T]C	0.001955943731759362	0.003295795444463607	0.03344352649371785	0.018231956130160612	0.006023898408064099	0.04551065676592316	0.009625043651606689	0.02485641643915869
G[C>T]G	0.0021193463411619913	0.0013180676012335911	0.2171709544305935	0.039860631033753355	0.0031235881058707094	0.041712064075778696	0.013629978812980425	0.02039139311283317
G[C>T]T	0.0011045222711721621	0.0025969653567472053	0.026223621034555434	0.013093665805558884	0.009736046988500533	0.033994551388100834	0.01027519095055261	0.01251337122530392
G[T>A]A	0.0002845195722193507	0.00035127624781914333	0.00018859289316864648	0.001386535349909808	0.004266055609553518	0.002945857803570107	0.004083301495430108	0.0020121353050835465
G[T>A]C	0.0005322353237943389	0.0006367192748075467	0.0006833670379231371	0.002903922164983328	0.007830799870733927	0.003688668586771655	0.005620209679709092	0.006013773335130281
G[T>A]G	0.0003135522169628757	2.8737027977570052e-05	4.743603508304162e-05	0.0010163453748407393	0.011459726960212038	0.0027941706217529828	0.007320682678776827	0.006047874171827985
G[T>A]T	0.00033167810494367345	1.2631158445941537e-06	0.0005444969367905373	0.0012344456275072873	0.0072371607516862465	0.0019851276804183724	0.006552661938794415	0.005955131134484262
G[T>C]A	7.057078331336614e-05	5.2226485940662646e-05	0.00020684856295659414	7.671780793714333e-06	3.764908784376075e-07	0.0788073053183689	8.526655947903806e-05	0.0015896190783878693
G[T>C]C	8.531100200670494e-05	6.715874436576286e-05	0.000507863770775572	0.0016586329665797218	0.00443082682405322	0.030480486545711755	0.006267795444190369	0.006450179286997013
G[T>C]G	0.00012883999280411952	1.0993572505502147e-05	0.0002134876122067908	1.0416315031172019e-05	0.0001961494182183543	0.06597506005316972	0.00014781573158316707	2.7718889675583114e-05
G[T>C]T	1.7719757928489343e-05	0.00016578140451976254	0.001975881299950686	0.004664116377366516	0.0021591628282926225	0.05024326302939926	0.0054926459316232724	0.006632849605329625
G[T>G]A	0.0003136614473771715	2.70239495421265e-06	0.00014044714061306696	0.0008131692424696268	0.004890103970304835	0.0005124357296343085	0.0033846956318224386	0.002389745595622372
G[T>G]C	0.00023086620283201852	7.655189619981684e-06	0.0011855070518404175	0.002021381790588439	0.004124268608044588	0.0012221088420570326	0.0046997099244342165	0.002993347085427196
G[T>G]G	0.00015984811356317037	1.4159254618562044e-06	6.087111676077228e-05	0.001053905475418695	0.015081158074999195	0.002298377902741322	0.003964433390352014	0.0038492968431852502
G[T>G]T	0.0003191133023763726	9.51887946243346e-10	0.0005892402135236807	0.0017489394877955179	0.004511169527039771	0.003725287895067595	0.0047596789729571045	0.004575723904374342
T[C>A]A	0.047519612039939714	0.012291790707045731	0.000689067431705368	0.011415725787259657	0.004038938570896783	0.00010076714926569252	0.042683665840011716	0.009446957185221833
T[C>A]C	0.019938944720316813	0.006795653418037111	0.003166660893030624	0.020874037751927973	0.015846032536945814	0.0018678513667691732	0.03414953500205811	0.02548875882892503
T[C>A]G	0.002195201450478379	0.00674175766717525	0.0012381938980939112	0.011671656782510951	0.0016592389845875744	2.2697500873505306e-05	0.013670747733423881	0.006448594473949143
T[C>A]T	0.017581989710020177	0.007204642255764639	0.0014440700402153083	0.013100267495166377	0.008615162597650113	0.003160559207285587	0.06969277113210409	0.005504102489588974
T[C>G]A	0.27075410624229335	0.01108821816989888	4.730762181148762e-07	0.011166718546843257	0.00046423615772305915	2.5012443202427903e-05	0.008057857364878273	1.732539555817498e-06
T[C>G]C	0.08915849799324178	0.003737356801699718	2.1330492865772043e-05	0.005361935596397202	0.01756140289172038	3.3893273729006525e-05	0.028612804069726962	0.004241090992230241
T[C>G]G	0.028659244999289513	0.0019083426931260825	0.00013435726756615195	0.0033586879322322007	0.010149842390963783	0.00028010299329532046	0.003876944097435313	0.001342853815879721
T[C>G]T	0.3667625184357166	0.007022221684445568	3.890440318627952e-05	0.004556558374722209	0.001086662148709867	0.0007361040606306802	0.008149158579840545	0.00022880643972659532
T[C>T]A	0.05789179495108129	0.47061330169439314	0.00010093761145704149	0.008393991752445764	3.238697355190112e-07	0.0013451611961454546	0.0002075828814486158	8.836196479933278e-07
T[C>T]C	0.008241214851806926	0.10036401621286599	0.009978988208726279	0.105769628276812	0.01118594468947549	0.00016316847541603978	0.028240254432502682	0.024920241941603513
T[C>T]G	0.002536253545533782	0.10137120399129117	0.08079089798904959	0.16349789523120306	0.0013959966157467817	0.0032173027560719446	0.005278438188150436	0.018164736857283755
T[C>T]T	0.003245115288097307	0.20841635177432294	0.0013647627953442233	0.10320592825332113	0.005817649037493453	7.779785802924428e-05	0.013228602789040547	0.005080001087343814
T[T>A]A	6.401916122648287e-05	7.920004942887359e-05	0.0013897591963945822	0.005746777829405972	0.002951859595546793	0.001146907686151053	0.0029048354739509108	0.012168698069868143
T[T>A]C	0.0008298135104040227	0.00011901111047336599	0.0008063486941716497	0.0036989498497288762	0.006155691069239708	0.001978865517678514	0.006570276907854406	0.006867173873947649
T[T>A]G	0.0003715121469744531	3.0371626863905376e-05	1.4885022565636062e-07	0.0008620029369468796	0.009105475375215236	0.002671271388235823	0.004038425050600738	0.0023094775366282504
T[T>A]T	0.0003327707826019122	7.0284499222417194e-06	0.00012793388890411706	0.0019288069902815153	0.009109722241529995	0.0014407558729001835	0.0056740007330963495	0.013044234481620615
T[T>C]A	0.00025064674906341013	8.980312648631638e-05	0.0018240565502476587	0.0019380392943764947	0.004113533577748712	0.015968834305804192	0.005356256019084071	0.007187085191008009
T[T>C]C	0.00035863503114001103	0.0002981093567294124	0.003940238614261346	0.004399282891147038	0.007628847149993305	0.02090565370861441	0.012093548241441567	0.006746235538761311
T[T>C]G	0.00036265537170919536	0.00025978690618831733	0.0018041644449705175	0.0022662299643041095	0.002227117474189626	0.021886439635418354	0.003678419935390826	0.0045645248975404226
T[T>C]T	0.00012165979515707192	7.095117630420589e-05	0.0018100583846526774	0.00414624998878594	0.004582345018935143	0.012084058555908541	0.007414631827584311	0.013875380741258141
T[T>G]A	0.00019571487805734479	1.1860883662890843e-05	6.476522210615344e-05	0.001417096282820509	0.0067478265097170005	7.238884691325609e-05	0.004533842306744731	0.0031655358746689897
T[T>G]C	0.00033128014600621486	0.00011961334830164817	0.0009437222250295108	0.00261212576260867	0.004185583957962144	0.0009173811553722544	0.006679774246830448	0.004780415523626829
T[T>G]G	0.00035970172451506944	0.00011956485583375934	0.00111628088064208	0.002114440813674321	0.006851875202545443	0.0012764720352674884	0.005266673835558322	0.005025146446309918
T[T>G]T	0.0002838760674090257	1.6253569624140596e-05	0.0003994162221333397	0.0026133928309272393	0.008443773046473098	0.0013564316900141194	0.010892239316785606	0.008040733686119666
