MutationType	SBS96A	SBS96B	SBS96C	SBS96D	SBS96E	SBS96F	SBS96G	SBS96H
A[C>A]A	9.21E-05	9.16E-05	2.43E-04	1.13E-03	1.20E-03	4.69E-05	2.20E-03	2.26E-03
A[C>A]C	6.05E-04	8.63E-05	3.78E-04	1.51E-03	1.86E-03	1.24E-04	2.81E-03	2.61E-03
A[C>A]G	3.58E-04	1.12E-05	1.73E-04	6.47E-04	7.53E-04	9.36E-05	9.35E-04	7.95E-04
A[C>A]T	1.13E-05	5.42E-06	2.49E-04	6.13E-04	1.10E-03	1.84E-04	1.65E-03	1.53E-03
A[C>G]A	5.73E-04	7.68E-05	1.06E-05	5.39E-04	1.43E-03	1.07E-05	1.23E-03	8.05E-04
A[C>G]C	1.35E-04	1.11E-04	6.77E-05	9.14E-04	1.28E-03	7.89E-05	1.19E-03	1.13E-03
A[C>G]G	3.92E-04	2.22E-05	3.40E-05	3.55E-04	9.96E-04	6.09E-05	7.73E-04	4.76E-04
A[C>G]T	5.18E-04	8.10E-05	3.13E-05	6.25E-04	1.40E-03	8.44E-05	1.23E-03	6.18E-04
A[C>T]A	3.52E-04	3.04E-04	1.17E-03	2.00E-03	1.24E-03	4.89E-04	1.03E-03	1.84E-03
A[C>T]C	2.95E-05	1.12E-04	9.18E-04	1.62E-03	1.61E-03	5.42E-04	1.70E-03	2.09E-03
A[C>T]G	3.56E-04	2.41E-04	5.28E-03	6.89E-03	1.14E-03	1.54E-03	1.93E-03	5.59E-03
A[C>T]T	1.69E-04	1.50E-04	7.29E-04	1.94E-03	1.49E-03	4.53E-04	1.45E-03	1.58E-03
A[T>A]A	4.89E-05	1.03E-05	1.23E-04	7.24E-04	5.86E-04	2.77E-04	7.02E-04	1.05E-03
A[T>A]C	1.04E-04	2.60E-05	5.26E-04	1.41E-03	6.51E-04	2.17E-04	9.79E-04	1.47E-03
A[T>A]G	8.64E-05	6.17E-05	4.49E-04	1.28E-03	7.27E-04	1.79E-04	9.08E-04	1.89E-03
A[T>A]T	3.73E-04	1.85E-05	2.43E-04	7.63E-04	4.77E-04	3.85E-04	7.70E-04	1.27E-03
A[T>C]A	1.32E-04	1.23E-05	6.27E-04	1.60E-03	8.92E-04	7.11E-04	1.14E-03	2.31E-03
A[T>C]C	1.67E-04	3.32E-05	2.63E-04	6.15E-04	8.38E-04	6.45E-04	7.66E-04	1.40E-03
A[T>C]G	1.58E-05	2.71E-05	9.86E-04	2.01E-03	7.04E-04	1.26E-03	8.30E-04	2.71E-03
A[T>C]T	1.46E-04	3.21E-05	1.03E-03	2.38E-03	9.07E-04	4.49E-04	9.65E-04	3.14E-03
A[T>G]A	2.42E-04	1.43E-05	8.11E-05	3.71E-04	3.76E-04	5.76E-05	6.34E-04	6.62E-04
A[T>G]C	1.06E-04	1.11E-05	1.08E-04	4.58E-04	4.29E-04	7.88E-05	3.77E-04	5.06E-04
A[T>G]G	1.22E-04	1.92E-05	7.13E-05	2.51E-04	6.19E-04	4.80E-05	6.67E-04	4.62E-04
A[T>G]T	2.01E-04	2.35E-05	9.59E-05	4.63E-04	4.23E-04	1.77E-04	5.68E-04	7.32E-04
C[C>A]A	2.33E-04	1.01E-04	1.47E-04	8.23E-04	1.89E-03	2.89E-04	2.17E-03	1.36E-03
C[C>A]C	2.03E-04	3.95E-05	6.51E-04	5.10E-04	1.29E-03	6.75E-04	1.88E-03	1.20E-03
C[C>A]G	3.46E-04	3.70E-05	3.03E-04	3.38E-04	9.02E-04	2.14E-04	8.76E-04	8.48E-04
C[C>A]T	8.47E-05	7.10E-05	1.20E-03	9.68E-04	6.71E-04	1.45E-03	1.24E-03	1.39E-03
C[C>G]A	7.30E-04	1.21E-04	1.71E-05	8.95E-04	1.34E-03	3.38E-05	1.44E-03	8.67E-04
C[C>G]C	3.21E-04	7.23E-05	5.44E-05	9.68E-04	1.60E-03	5.07E-08	1.35E-03	1.14E-03
C[C>G]G	2.63E-04	1.24E-05	2.93E-04	8.06E-04	1.35E-03	1.49E-05	1.03E-03	1.36E-03
C[C>G]T	9.08E-04	1.72E-04	4.48E-05	1.01E-03	1.81E-03	4.58E-05	1.20E-03	1.03E-03
C[C>T]A	7.27E-04	1.03E-03	1.18E-03	4.05E-03	1.48E-03	2.41E-04	2.73E-03	3.28E-03
C[C>T]C	1.70E-04	2.55E-04	1.22E-03	2.68E-03	1.36E-03	4.69E-04	1.98E-03	3.61E-03
C[C>T]G	5.51E-04	5.92E-04	5.44E-03	5.67E-03	1.08E-03	1.12E-03	2.06E-03	5.77E-03
C[C>T]T	4.28E-04	4.38E-04	1.03E-03	3.03E-03	1.65E-03	4.51E-04	2.18E-03	2.87E-03
C[T>A]A	3.15E-04	2.57E-05	1.23E-05	2.30E-04	4.89E-04	1.49E-04	5.14E-04	5.32E-04
C[T>A]C	3.75E-04	2.62E-05	1.04E-04	6.70E-04	1.15E-03	2.21E-04	1.13E-03	1.04E-03
C[T>A]G	7.12E-04	3.32E-05	2.82E-04	9.54E-04	1.38E-03	2.09E-04	1.31E-03	1.73E-03
C[T>A]T	4.17E-04	2.20E-05	1.36E-04	6.01E-04	1.25E-03	1.35E-04	1.41E-03	1.01E-03
C[T>C]A	2.10E-04	7.02E-06	5.53E-05	5.31E-06	3.24E-04	6.06E-04	2.33E-04	4.11E-04
C[T>C]C	5.63E-04	3.75E-05	1.33E-04	8.58E-04	1.07E-03	7.84E-04	1.26E-03	1.46E-03
C[T>C]G	1.71E-05	4.01E-08	3.18E-04	9.45E-05	3.72E-04	1.19E-03	4.61E-05	4.38E-04
C[T>C]T	4.33E-04	5.04E-05	4.42E-04	1.03E-03	1.08E-03	6.95E-04	1.10E-03	1.56E-03
C[T>G]A	4.17E-05	1.64E-06	5.05E-05	3.32E-04	4.04E-04	9.36E-06	4.18E-04	4.44E-04
C[T>G]C	5.16E-05	3.36E-05	2.11E-04	6.60E-04	5.00E-04	2.91E-04	6.20E-04	7.87E-04
C[T>G]G	3.93E-04	2.13E-10	3.21E-05	3.46E-04	1.02E-03	2.74E-04	9.95E-04	6.99E-04
C[T>G]T	6.27E-04	2.17E-05	1.56E-04	7.68E-04	1.11E-03	3.73E-04	1.24E-03	1.32E-03
G[C>A]A	4.56E-05	5.82E-05	2.72E-04	1.91E-03	1.98E-03	1.67E-05	2.94E-03	2.97E-03
G[C>A]C	1.43E-04	3.12E-05	2.77E-04	9.61E-04	1.68E-03	1.95E-04	2.13E-03	1.84E-03
G[C>A]G	3.94E-06	2.64E-05	4.30E-04	1.09E-03	2.60E-04	4.95E-05	1.07E-03	1.20E-03
G[C>A]T	1.76E-04	3.14E-05	3.04E-04	7.78E-04	1.69E-03	2.22E-04	2.47E-03	1.57E-03
G[C>G]A	1.53E-04	8.51E-05	1.93E-05	6.40E-04	1.01E-03	5.85E-05	9.53E-04	9.27E-04
G[C>G]C	3.32E-04	5.09E-05	2.37E-04	7.02E-04	1.01E-03	2.18E-04	1.28E-03	7.07E-04
G[C>G]G	2.04E-04	3.35E-05	3.13E-05	2.92E-04	6.24E-04	2.25E-05	5.66E-04	5.99E-04
G[C>G]T	6.37E-04	1.46E-04	1.12E-04	7.86E-04	1.60E-03	7.61E-05	1.56E-03	5.92E-04
G[C>T]A	4.18E-04	3.88E-04	1.97E-03	2.61E-03	1.03E-03	1.50E-03	1.67E-03	2.79E-03
G[C>T]C	2.44E-04	3.61E-04	3.27E-03	3.70E-03	1.02E-03	2.23E-03	1.67E-03	3.82E-03
G[C>T]G	2.44E-04	2.73E-04	4.14E-03	6.08E-03	7.46E-04	2.15E-03	2.23E-03	4.56E-03
G[C>T]T	1.70E-04	2.18E-04	2.32E-03	2.72E-03	1.01E-03	1.63E-03	1.74E-03	2.83E-03
G[T>A]A	1.41E-04	4.09E-05	5.26E-05	2.96E-04	3.80E-04	1.63E-04	4.51E-04	4.07E-04
G[T>A]C	2.08E-04	6.13E-05	1.63E-04	4.41E-04	6.80E-04	2.00E-04	7.99E-04	8.21E-04
G[T>A]G	2.21E-04	9.31E-06	3.39E-05	3.47E-04	9.09E-04	1.90E-04	9.70E-04	9.46E-04
G[T>A]T	2.09E-04	8.93E-07	1.22E-04	3.72E-04	6.47E-04	1.41E-04	7.33E-04	7.30E-04
G[T>C]A	1.63E-05	1.42E-05	1.38E-04	5.79E-06	9.81E-08	1.32E-03	8.42E-05	1.43E-03
G[T>C]C	3.44E-05	1.81E-05	2.39E-04	4.61E-04	6.17E-04	5.90E-04	7.13E-04	8.52E-04
G[T>C]G	2.12E-05	6.42E-06	1.31E-04	8.14E-06	1.91E-04	8.09E-04	1.21E-04	1.95E-05
G[T>C]T	1.75E-05	3.89E-05	5.92E-04	8.17E-04	5.51E-04	1.20E-03	8.35E-04	1.45E-03
G[T>G]A	1.52E-04	2.66E-06	3.56E-05	2.39E-04	3.97E-04	6.67E-05	4.76E-04	3.65E-04
G[T>G]C	1.40E-04	4.07E-06	1.58E-04	3.86E-04	4.55E-04	1.20E-04	5.57E-04	4.25E-04
G[T>G]G	1.07E-04	1.41E-06	3.92E-05	3.84E-04	8.23E-04	1.30E-04	8.09E-04	7.50E-04
G[T>G]T	2.15E-04	6.38E-10	1.31E-04	4.00E-04	5.41E-04	2.00E-04	6.94E-04	6.98E-04
T[C>A]A	2.03E-03	2.00E-03	2.02E-04	2.16E-03	1.23E-03	3.40E-05	4.33E-03	1.74E-03
T[C>A]C	9.68E-04	9.45E-04	4.49E-04	2.33E-03	1.71E-03	2.01E-04	3.12E-03	2.80E-03
T[C>A]G	3.40E-04	5.25E-04	2.62E-04	1.49E-03	3.77E-04	1.36E-05	1.62E-03	9.68E-04
T[C>A]T	9.94E-04	9.11E-04	3.49E-04	2.30E-03	1.49E-03	2.28E-04	4.15E-03	1.28E-03
T[C>G]A	7.75E-03	4.77E-03	7.80E-08	7.00E-03	2.35E-04	1.34E-05	5.69E-03	1.82E-07
T[C>G]C	2.70E-03	9.99E-04	2.12E-05	2.77E-03	1.58E-03	1.57E-05	5.81E-03	1.03E-03
T[C>G]G	8.73E-04	4.89E-04	5.20E-05	1.32E-03	6.99E-04	4.79E-05	8.09E-04	4.33E-04
T[C>G]T	8.63E-03	3.20E-03	2.70E-05	3.51E-03	5.22E-04	1.13E-04	5.16E-03	1.75E-04
T[C>T]A	7.11E-03	1.36E-02	1.00E-04	4.21E-03	5.43E-08	1.99E-04	2.07E-04	1.24E-07
T[C>T]C	1.61E-03	4.63E-03	1.19E-03	1.11E-02	1.52E-03	7.95E-05	4.32E-03	3.44E-03
T[C>T]G	1.01E-03	5.79E-03	4.73E-03	1.71E-02	5.42E-04	5.27E-04	1.31E-03	3.21E-03
T[C>T]T	1.56E-03	9.37E-03	5.25E-04	1.67E-02	1.23E-03	2.90E-05	2.44E-03	1.59E-03
T[T>A]A	1.35E-05	1.96E-05	3.37E-04	9.08E-04	5.91E-04	1.13E-04	6.38E-04	1.26E-03
T[T>A]C	3.61E-04	3.07E-05	1.55E-04	6.63E-04	7.03E-04	1.50E-04	7.87E-04	9.19E-04
T[T>A]G	2.41E-04	7.71E-06	1.11E-07	3.04E-04	5.82E-04	1.69E-04	5.80E-04	5.61E-04
T[T>A]T	1.67E-04	4.26E-06	7.74E-05	6.19E-04	8.88E-04	1.54E-04	8.53E-04	1.33E-03
T[T>C]A	5.96E-05	2.20E-05	3.58E-04	6.30E-04	5.52E-04	5.77E-04	6.92E-04	9.70E-04
T[T>C]C	1.66E-04	5.35E-05	5.02E-04	8.92E-04	8.60E-04	6.24E-04	1.21E-03	9.78E-04
T[T>C]G	8.25E-05	4.47E-05	4.55E-04	6.08E-04	3.99E-04	6.73E-04	5.24E-04	8.35E-04
T[T>C]T	5.91E-05	1.93E-05	4.14E-04	7.25E-04	5.60E-04	3.78E-04	9.38E-04	1.25E-03
T[T>G]A	4.79E-05	6.25E-06	3.46E-05	3.31E-04	5.24E-04	6.49E-05	5.92E-04	5.71E-04
T[T>G]C	6.42E-05	2.92E-05	1.57E-04	5.27E-04	5.63E-04	9.57E-05	7.30E-04	6.77E-04
T[T>G]G	8.45E-05	2.99E-05	1.59E-04	4.06E-04	5.89E-04	1.15E-04	6.60E-04	7.07E-04
T[T>G]T	1.27E-04	8.84E-06	1.32E-04	6.14E-04	9.02E-04	1.23E-04	1.12E-03	1.15E-03
