MutationType	SBS96A	SBS96B	SBS96C	SBS96D	SBS96E	SBS96F	SBS96G	SBS96H
A[C>A]A	0.00024959940968983575	0.03353684451431036	0.013319874977314612	0.000592309940366249	0.0012340190925169735	0.00042233479005972187	0.0002375074497421345	0.002293193765617616
A[C>A]C	0.00016359333913983253	0.03362693652510643	0.012817246611415816	0.0014956807502312585	0.0014061417637276463	0.0008724557722962345	0.0011444284577737563	0.0020635656052763805
A[C>A]G	1.8828018329600794e-05	0.025305217150598764	0.00203368612157766	1.719352783298156e-06	4.644101042049376e-05	0.0001874922268341339	4.18480750898109e-05	0.00030017985162480445
A[C>A]T	0.0001211647927311054	0.021795345656573772	0.005465374085877588	0.0021974500932265073	0.00013063945210429752	0.0003693365446295749	0.0022620836631190855	0.0019209554068947909
A[C>G]A	5.247465697721054e-05	0.007995988242328167	0.011292005760478787	0.0004404319860623218	0.0026880937116220594	0.0012155664148860979	1.1072647564387417e-05	0.0014469048473984003
A[C>G]C	0.0001568572687898495	0.004802174309734255	0.01124861988471821	0.00034800654463026606	0.002196295470930636	0.0028304900956572965	0.00016044035011191318	0.0026736110240017296
A[C>G]G	0.00036002419343276413	0.004067166838794946	0.007372118825442158	4.706637540607517e-05	0.0011936607131792698	0.0006095251604881299	0.0001460957930998319	0.0012695982018758657
A[C>G]T	0.00014908742122315743	0.004036752114770934	0.011669775336922612	0.0008351975299592595	0.0036756664258427918	0.0024176101037301123	7.12928032264402e-05	0.0035498204259602063
A[C>T]A	0.000673574400061625	0.009634105456061661	0.014462918271019589	0.01806704666465521	0.005261807928327471	0.01203208909370005	0.0004228383008558012	0.004078096365337842
A[C>T]C	0.023524376418863572	0.005116335441125557	0.02907505995593965	0.01273712863214314	0.0004316849129099864	0.010128586911596358	0.0026112227500325424	0.002150016192754265
A[C>T]G	0.00030472808876999357	0.001764992250240862	0.0238207747542765	0.17850788362324238	0.005576263440161711	0.004910897444065085	0.005628663540107689	0.007655188930148143
A[C>T]T	0.006001578965224456	0.004521985717583448	0.01647614859510213	0.008805753597989678	0.0014901473702047952	0.007606833993922919	0.0032817403972962276	0.0054816848639165985
A[T>A]A	0.0008782861900078843	0.004192131119780242	0.005114564722171053	6.760763811684001e-06	0.0002661326919155016	0.006417470212181797	0.00018760827852425387	0.0006693506119557392
A[T>A]C	0.0007803881690828772	0.0023735773691441866	0.005671750044606753	0.0012465673236874864	0.0007046999129761388	0.01500512896804139	0.000367355146445334	0.0018188626744313297
A[T>A]G	0.0007760892336584726	0.00929174333345145	0.009622246307844761	2.9856079978572322e-05	0.0008743291342458547	0.0024454972078092395	0.00028472452023379445	0.0017703343733530019
A[T>A]T	0.0029102745626005343	0.001603413020784501	0.006681576869741548	0.0017088291596155615	0.00015180733716078974	0.00936475584283471	0.0005250595550023719	0.0032640231377445163
A[T>C]A	0.00013804928076375234	0.006438191835768521	0.012646899373503401	0.0013082448759229237	0.0005135361114162151	0.03512983277440071	0.0032582821603500635	0.000993945259886807
A[T>C]C	0.00015051913426367288	0.0005714616179011514	0.005587753576182877	0.00396292211022228	0.0006592058819660452	0.02284124178811908	0.003966045051327942	0.007275872877798974
A[T>C]G	0.00037059914178826314	0.005835675338748843	0.010932954972125817	0.007459974501980469	0.0004345815530814434	0.06060596566647291	0.001513244246089016	0.0006444655125642384
A[T>C]T	0.0005332181095192299	0.001811091767519315	0.017339384852020884	0.0006153399579292795	0.00127137005430086	0.02057377784512937	0.003694284439863872	0.005542189473708277
A[T>G]A	0.00030117178124783106	0.0004887277950531721	0.0033659541495580925	7.062951940497442e-06	0.00043322036504832794	0.001039636453060666	0.00021167929856597212	0.003064509486430325
A[T>G]C	0.00033888361031131353	0.00021466514260737313	0.0025672808155650273	0.00020517531935758366	0.00022660157289720005	0.002719064945122227	0.001968988813769279	0.007853953884914517
A[T>G]G	0.0009435270304677647	0.0014023475165595301	0.005648912470787764	7.18145814687432e-05	0.0003357655524814618	0.002149278849828988	0.0009828309889359599	0.0037856548198033123
A[T>G]T	0.00023724258151784029	0.00034005108956989714	0.0008936292471822326	0.00010569691000526404	2.474543020921871e-05	0.0008774575894994996	0.00587334370207536	0.033393196826800704
C[C>A]A	0.002252032220858382	0.07415419220924377	0.001275435361858399	0.005977161051705479	0.00016106273633340607	0.00421014251150929	0.000943139422743118	0.0016093074918171624
C[C>A]C	0.0009817666589515283	0.0682204545289278	7.443381337487232e-05	0.013419234259054065	3.963759864626937e-06	0.008111561178229748	0.00011546097071828853	0.00025264014816869465
C[C>A]G	0.0006173056502912377	0.0446826896071434	0.0002373398162482765	0.005224298415705562	8.190950171593769e-07	0.004840919651906006	0.00013381995750234713	2.9366667320118725e-10
C[C>A]T	0.0015160870231920854	0.052952201031148435	0.0002568329575070427	0.041735815592110155	1.0438520451776511e-05	0.015105936978397736	0.0012533549570250102	1.7791428774671658e-10
C[C>G]A	0.00014170012278194477	0.010146265816874802	0.011503022994147613	3.3030806662281975e-07	0.0051177348289638755	0.00039916413067655034	7.855290807130543e-06	0.0018073824333998622
C[C>G]C	0.0004620125536166597	0.009434428624808788	0.010875621619052254	4.1466181724232646e-05	0.001612620362720918	0.00032480777231912227	7.275245544569487e-05	0.0013364748863115938
C[C>G]G	0.0007051980565302074	0.008448239443823695	0.010089158066548407	3.6642143897398506e-05	0.0007591133886705847	0.0008565723456703117	1.1332530943160002e-05	0.0005751565596978469
C[C>G]T	0.00026702560993726367	0.009059201939962805	0.015566849205060861	6.179274640585319e-05	0.005661555505357682	0.0006672042049830115	3.043568292699916e-06	0.0029655614543304056
C[C>T]A	0.07139727864414454	0.018726597940549254	0.053615048639877434	0.004956313273869455	0.01001090452511562	0.0012585621777543566	0.0015088475720403949	0.005116996434517205
C[C>T]C	0.0959651923434257	0.009098808589108396	0.07836451306881204	0.004697854715846006	1.9089852187903487e-09	0.00549121934606859	0.00039497770662999304	0.0007731608072833915
C[C>T]G	0.02747720323387488	0.0068474156619049605	0.04309887101452196	0.16591993246227502	0.0076284091419074685	0.0015187146856372635	0.004037503696123395	0.005416736649203812
C[C>T]T	0.0714285045228106	0.013864472350105643	0.06822964751932886	0.005762031524209305	0.0025500840670792967	0.002798012420122106	0.0046103559607457364	0.0035919109992391895
C[T>A]A	0.0005139577878799173	0.0075600116094574335	0.003964449276390951	6.611642129996653e-06	0.00027392550879994814	0.0007789454919839045	6.0142426514139146e-05	0.001371904770421679
C[T>A]C	0.0015086018614238127	0.00972180943004787	0.006036002277385281	0.000795046315251966	0.00034373235151638606	0.005777963542495854	0.00018247598898597062	0.011292037800885737
C[T>A]G	0.0007050591573010937	0.03364373171702027	0.009016650112037325	1.8840791053662542e-05	0.00013327842302430782	0.0024754254810977726	4.9377436007760276e-05	0.007011995995417237
C[T>A]T	0.0018145799124727091	0.009501354489475488	0.0077040725709791825	1.5920466010639345e-05	4.245659016277159e-05	0.0012859852478140964	0.0001800740409235857	0.032016535233706234
C[T>C]A	0.0011185062713047955	0.0038431735383346677	0.0034188952130716644	0.0008012341614630714	5.311457398924802e-05	0.028514085351489485	0.00025629704348830275	0.0066780108073726295
C[T>C]C	0.0007956233713907701	0.0018761964474106208	0.00547724782960586	0.0032288884453009815	0.00021342900251624996	0.02059265850810334	0.0004935873411159264	0.045398202799260615
C[T>C]G	0.0004351886266245231	0.00783244357444346	0.0023044074466088203	0.01195004059933126	2.1275673680065666e-06	0.07121354191564024	0.00027566046989363713	0.027173516657203436
C[T>C]T	0.0031817903916197252	0.0024631263979244976	0.008104745360911778	0.00016669694815512058	0.00021916791045214267	0.02496180229820311	6.037426763452848e-05	0.09182138815522194
C[T>G]A	0.00012193179300084012	0.0005036567792126334	0.0025016836045933504	8.469019421850854e-05	0.00011967815825812522	0.0017165094052325003	0.0010842767648864538	0.004496509309392422
C[T>G]C	0.0007070206105813492	0.0003174562009493535	0.0034343893352343003	0.002586848774808459	0.00031867702515228305	0.006492892424867023	0.0009771484422768139	0.01881318603642285
C[T>G]G	0.0008858410373797015	0.004181142223533243	0.00753010893255123	0.002579448692849837	5.797645188408751e-05	0.012320377994328738	0.0015234854322625324	0.015337009951472282
C[T>G]T	1.0365920063079706e-09	1.6828102356036822e-10	7.01323995633274e-08	0.0002511639431600088	3.6688535937079437e-09	2.1135139658845502e-07	0.002647299015308242	0.22601512439548968
G[C>A]A	1.4665164562757128e-05	0.0346745565533638	0.013618005584867206	0.002717213789001107	0.0008854836299542513	0.0002237382883322425	0.0005133324232883752	0.0064215872425120325
G[C>A]C	7.632188166561487e-05	0.04142241064459085	0.007087468276222353	0.004057065937668085	0.0007104596931458218	0.0028822834987659008	0.0006841257407222656	0.0012777545728749828
G[C>A]G	1.5676723705837503e-07	0.032381170187145474	0.0004641173635023171	0.0018202222255058586	0.00021167591698361576	0.00014016868920617044	0.00014343233194495043	0.0002414269449715789
G[C>A]T	8.490455547871533e-06	0.025185214150696994	0.005051901040187659	0.01417063538916409	0.0006423274597909767	0.0012130118710926248	0.0032807498898728225	0.002169429713758291
G[C>G]A	3.383182417121094e-05	0.007061158660799265	0.00706683083471944	0.000318489922527192	0.0021081497659906747	0.001117310515655845	3.424210003686312e-05	0.001600795032154565
G[C>G]C	0.0001826097793068943	0.0076361286034807565	0.009540960501180962	0.0016949777280387934	0.0015829733837745153	0.005706251452211291	7.551098809017277e-05	0.0009219905856298283
G[C>G]G	0.00022082852636231109	0.0076220049709081646	0.0042204634318477475	0.00012752212944269647	0.0006727004277621518	0.00011620011116992402	2.557884936542354e-06	0.0001162257198302541
G[C>G]T	6.0647226609944484e-05	0.005065537809859961	0.0102129587271844	0.00036660420270663964	0.003636871218914166	0.0024091123114340007	0.00035110236844047903	0.0023524869626635335
G[C>T]A	0.00032685809957911456	0.007630786648951471	0.010736274828351924	0.03708175122737885	0.007686177296563983	0.029999413304030897	0.0015773873694251961	0.0003137168343528174
G[C>T]C	0.021915621532247635	0.005289818150922656	0.01366013148334174	0.05598172996193171	0.0005393032821507703	0.053733716830611226	0.02057166435503035	0.00029853193543869254
G[C>T]G	0.0	0.002878555073681817	0.004562603970392729	0.26068211391568186	0.0035516838535957617	0.005252435576197911	0.026564693251894197	0.007253340008537635
G[C>T]T	0.012532638929551468	0.005637281378731132	0.00998568969545886	0.03230828169733286	0.000213298856979236	0.030812649894505738	0.035682470438114254	0.001982150062924445
G[T>A]A	0.000586479988529618	0.007327718641608954	0.0035709357992209333	9.062329252031986e-06	0.0002732783570047559	0.0031203183951220128	0.00034441838874613493	7.776798883313063e-05
G[T>A]C	0.0002846138474095028	0.003816668801009655	0.0043533807710683745	0.00047664804068517694	0.0005980477364937542	0.0111796280980343	0.00015272657057950796	0.0031804612535052002
G[T>A]G	0.0010933911705433275	0.012042097384110093	0.00733910892624408	1.178829690167138e-06	0.00019861512114303538	0.0025930804188828917	6.632395488587406e-05	0.0009624439429070719
G[T>A]T	0.0009925849507271779	0.003972029697615653	0.005039928881041078	0.0003640968034233083	9.968688850079843e-05	0.003670263582607731	8.534304171917029e-05	0.006197507989127189
G[T>C]A	1.401298464324817e-47	0.0005433918232973412	0.0002590690362844941	0.0025232022728172154	2.4384975047144762e-05	0.08944937190040946	0.006370798741778607	0.0013388037018803632
G[T>C]C	2.692657067768778e-06	3.622251854451974e-05	0.0004263046751923838	0.00570485461736098	3.637616837003144e-05	0.043915044572204354	0.012128428366330692	0.015688240239396693
G[T>C]G	9.993166340960258e-06	0.0008550876310937383	0.00016875114062884223	0.003540329972547944	2.5977875598512944e-05	0.07962855409830809	0.0035424985736608504	0.006308612434659153
G[T>C]T	0.007349574605492002	6.0388000167006523e-05	0.006526791345636802	0.0003835470978817401	3.5587183866425743e-10	0.05259953954722732	0.010689809087595847	0.010742023368366063
G[T>G]A	0.0001551379249576712	0.0007591554686950985	0.003101543748343829	2.5612221909145917e-05	0.00019996416383975203	0.0007653750218014466	0.0012662976919818902	0.003016399702464696
G[T>G]C	0.00026567692875168803	0.0003272755711168429	0.0025456206485250732	0.0009827744064386933	0.00011443242602808823	0.0014420649495878023	0.0021002451902313625	0.009392864885739982
G[T>G]G	0.0017930725252146961	0.0019033829541876912	0.007722938859422541	0.0002506700090376412	8.782846086617724e-05	0.0036495236272457987	0.0007984972443955485	0.006155062769539654
G[T>G]T	0.0005057193660648806	0.00023096835291974704	0.0002892540329445126	0.0008748617485025533	0.0	0.00187477327635861	0.0007401872909070306	0.058828383591026066
T[C>A]A	0.0003326508929573731	0.03196555949747562	0.007100029567955062	0.00013948049013711903	0.033619960881769655	0.00010875617729652731	0.012835188220196869	0.009670373484914308
T[C>A]C	0.0017961862382799155	0.05433422040194273	0.013931420277402821	0.0031949867121875285	0.01644079771824181	0.00022037808223106524	0.00532043340310338	0.0017456653746713664
T[C>A]G	0.00017516357769667372	0.019795684665441512	0.004812321853118213	0.0005300840993004385	0.006464012237265706	0.0002690121068417284	0.0009719310914016827	0.0008024615330577945
T[C>A]T	6.246046395972371e-06	0.03575868993997574	0.0029642746821328075	0.00612643846581534	0.014085693629458546	1.6511888534296305e-05	0.07079704661911819	0.051955551651475425
T[C>G]A	1.4398451764208176e-09	0.0011930004420696604	1.2685416926294656e-06	2.6828875232531857e-09	0.18278531670570375	7.217890138092043e-08	3.905645740154284e-09	1.0623474731907834e-07
T[C>G]C	0.0007557918905513361	0.0077412168867886065	0.013199375264666741	0.00011338146050018345	0.06193688865751028	0.0012343667447566986	0.0001412247465123073	0.0003868704373113729
T[C>G]G	0.00032740709547875114	0.003480726385023445	0.0049810922716278586	8.281550915132386e-06	0.02212293691933155	0.00010829292939843027	5.352339513644999e-05	0.0003730954865313407
T[C>G]T	0.00012182874594983108	0.0013966482059598207	0.00678384987796881	1.1942933751996066e-06	0.22056393221020698	0.0004365842322462754	0.0002843377026199042	0.000574415652348545
T[C>T]A	0.12102780528641528	0.0005773990987709771	0.052438273982380205	0.0009868353843541656	0.20704703113366463	0.0066381459319450895	0.050670083019618985	0.002435625088709372
T[C>T]C	0.3412090830504894	0.0014937079578433553	0.042206916885489845	1.0039915048339197e-06	0.027144081118279414	5.632056436988719e-05	0.0440946653986119	0.00010704807829349243
T[C>T]G	0.06455567378108298	5.299868472974368e-09	0.011224173186976443	0.04216549762679847	0.010647615643943507	0.0011296839674584153	0.5065238597989082	0.01006260550650893
T[C>T]T	0.0772390951504758	0.004612476296487707	0.04341339485784079	0.0005541746531962754	0.103494744701311	0.003107825716899981	0.068902731644921	0.008274616092405153
T[T>A]A	0.0010587398983022923	0.003415403941180557	0.005618785795013537	0.000414777023379429	0.00045516822757917907	0.003576624128036201	0.000526274162828031	0.0011771972507208784
T[T>A]C	0.0017115499915098553	0.003990463146474213	0.006947565053706057	0.00010145070757062058	0.0003670078032337187	0.0035663003381341696	8.350461480404461e-05	0.003605125926551409
T[T>A]G	0.0009318764667553126	0.007744560376740992	0.004941973407403566	6.582449696423964e-11	4.447116782703375e-05	0.0011186577164335177	0.00015053271842656812	0.0016416210614261218
T[T>A]T	0.004819507594947936	0.0032136029656976463	0.00793614110285489	8.021560630368185e-05	9.848727291694281e-05	0.0011793902039287322	0.0006993041774694575	0.009087420233990997
T[T>C]A	0.0025556928403966594	0.001472893690224737	0.004498067047388758	0.0006024577467883318	0.00015123870396836382	0.0265679585468024	0.0021030609530294886	0.0027161787406657823
T[T>C]C	0.0015018940820301732	0.0001978336149113602	0.005216653081006371	0.00259896450152155	0.0003922618905426134	0.025551917115226388	0.00635059903807468	0.013218810353428125
T[T>C]G	0.0016833185037103248	0.0015373488230397926	0.004408909983467311	0.003890177449211478	0.00024715347542269227	0.0312452304456383	0.0011612124685780145	0.0048771762219257655
T[T>C]T	0.001863140727127757	0.0006146817459609544	0.007633289928780869	0.000717341620939127	0.00015892094708533477	0.019106535827741026	0.004299722596001514	0.009680713880807162
T[T>G]A	0.0003444058302011399	0.0005280774533664001	0.0037174651969689877	1.419711829769632e-05	0.0003157089644152222	0.00014624994136198667	0.0033087064421124524	0.004837057021795772
T[T>G]C	0.0009047140013434183	0.0004054014113308657	0.003969322032644413	3.090662675795386e-06	0.00033736930603026847	0.0013687970954924821	0.005846988408513383	0.016094378028064966
T[T>G]G	0.0005794909369433299	0.002079599358839914	0.0059046499466057865	0.0001703283795563948	0.0004535947829253928	0.0012670131832419429	0.001326051351082882	0.0068988068355247375
T[T>G]T	0.000953543830268142	0.0002457886163008394	0.0007937279087173899	7.948239949540081e-10	4.747084959857429e-06	3.138019226689437e-09	0.02604684051267217	0.07710915699488397
