MutationType	SBS96A	SBS96B	SBS96C	SBS96D	SBS96E	SBS96F	SBS96G	SBS96H
A[C>A]A	2.35E-05	8.75E-05	1.06E-03	3.09E-05	6.78E-05	2.06E-04	4.35E-05	1.95E-04
A[C>A]C	2.83E-05	9.24E-05	1.05E-03	4.16E-05	6.80E-05	1.89E-04	7.80E-05	1.36E-04
A[C>A]G	3.84E-06	2.05E-04	2.03E-04	7.75E-07	9.13E-06	3.31E-05	9.13E-06	2.43E-05
A[C>A]T	1.70E-05	9.04E-05	4.52E-04	3.34E-05	1.91E-05	8.85E-05	2.05E-04	9.54E-05
A[C>G]A	1.02E-05	2.07E-04	9.34E-04	1.82E-05	1.49E-04	2.03E-04	3.82E-06	2.09E-04
A[C>G]C	1.79E-05	2.01E-04	9.15E-04	2.55E-05	1.24E-04	2.29E-04	2.68E-05	3.20E-04
A[C>G]G	2.72E-05	1.29E-04	5.71E-04	7.59E-06	9.46E-05	1.34E-04	2.49E-05	1.67E-04
A[C>G]T	1.71E-05	1.99E-04	9.59E-04	2.95E-05	2.00E-04	2.35E-04	3.26E-05	4.52E-04
A[C>T]A	5.04E-05	1.57E-04	1.12E-03	1.40E-04	1.84E-04	3.99E-04	3.06E-04	3.17E-04
A[C>T]C	1.58E-03	1.16E-04	2.08E-03	1.07E-04	5.65E-05	2.32E-04	2.90E-04	1.79E-04
A[C>T]G	3.24E-05	2.36E-04	1.95E-03	1.49E-03	2.59E-04	9.40E-04	2.93E-03	6.57E-04
A[C>T]T	4.12E-04	1.30E-04	6.10E-04	7.39E-05	1.06E-04	2.75E-04	3.23E-04	3.40E-04
A[T>A]A	5.87E-05	4.81E-05	3.15E-04	4.70E-06	2.62E-05	1.62E-04	7.49E-05	1.07E-04
A[T>A]C	4.35E-05	6.22E-05	4.23E-04	7.98E-05	4.40E-05	2.21E-04	6.60E-05	1.89E-04
A[T>A]G	4.48E-05	1.30E-04	7.33E-04	7.27E-06	6.66E-05	1.82E-04	4.53E-05	2.10E-04
A[T>A]T	1.40E-04	6.19E-05	3.04E-04	4.12E-05	2.45E-05	1.88E-04	1.96E-04	1.82E-04
A[T>C]A	2.00E-05	1.49E-04	1.03E-03	1.57E-04	4.99E-05	5.42E-04	3.07E-04	2.76E-04
A[T>C]C	1.80E-05	5.41E-05	4.46E-04	1.02E-04	3.28E-05	3.45E-04	4.35E-04	1.95E-04
A[T>C]G	2.75E-05	1.13E-04	8.93E-04	2.84E-04	3.53E-05	8.09E-04	2.31E-04	2.66E-04
A[T>C]T	5.66E-05	2.11E-04	1.33E-03	6.44E-05	1.32E-04	7.07E-04	2.77E-04	4.62E-04
A[T>G]A	2.16E-05	4.81E-05	2.42E-04	2.32E-06	3.31E-05	8.79E-05	3.85E-05	1.58E-04
A[T>G]C	2.73E-05	2.23E-05	1.63E-04	1.64E-05	2.23E-05	8.30E-05	2.27E-04	1.08E-04
A[T>G]G	6.75E-05	7.43E-05	3.26E-04	1.06E-05	3.24E-05	1.19E-04	1.49E-04	2.00E-04
A[T>G]T	1.79E-05	1.73E-05	2.03E-04	1.35E-05	5.86E-06	4.54E-05	8.27E-04	4.97E-04
C[C>A]A	8.55E-05	7.50E-04	1.61E-04	7.05E-05	2.33E-05	1.99E-04	1.66E-04	9.34E-05
C[C>A]C	3.95E-05	7.01E-04	2.23E-05	1.35E-04	2.73E-06	3.95E-04	2.73E-05	3.06E-05
C[C>A]G	2.74E-05	4.64E-04	4.23E-05	7.95E-05	7.61E-07	2.34E-04	5.07E-05	2.08E-10
C[C>A]T	5.98E-05	5.22E-04	7.17E-05	4.31E-04	6.23E-06	9.92E-04	1.77E-04	1.78E-10
C[C>G]A	1.94E-05	1.94E-04	9.47E-04	3.30E-07	1.99E-04	1.91E-04	4.49E-06	2.11E-04
C[C>G]C	3.39E-05	1.92E-04	8.37E-04	6.63E-06	1.16E-04	1.67E-04	2.73E-05	1.79E-04
C[C>G]G	5.00E-05	1.67E-04	7.25E-04	6.17E-06	7.55E-05	1.64E-04	7.66E-06	8.49E-05
C[C>G]T	2.47E-05	2.77E-04	1.25E-03	9.72E-06	2.80E-04	2.54E-04	3.04E-06	3.79E-04
C[C>T]A	2.66E-03	2.02E-04	4.59E-03	1.63E-04	3.11E-04	2.84E-04	5.82E-04	4.00E-04
C[C>T]C	6.69E-03	5.79E-04	1.09E-02	2.49E-04	8.86E-10	3.28E-04	9.03E-05	9.34E-05
C[C>T]G	1.95E-03	2.16E-04	2.28E-03	1.41E-03	2.87E-04	5.92E-04	2.86E-03	5.81E-04
C[C>T]T	4.69E-03	3.28E-04	7.33E-03	1.98E-04	1.73E-04	2.06E-04	4.15E-04	2.51E-04
C[T>A]A	2.89E-05	4.11E-05	2.93E-04	2.47E-06	1.72E-05	5.45E-05	3.43E-05	8.34E-05
C[T>A]C	6.77E-05	5.37E-05	4.87E-04	3.84E-05	2.85E-05	1.19E-04	5.61E-05	2.13E-04
C[T>A]G	4.08E-05	1.16E-04	7.45E-04	6.27E-06	1.66E-05	1.41E-04	3.15E-05	1.58E-04
C[T>A]T	7.87E-05	8.53E-05	5.70E-04	5.47E-06	9.67E-06	1.44E-04	1.07E-04	4.62E-04
C[T>C]A	4.85E-05	4.31E-05	2.64E-04	1.24E-04	8.90E-06	4.02E-04	7.17E-05	2.72E-04
C[T>C]C	3.93E-05	6.31E-05	4.53E-04	9.67E-05	2.09E-05	2.87E-04	9.66E-05	6.14E-04
C[T>C]G	2.30E-05	8.41E-05	2.35E-04	4.10E-04	1.37E-06	1.21E-03	2.26E-04	6.19E-04
C[T>C]T	1.42E-04	6.96E-05	4.57E-04	4.26E-05	2.59E-05	3.99E-04	3.59E-05	1.06E-03
C[T>G]A	9.28E-06	3.74E-05	2.01E-04	1.26E-05	1.74E-05	8.89E-05	1.41E-04	8.82E-05
C[T>G]C	3.99E-05	3.20E-05	2.21E-04	4.72E-05	2.26E-05	1.53E-04	1.32E-04	2.13E-04
C[T>G]G	5.59E-05	8.64E-05	5.35E-04	6.18E-05	1.36E-05	2.38E-04	2.11E-04	2.52E-04
C[T>G]T	3.98E-10	9.37E-11	6.84E-08	4.70E-05	8.73E-10	5.02E-08	6.09E-04	3.29E-03
G[C>A]A	5.00E-06	1.02E-04	1.15E-03	4.11E-05	6.31E-05	2.14E-04	8.03E-05	3.07E-04
G[C>A]C	1.35E-05	2.32E-04	6.02E-04	6.06E-05	3.36E-05	1.29E-04	7.90E-05	7.31E-05
G[C>A]G	1.57E-07	3.30E-04	1.32E-04	2.45E-05	1.90E-05	2.80E-05	3.13E-05	3.54E-05
G[C>A]T	3.19E-06	1.27E-04	4.41E-04	1.35E-04	3.49E-05	1.38E-04	4.35E-04	1.39E-04
G[C>G]A	7.03E-06	1.12E-04	6.02E-04	1.77E-05	9.38E-05	1.34E-04	9.56E-06	1.67E-04
G[C>G]C	1.65E-05	1.39E-04	7.67E-04	3.87E-05	9.05E-05	2.27E-04	3.36E-05	1.48E-04
G[C>G]G	1.61E-05	4.95E-05	3.20E-04	1.04E-05	3.70E-05	7.02E-05	2.56E-06	2.93E-05
G[C>G]T	1.15E-05	1.73E-04	8.60E-04	2.22E-05	1.88E-04	2.05E-04	3.48E-05	2.87E-04
G[C>T]A	2.50E-05	1.00E-04	8.67E-04	1.96E-04	1.79E-04	4.33E-04	2.64E-04	8.71E-05
G[C>T]C	9.76E-04	1.32E-04	1.79E-03	6.22E-04	6.62E-05	1.28E-03	9.80E-04	8.04E-05
G[C>T]G	0.00E+00	1.61E-04	1.04E-03	1.80E-03	1.53E-04	9.17E-04	3.58E-03	4.54E-04
G[C>T]T	4.67E-04	5.59E-05	5.28E-04	3.96E-04	5.19E-05	5.38E-04	1.09E-03	2.76E-04
G[T>A]A	3.15E-05	3.52E-05	2.79E-04	4.51E-06	2.06E-05	8.75E-05	3.42E-05	3.74E-05
G[T>A]C	2.29E-05	4.72E-05	3.33E-04	5.36E-05	3.04E-05	1.62E-04	3.82E-05	1.44E-04
G[T>A]G	7.57E-05	6.03E-05	4.59E-04	7.38E-07	2.77E-05	1.10E-04	6.63E-05	9.39E-05
G[T>A]T	4.21E-05	6.35E-05	3.63E-04	2.08E-05	1.69E-05	1.15E-04	6.23E-05	1.76E-04
G[T>C]A	1.40E-47	7.36E-05	2.59E-04	4.04E-04	5.45E-06	1.52E-03	8.77E-04	7.08E-04
G[T>C]C	1.18E-06	2.23E-05	4.00E-04	2.56E-04	8.46E-06	8.53E-04	1.67E-03	6.99E-04
G[T>C]G	5.57E-06	6.87E-05	1.67E-04	4.51E-04	7.30E-06	1.43E-03	4.94E-04	5.35E-04
G[T>C]T	4.10E-04	2.73E-05	5.07E-04	1.16E-04	2.69E-10	7.81E-04	1.03E-03	5.97E-04
G[T>G]A	1.38E-05	4.99E-05	2.37E-04	5.42E-06	2.32E-05	7.42E-05	1.66E-04	1.36E-04
G[T>G]C	1.93E-05	2.84E-05	1.82E-04	2.87E-05	1.58E-05	8.56E-05	2.82E-04	1.39E-04
G[T>G]G	1.15E-04	9.54E-05	4.03E-04	2.56E-05	1.65E-05	1.86E-04	1.14E-04	2.83E-04
G[T>G]T	3.09E-05	1.43E-05	4.77E-05	4.11E-05	0.00E+00	1.01E-04	1.66E-04	9.34E-04
T[C>A]A	5.20E-05	1.77E-04	5.94E-04	1.83E-05	5.69E-04	1.07E-04	1.00E-03	5.99E-04
T[C>A]C	1.23E-04	2.44E-04	9.07E-04	4.81E-05	3.12E-04	1.91E-04	2.80E-04	1.24E-04
T[C>A]G	2.40E-05	9.37E-05	4.02E-04	1.89E-05	1.26E-04	8.63E-05	6.18E-05	5.05E-05
T[C>A]T	6.25E-06	4.49E-04	2.80E-03	3.04E-04	3.30E-04	1.31E-05	9.04E-03	3.97E-03
T[C>G]A	7.97E-10	1.14E-04	1.60E-07	7.63E-10	2.61E-03	2.73E-08	1.78E-09	2.94E-08
T[C>G]C	5.62E-05	1.50E-04	9.85E-04	1.47E-05	1.24E-03	2.14E-04	5.42E-05	5.58E-05
T[C>G]G	2.43E-05	6.52E-05	3.74E-04	2.24E-06	4.39E-04	9.23E-05	1.54E-05	3.49E-05
T[C>G]T	2.12E-05	1.38E-04	7.15E-04	8.18E-07	3.61E-03	8.22E-05	3.12E-05	5.44E-05
T[C>T]A	8.32E-03	1.59E-04	1.59E-02	8.58E-05	7.19E-03	5.76E-03	1.05E-02	2.64E-04
T[C>T]C	1.06E-02	2.63E-04	7.41E-03	7.81E-07	2.54E-03	2.70E-05	6.40E-03	5.36E-05
T[C>T]G	9.25E-03	1.35E-09	3.84E-03	2.74E-03	1.99E-03	1.13E-03	2.65E-02	2.63E-03
T[C>T]T	2.15E-03	2.31E-04	6.31E-03	7.40E-05	2.65E-03	2.56E-03	5.85E-03	4.68E-04
T[T>A]A	6.16E-05	6.99E-05	3.58E-04	2.51E-05	4.25E-05	1.22E-04	1.07E-04	1.40E-04
T[T>A]C	8.83E-05	9.27E-05	4.68E-04	1.34E-05	3.44E-05	1.40E-04	3.30E-05	2.23E-04
T[T>A]G	4.87E-05	4.98E-05	3.33E-04	6.58E-11	1.56E-05	7.69E-05	4.94E-05	8.67E-05
T[T>A]T	1.95E-04	9.95E-05	3.98E-04	1.20E-05	1.86E-05	1.18E-04	2.89E-04	2.89E-04
T[T>C]A	9.65E-05	4.08E-05	2.56E-04	1.03E-04	1.76E-05	3.57E-04	2.30E-04	2.22E-04
T[T>C]C	8.52E-05	2.83E-05	3.45E-04	1.17E-04	3.27E-05	3.68E-04	6.19E-04	1.81E-04
T[T>C]G	8.48E-05	4.08E-05	2.39E-04	1.42E-04	2.26E-05	4.33E-04	1.73E-04	2.07E-04
T[T>C]T	1.11E-04	6.43E-05	4.25E-04	7.38E-05	1.85E-05	3.20E-04	5.34E-04	1.76E-04
T[T>G]A	2.79E-05	5.39E-05	2.48E-04	3.12E-06	3.52E-05	5.17E-05	4.40E-04	1.97E-04
T[T>G]C	5.65E-05	4.12E-05	3.09E-04	1.69E-06	2.97E-05	6.81E-05	7.89E-04	3.05E-04
T[T>G]G	4.18E-05	8.28E-05	4.01E-04	1.69E-05	3.77E-05	1.19E-04	1.91E-04	2.31E-04
T[T>G]T	4.77E-05	2.62E-05	6.52E-04	2.37E-10	2.28E-06	1.40E-09	3.60E-03	2.36E-03
