NMF_Replicate	L1	L1 %	L2	L2 %	KL Divergence	Correlation	Convergence Iterations
1	101.083	120.053	20.075	84.961	1.271	0.456	20000.0
2	100.869	120.168	20.041	84.81	1.268	0.458	20000.0
3	101.248	120.531	20.038	84.891	1.272	0.455	20000.0
4	101.21	120.036	20.089	84.68	1.272	0.458	20000.0
5	100.834	119.899	20.026	84.985	1.273	0.454	20000.0
6	101.096	120.275	20.081	84.891	1.276	0.455	20000.0
7	101.587	120.788	20.267	85.488	1.282	0.448	20000.0
8	101.239	120.525	20.143	85.187	1.282	0.45	20000.0
9	101.652	120.639	20.123	85.232	1.279	0.451	20000.0
10	101.415	120.921	20.192	85.534	1.28	0.446	40000.0
11	101.182	120.181	20.038	84.808	1.271	0.457	20000.0
12	101.113	120.478	20.035	84.931	1.277	0.454	20000.0
13	100.996	119.816	19.984	84.626	1.264	0.459	20000.0
14	101.419	120.32	20.076	84.952	1.27	0.455	20000.0
15	100.732	119.667	20.019	84.58	1.26	0.46	20000.0
16	101.128	120.692	20.15	85.211	1.283	0.451	40000.0
17	101.372	120.244	20.088	85.002	1.277	0.455	20000.0
18	101.003	120.409	20.037	85.01	1.278	0.454	20000.0
19	101.422	120.284	20.133	85.024	1.273	0.455	20000.0
20	101.508	120.159	20.172	84.88	1.27	0.458	20000.0
21	101.415	120.627	20.105	85.197	1.277	0.452	30000.0
22	101.367	120.124	20.153	85.18	1.269	0.453	20000.0
23	101.22	120.38	20.09	85.035	1.269	0.455	30000.0
24	101.236	120.619	20.102	85.172	1.279	0.45	20000.0
25	101.48	120.581	20.204	85.344	1.272	0.451	20000.0
26	101.59	120.45	20.188	85.074	1.268	0.455	20000.0
27	101.171	120.286	20.104	84.941	1.269	0.455	20000.0
28	101.336	120.024	20.114	85.014	1.268	0.454	20000.0
29	100.972	120.393	20.045	84.979	1.277	0.453	20000.0
30	101.232	120.533	20.075	84.959	1.271	0.455	30000.0
31	101.318	120.38	20.192	85.144	1.278	0.452	20000.0
32	101.277	120.159	20.131	84.892	1.272	0.455	30000.0
33	101.354	120.786	20.161	85.091	1.279	0.454	40000.0
34	101.454	120.377	20.088	84.848	1.272	0.456	20000.0
35	101.567	120.385	20.262	85.142	1.274	0.452	20000.0
36	101.219	120.279	20.012	84.977	1.272	0.453	20000.0
37	101.205	120.285	20.114	85.015	1.272	0.455	20000.0
38	101.629	120.632	20.128	85.191	1.284	0.45	20000.0
39	101.919	120.924	20.254	85.473	1.279	0.449	30000.0
40	101.445	120.295	20.1	85.046	1.271	0.452	30000.0
41	101.515	120.475	20.081	85.051	1.276	0.451	20000.0
42	101.191	120.308	20.134	84.998	1.272	0.454	40000.0
43	101.092	120.362	20.025	84.956	1.277	0.455	50000.0
44	101.365	120.492	20.107	85.249	1.275	0.452	20000.0
45	101.499	120.497	20.109	85.077	1.275	0.454	20000.0
46	101.008	120.236	20.095	84.883	1.265	0.456	20000.0
47	101.064	119.946	20.086	85.066	1.265	0.455	30000.0
48	101.658	120.896	20.286	85.468	1.28	0.448	30000.0
49	101.287	120.1	20.163	84.901	1.264	0.458	20000.0
50	101.176	120.157	20.132	84.875	1.268	0.456	20000.0
51	102.09	121.223	20.204	85.501	1.29	0.446	30000.0
52	101.215	120.192	20.248	85.064	1.267	0.455	30000.0
53	101.538	120.591	20.1	85.288	1.273	0.45	20000.0
54	101.001	120.513	20.051	84.942	1.276	0.454	20000.0
55	101.036	120.145	20.207	85.08	1.265	0.456	20000.0
56	101.128	120.521	20.131	85.174	1.277	0.453	40000.0
57	101.184	120.251	20.106	84.94	1.271	0.454	20000.0
58	101.293	120.223	20.163	84.995	1.276	0.454	20000.0
59	101.421	120.723	20.208	85.186	1.28	0.452	20000.0
60	101.179	120.233	20.008	84.812	1.271	0.456	20000.0
61	101.274	120.412	20.053	84.899	1.276	0.455	20000.0
62	101.457	120.706	20.166	85.314	1.275	0.452	20000.0
63	101.15	120.181	19.926	84.665	1.272	0.456	20000.0
64	101.725	120.255	20.188	84.982	1.274	0.455	20000.0
65	101.31	120.616	20.152	85.24	1.276	0.452	20000.0
66	101.362	120.497	20.15	85.337	1.27	0.451	20000.0
67	100.928	119.814	20.049	84.935	1.263	0.456	20000.0
68	101.294	120.326	20.199	85.24	1.281	0.453	20000.0
69	101.587	120.691	20.184	85.251	1.278	0.449	20000.0
70	100.704	119.701	19.943	84.488	1.256	0.464	20000.0
71	101.866	120.889	20.155	85.275	1.277	0.451	20000.0
72	101.341	120.249	20.12	85.194	1.272	0.454	40000.0
73	101.213	120.535	19.982	84.967	1.276	0.453	20000.0
74	101.516	120.88	20.185	85.386	1.274	0.449	20000.0
75	100.836	119.837	20.029	84.614	1.262	0.46	20000.0
76	101.422	120.634	20.176	85.303	1.277	0.451	20000.0
77	101.547	120.442	20.183	85.174	1.272	0.453	20000.0
78	101.589	120.734	20.143	84.892	1.28	0.454	20000.0
79	101.297	120.322	20.117	85.003	1.28	0.453	20000.0
80	101.155	120.127	20.041	84.648	1.267	0.46	20000.0
81	101.099	120.262	20.101	85.125	1.27	0.455	20000.0
82	101.043	120.16	20.065	84.841	1.27	0.456	20000.0
83	101.471	120.731	20.219	85.37	1.274	0.45	20000.0
84	101.76	120.833	20.194	85.206	1.274	0.452	20000.0
85	101.225	120.155	20.077	85.045	1.268	0.455	20000.0
86	101.218	120.335	20.004	84.996	1.274	0.455	20000.0
87	101.352	119.955	20.088	84.96	1.264	0.457	20000.0
88	100.99	119.666	20.061	84.763	1.26	0.461	40000.0
89	101.22	120.461	20.202	85.205	1.276	0.452	20000.0
90	101.222	120.287	20.07	84.964	1.275	0.454	30000.0
91	101.169	120.38	20.104	85.082	1.272	0.453	20000.0
92	101.748	120.642	20.127	85.11	1.274	0.453	20000.0
93	100.771	120.183	20.013	84.873	1.275	0.454	20000.0
94	101.566	120.517	20.199	85.114	1.274	0.453	20000.0
95	101.242	120.139	19.996	84.703	1.269	0.457	20000.0
96	101.765	120.823	20.189	85.148	1.28	0.452	20000.0
97	101.495	120.919	20.176	85.362	1.281	0.448	20000.0
98	101.076	120.403	20.097	85.013	1.276	0.454	20000.0
99	101.193	120.079	20.152	84.964	1.269	0.455	40000.0
100	101.15	120.397	19.958	85.027	1.268	0.454	20000.0
