Samples	SBS96A	SBS96B	SBS96C
TCGA-3N-A9WB-06	2.07E+00	2.45E+00	7.49E-01
TCGA-3N-A9WC-06	1.83E+01	1.97E+01	2.04E+00
TCGA-3N-A9WD-06	1.21E+01	1.32E+01	1.85E+00
TCGA-BF-A1PU-01	1.69E+00	2.07E+00	6.50E-01
TCGA-BF-A1PV-01	5.37E+00	6.23E+00	1.10E+00
TCGA-BF-A1PX-01	6.17E+00	6.69E+00	7.14E-01
TCGA-BF-A1PZ-01	6.19E+00	6.85E+00	1.08E+00
TCGA-BF-A1Q0-01	5.21E+00	5.16E+00	1.66E+00
TCGA-BF-A3DJ-01	2.08E+00	2.48E+00	6.98E-01
TCGA-BF-A3DL-01	3.67E+00	3.84E+00	1.08E+00
TCGA-BF-A3DM-01	6.57E+00	7.41E+00	1.07E+00
TCGA-BF-A3DN-01	1.46E+00	1.76E+00	6.83E-01
TCGA-BF-A5EO-01	7.64E+00	8.37E+00	1.32E+00
TCGA-BF-A5EP-01	3.24E+00	3.27E+00	8.30E-01
TCGA-BF-A5EQ-01	7.45E+00	8.47E+00	1.51E+00
TCGA-BF-A5ER-01	3.03E+00	3.37E+00	8.19E-01
TCGA-BF-A5ES-01	6.91E+00	7.65E+00	1.28E+00
TCGA-BF-A9VF-01	2.56E+00	3.16E+00	8.01E-01
TCGA-BF-AAOU-01	3.84E+00	4.46E+00	1.04E+00
TCGA-BF-AAOX-01	1.55E+01	1.70E+01	2.15E+00
TCGA-BF-AAP0-06	5.83E+00	6.08E+00	6.79E-01
TCGA-BF-AAP1-01	5.95E+00	6.55E+00	1.43E+00
TCGA-BF-AAP2-01	1.17E+01	1.23E+01	1.30E+00
TCGA-BF-AAP4-01	1.28E+01	1.37E+01	1.56E+00
TCGA-BF-AAP6-01	1.20E+00	1.51E+00	6.44E-01
TCGA-BF-AAP7-01	7.71E+00	8.55E+00	1.36E+00
TCGA-BF-AAP8-01	7.90E-02	2.27E-01	2.34E-01
TCGA-D3-A1Q1-06	3.30E-01	5.41E-01	5.20E-01
TCGA-D3-A1Q3-06	3.63E-01	1.11E+00	9.67E-01
TCGA-D3-A1Q4-06	3.57E+00	4.11E+00	1.17E+00
TCGA-D3-A1Q5-06	6.65E+00	7.92E+00	1.63E+00
TCGA-D3-A1Q6-06	1.43E+01	1.67E+01	2.65E+00
TCGA-D3-A1Q7-06	2.25E+00	2.44E+00	3.71E-01
TCGA-D3-A1Q8-06	4.74E+00	5.43E+00	9.83E-01
TCGA-D3-A1Q9-06	3.91E-01	4.03E-01	4.47E-01
TCGA-D3-A1QA-06	3.78E+00	4.46E+00	1.25E+00
TCGA-D3-A1QB-06	7.25E+00	8.03E+00	1.32E+00
TCGA-D3-A2J6-06	3.57E-01	4.85E-01	3.97E-01
TCGA-D3-A2J7-06	5.31E+00	5.79E+00	7.41E-01
TCGA-D3-A2J8-06	4.82E+00	5.46E+00	1.21E+00
TCGA-D3-A2J9-06	1.94E+00	2.36E+00	6.02E-01
TCGA-D3-A2JA-06	6.12E+00	7.08E+00	1.43E+00
TCGA-D3-A2JB-06	1.61E-01	2.98E-01	2.48E-01
TCGA-D3-A2JC-06	3.52E+00	4.20E+00	1.03E+00
TCGA-D3-A2JD-06	6.92E+00	7.46E+00	8.98E-01
TCGA-D3-A2JE-06	4.26E+00	4.55E+00	8.88E-01
TCGA-D3-A2JF-06	1.69E+01	1.92E+01	2.77E+00
TCGA-D3-A2JG-06	1.63E+00	1.76E+00	4.72E-01
TCGA-D3-A2JH-06	9.40E+00	1.09E+01	2.12E+00
TCGA-D3-A2JK-06	5.24E+00	6.14E+00	1.26E+00
TCGA-D3-A2JL-06	4.69E+00	5.50E+00	1.24E+00
TCGA-D3-A2JN-06	3.97E+00	4.27E+00	1.08E+00
TCGA-D3-A2JO-06	1.04E+01	1.25E+01	2.67E+00
TCGA-D3-A2JP-06	2.14E+00	2.28E+00	8.01E-01
TCGA-D3-A3BZ-06	3.38E-01	1.18E+00	1.04E+00
TCGA-D3-A3C1-06	3.27E+00	4.41E+00	1.50E+00
TCGA-D3-A3C3-06	4.97E+00	6.11E+00	1.59E+00
TCGA-D3-A3C6-06	1.73E+00	1.97E+00	6.23E-01
TCGA-D3-A3C7-06	1.14E+01	1.17E+01	1.34E+00
TCGA-D3-A3C8-06	2.71E+00	2.93E+00	9.66E-01
TCGA-D3-A3CB-06	2.49E+00	2.77E+00	7.04E-01
TCGA-D3-A3CC-06	4.14E-01	5.71E-01	4.11E-01
TCGA-D3-A3CE-06	6.58E-01	9.86E-01	5.51E-01
TCGA-D3-A3CF-06	4.09E-01	7.04E-01	5.06E-01
TCGA-D3-A3ML-06	1.26E+01	1.45E+01	2.23E+00
TCGA-D3-A3MO-06	1.05E+00	1.15E+00	5.96E-01
TCGA-D3-A3MR-06	1.11E+01	1.24E+01	1.79E+00
TCGA-D3-A3MU-06	7.39E+00	8.59E+00	1.68E+00
TCGA-D3-A3MV-06	4.70E+00	5.11E+00	8.65E-01
TCGA-D3-A51E-06	5.26E+00	6.09E+00	1.25E+00
TCGA-D3-A51F-06	3.39E+00	3.89E+00	7.82E-01
TCGA-D3-A51G-06	2.23E+01	2.52E+01	3.25E+00
TCGA-D3-A51H-06	6.76E-01	7.69E-01	2.46E-01
TCGA-D3-A51J-06	7.81E+00	8.83E+00	1.38E+00
TCGA-D3-A51K-06	1.12E-01	4.36E-01	4.24E-01
TCGA-D3-A51N-06	2.64E+00	3.72E+00	1.26E+00
TCGA-D3-A51R-06	9.00E+00	1.05E+01	1.89E+00
TCGA-D3-A51T-06	1.35E+01	1.44E+01	1.52E+00
TCGA-D3-A5GL-06	8.96E+00	9.37E+00	1.46E+00
TCGA-D3-A5GN-06	6.27E+00	7.35E+00	1.53E+00
TCGA-D3-A5GO-06	1.47E+01	1.65E+01	2.31E+00
TCGA-D3-A5GR-06	5.39E+00	7.15E+00	2.10E+00
TCGA-D3-A5GS-06	5.72E+00	6.13E+00	6.20E-01
TCGA-D3-A5GT-01	1.82E-01	1.47E-01	2.10E-01
TCGA-D3-A5GU-06	1.50E+01	1.73E+01	2.79E+00
TCGA-D3-A8GB-06	1.26E+01	1.33E+01	1.34E+00
TCGA-D3-A8GC-06	1.29E+01	1.46E+01	2.18E+00
TCGA-D3-A8GD-06	1.47E+00	1.77E+00	8.92E-01
TCGA-D3-A8GE-06	0.00E+00	9.96E-02	9.96E-02
TCGA-D3-A8GI-06	2.31E+01	2.25E+01	2.95E+00
TCGA-D3-A8GJ-06	4.19E+00	5.16E+00	1.31E+00
TCGA-D3-A8GK-06	1.05E+01	1.23E+01	2.29E+00
TCGA-D3-A8GL-06	2.67E+01	3.05E+01	4.14E+00
TCGA-D3-A8GM-06	3.99E+01	4.49E+01	7.29E+00
TCGA-D3-A8GN-06	4.09E+00	4.86E+00	1.00E+00
TCGA-D3-A8GO-06	9.90E+00	1.15E+01	1.99E+00
TCGA-D3-A8GP-06	9.27E+00	1.16E+01	2.86E+00
TCGA-D3-A8GQ-06	9.85E+00	1.03E+01	1.65E+00
TCGA-D3-A8GR-06	7.67E+00	8.57E+00	1.38E+00
TCGA-D3-A8GS-06	3.89E+00	4.51E+00	1.13E+00
TCGA-D3-A8GV-06	4.71E+00	5.03E+00	9.23E-01
TCGA-D9-A148-06	5.72E+00	7.00E+00	1.70E+00
TCGA-D9-A149-06	4.77E+00	5.21E+00	8.66E-01
TCGA-D9-A1JW-06	2.09E+01	2.43E+01	3.84E+00
TCGA-D9-A1JX-06	2.99E+00	4.05E+00	1.43E+00
TCGA-D9-A1X3-06	6.68E-01	9.89E-01	5.37E-01
TCGA-D9-A3Z1-06	1.16E+01	1.33E+01	1.84E+00
TCGA-D9-A3Z3-06	2.11E+00	2.20E+00	6.51E-01
TCGA-D9-A3Z4-01	4.84E+00	5.51E+00	1.04E+00
TCGA-D9-A4Z2-01	2.02E-01	5.01E-01	4.70E-01
TCGA-D9-A4Z3-01	2.49E+01	2.96E+01	5.08E+00
TCGA-D9-A4Z5-01	8.82E-01	9.93E-01	5.67E-01
TCGA-D9-A4Z6-06	4.12E+00	4.61E+00	9.00E-01
TCGA-D9-A6E9-06	3.15E+00	3.91E+00	1.10E+00
TCGA-D9-A6EA-06	7.35E+00	6.95E+00	1.32E+00
TCGA-D9-A6EC-06	3.60E+01	1.22E+02	9.09E+01
TCGA-D9-A6EG-06	1.61E+00	2.54E+00	1.19E+00
TCGA-DA-A1HV-06	8.92E+00	8.83E+00	1.73E+00
TCGA-DA-A1HW-06	3.82E+00	4.16E+00	8.11E-01
TCGA-DA-A1HY-06	1.59E+01	1.78E+01	2.27E+00
TCGA-DA-A1I0-06	8.39E+00	9.25E+00	1.25E+00
TCGA-DA-A1I1-06	7.27E+00	8.78E+00	1.77E+00
TCGA-DA-A1I2-06	3.02E+00	3.54E+00	8.37E-01
TCGA-DA-A1I4-06	4.45E+00	5.06E+00	9.60E-01
TCGA-DA-A1I5-06	7.58E+00	8.62E+00	1.38E+00
TCGA-DA-A1I7-06	4.40E+00	5.01E+00	1.17E+00
TCGA-DA-A1I8-06	4.78E+00	6.14E+00	1.58E+00
TCGA-DA-A1IA-06	7.39E+00	8.52E+00	1.52E+00
TCGA-DA-A1IB-06	0.00E+00	0.00E+00	0.00E+00
TCGA-DA-A1IC-06	2.15E+01	2.51E+01	4.09E+00
TCGA-DA-A3F3-06	3.56E+00	4.33E+00	1.32E+00
TCGA-DA-A3F5-06	6.10E+00	7.55E+00	1.97E+00
TCGA-DA-A3F8-06	1.59E+01	1.75E+01	1.84E+00
TCGA-DA-A95V-06	5.64E+00	6.51E+00	1.39E+00
TCGA-DA-A95W-06	3.34E+00	3.52E+00	6.65E-01
TCGA-DA-A95X-06	6.08E+00	6.95E+00	1.51E+00
TCGA-DA-A95Y-06	7.01E+00	7.80E+00	1.63E+00
TCGA-DA-A95Z-06	2.11E+01	2.44E+01	3.95E+00
TCGA-DA-A960-01	6.99E+00	7.70E+00	1.50E+00
TCGA-EB-A1NK-01	2.20E+00	2.49E+00	8.32E-01
TCGA-EB-A24C-01	3.08E-01	4.30E-01	4.24E-01
TCGA-EB-A24D-01	1.14E+01	1.25E+01	1.78E+00
TCGA-EB-A299-01	3.43E+00	3.95E+00	7.65E-01
TCGA-EB-A3HV-01	5.88E-01	5.37E-01	5.10E-01
TCGA-EB-A3XB-01	9.80E+00	1.15E+01	2.23E+00
TCGA-EB-A3XC-01	6.37E+00	6.61E+00	1.19E+00
TCGA-EB-A3XD-01	5.28E+00	5.67E+00	6.02E-01
TCGA-EB-A3XE-01	3.75E-01	5.31E-01	3.13E-01
TCGA-EB-A3XF-01	6.03E+00	7.13E+00	1.37E+00
TCGA-EB-A3Y6-01	8.01E+00	8.74E+00	1.55E+00
TCGA-EB-A3Y7-01	1.58E+01	1.70E+01	2.22E+00
TCGA-EB-A41A-01	2.56E+01	2.94E+01	4.30E+00
TCGA-EB-A41B-01	1.93E+00	2.32E+00	7.61E-01
TCGA-EB-A42Y-01	7.63E-01	8.93E-01	6.89E-01
TCGA-EB-A42Z-01	2.24E+00	2.60E+00	8.13E-01
TCGA-EB-A430-01	7.03E+00	7.62E+00	1.32E+00
TCGA-EB-A431-01	1.44E+01	1.44E+01	1.86E+00
TCGA-EB-A44N-01	3.46E+00	4.05E+00	8.71E-01
TCGA-EB-A44O-01	9.84E+00	1.07E+01	1.35E+00
TCGA-EB-A44P-01	7.98E+00	9.59E+00	1.88E+00
TCGA-EB-A44Q-06	6.56E-01	8.74E-01	5.51E-01
TCGA-EB-A44R-06	3.80E-01	4.96E-01	4.88E-01
TCGA-EB-A4IQ-01	3.62E-01	3.86E-01	3.29E-01
TCGA-EB-A4IS-01	1.15E+01	1.29E+01	1.94E+00
TCGA-EB-A4OY-01	1.44E-01	7.88E-01	7.67E-01
TCGA-EB-A4OZ-01	5.18E-02	3.34E-01	3.33E-01
TCGA-EB-A4P0-01	4.00E+00	4.81E+00	1.18E+00
TCGA-EB-A4XL-01	9.01E+00	9.81E+00	1.29E+00
TCGA-EB-A51B-01	8.38E+00	1.01E+01	2.01E+00
TCGA-EB-A550-01	2.63E+00	3.21E+00	8.44E-01
TCGA-EB-A551-01	5.26E+00	5.74E+00	1.17E+00
TCGA-EB-A553-01	6.29E+00	6.91E+00	1.39E+00
TCGA-EB-A57M-01	3.28E-01	3.70E-01	4.73E-01
TCGA-EB-A5FP-01	5.77E+00	6.47E+00	9.50E-01
TCGA-EB-A5KH-06	4.08E-01	6.77E-01	5.23E-01
TCGA-EB-A5SE-01	4.49E+00	5.10E+00	9.58E-01
TCGA-EB-A5SF-01	5.63E-01	5.46E-01	4.97E-01
TCGA-EB-A5SG-06	4.13E+00	4.29E+00	7.52E-01
TCGA-EB-A5SH-06	8.62E-01	9.27E-01	6.48E-01
TCGA-EB-A5UL-06	7.15E+00	7.46E+00	1.47E+00
TCGA-EB-A5UM-01	1.01E+01	1.18E+01	1.97E+00
TCGA-EB-A5UN-06	1.62E+01	1.87E+01	2.82E+00
TCGA-EB-A5VU-01	7.65E-01	1.28E+00	7.50E-01
TCGA-EB-A6L9-06	2.67E-01	2.54E-01	2.72E-01
TCGA-EB-A6QY-01	7.68E+00	8.51E+00	1.48E+00
TCGA-EB-A6QZ-01	6.85E+00	7.85E+00	1.42E+00
TCGA-EB-A6R0-01	6.63E+00	7.53E+00	1.27E+00
TCGA-EB-A82B-01	5.77E-01	9.27E-01	6.50E-01
TCGA-EB-A82C-01	5.99E-01	6.10E-01	4.58E-01
TCGA-EB-A85I-01	2.34E+00	2.70E+00	9.57E-01
TCGA-EB-A85J-01	4.47E+00	5.08E+00	9.85E-01
TCGA-EB-A97M-01	4.12E+00	4.76E+00	1.04E+00
TCGA-EE-A17X-06	8.80E+00	9.79E+00	1.59E+00
TCGA-EE-A17Y-06	3.69E+00	4.41E+00	1.01E+00
TCGA-EE-A17Z-06	4.93E-02	2.80E-01	2.79E-01
TCGA-EE-A180-06	6.56E+00	7.59E+00	1.69E+00
TCGA-EE-A181-06	3.74E+01	3.97E+01	3.61E+00
TCGA-EE-A182-06	1.56E+01	1.74E+01	2.64E+00
TCGA-EE-A183-06	7.61E+00	8.29E+00	1.46E+00
TCGA-EE-A184-06	1.67E+00	1.04E+00	1.62E+00
TCGA-EE-A185-06	3.28E+00	4.12E+00	1.12E+00
TCGA-EE-A20B-06	4.12E+00	5.19E+00	1.34E+00
TCGA-EE-A20C-06	4.07E+01	4.43E+01	4.65E+00
TCGA-EE-A20F-06	4.88E+00	5.80E+00	1.30E+00
TCGA-EE-A20H-06	1.03E+01	1.17E+01	1.91E+00
TCGA-EE-A20I-06	3.24E-01	3.14E-01	2.69E-01
TCGA-EE-A29A-06	4.49E+00	5.26E+00	1.05E+00
TCGA-EE-A29B-06	7.60E+00	8.26E+00	1.36E+00
TCGA-EE-A29C-06	7.77E+00	8.72E+00	1.19E+00
TCGA-EE-A29D-06	5.47E+01	6.13E+01	7.30E+00
TCGA-EE-A29E-06	1.52E+01	1.49E+01	2.27E+00
TCGA-EE-A29G-06	6.06E+00	6.92E+00	1.51E+00
TCGA-EE-A29H-06	4.84E+00	5.51E+00	1.09E+00
TCGA-EE-A29L-06	1.47E+01	1.39E+01	2.07E+00
TCGA-EE-A29M-06	2.25E+01	2.41E+01	2.23E+00
TCGA-EE-A29N-06	1.28E+01	1.43E+01	1.92E+00
TCGA-EE-A29P-06	6.01E+00	6.72E+00	9.70E-01
TCGA-EE-A29Q-06	5.26E+00	6.40E+00	1.60E+00
TCGA-EE-A29R-06	1.10E+01	1.26E+01	1.87E+00
TCGA-EE-A29S-06	1.75E+01	2.00E+01	3.24E+00
TCGA-EE-A29T-06	3.31E+00	3.92E+00	1.52E+00
TCGA-EE-A29V-06	2.47E+01	2.77E+01	3.38E+00
TCGA-EE-A29W-06	1.45E+00	1.53E+00	5.40E-01
TCGA-EE-A29X-06	3.00E+00	3.35E+00	6.12E-01
TCGA-EE-A2A0-06	5.96E+00	6.64E+00	1.26E+00
TCGA-EE-A2A1-06	5.60E+00	6.06E+00	9.06E-01
TCGA-EE-A2A2-06	3.24E+01	3.61E+01	4.32E+00
TCGA-EE-A2A5-06	4.29E+00	4.68E+00	8.64E-01
TCGA-EE-A2A6-06	3.36E+00	3.75E+00	7.00E-01
TCGA-EE-A2GB-06	1.04E+01	1.15E+01	1.52E+00
TCGA-EE-A2GC-06	3.38E+01	3.67E+01	3.42E+00
TCGA-EE-A2GD-06	8.02E+00	9.14E+00	1.56E+00
TCGA-EE-A2GE-06	6.24E+00	7.10E+00	1.06E+00
TCGA-EE-A2GH-06	4.39E+00	4.74E+00	8.47E-01
TCGA-EE-A2GI-06	2.24E+01	2.51E+01	3.36E+00
TCGA-EE-A2GJ-06	1.86E+01	1.89E+01	1.58E+00
TCGA-EE-A2GK-06	0.00E+00	2.78E-02	2.78E-02
TCGA-EE-A2GL-06	7.33E+00	7.94E+00	1.14E+00
TCGA-EE-A2GM-06	1.15E+01	1.29E+01	1.79E+00
TCGA-EE-A2GN-06	7.49E+00	8.71E+00	1.59E+00
TCGA-EE-A2GO-06	3.25E+01	3.48E+01	3.17E+00
TCGA-EE-A2GP-06	8.01E+00	8.73E+00	1.36E+00
TCGA-EE-A2GR-06	2.94E+01	3.16E+01	2.89E+00
TCGA-EE-A2GS-06	6.00E+00	7.38E+00	1.61E+00
TCGA-EE-A2GT-06	4.06E+00	4.41E+00	1.22E+00
TCGA-EE-A2GU-06	6.68E+00	7.27E+00	1.24E+00
TCGA-EE-A2M5-06	3.57E+01	3.78E+01	2.92E+00
TCGA-EE-A2M6-06	9.13E+00	1.02E+01	1.75E+00
TCGA-EE-A2M7-06	6.08E-01	6.33E-01	6.02E-01
TCGA-EE-A2M8-06	1.79E+00	2.15E+00	6.77E-01
TCGA-EE-A2MC-06	1.14E+01	1.23E+01	1.75E+00
TCGA-EE-A2MD-06	1.56E+01	1.71E+01	2.09E+00
TCGA-EE-A2ME-06	9.67E-01	1.25E+00	4.76E-01
TCGA-EE-A2MF-06	8.47E+00	8.22E+00	1.92E+00
TCGA-EE-A2MG-06	3.48E+00	4.04E+00	8.80E-01
TCGA-EE-A2MH-06	3.43E+00	3.76E+00	7.42E-01
TCGA-EE-A2MI-06	1.41E+01	1.62E+01	2.50E+00
TCGA-EE-A2MJ-06	1.30E+01	1.31E+01	1.71E+00
TCGA-EE-A2MK-06	4.49E+00	5.10E+00	8.95E-01
TCGA-EE-A2ML-06	1.19E+01	1.36E+01	1.97E+00
TCGA-EE-A2MM-06	7.03E+00	8.12E+00	1.51E+00
TCGA-EE-A2MN-06	2.33E+00	2.70E+00	7.22E-01
TCGA-EE-A2MP-06	7.22E+00	8.62E+00	1.66E+00
TCGA-EE-A2MQ-06	4.75E+00	5.25E+00	1.16E+00
TCGA-EE-A2MR-06	5.30E+00	5.47E+00	3.14E+00
TCGA-EE-A2MS-06	3.52E+01	3.82E+01	3.50E+00
TCGA-EE-A2MT-06	1.67E+01	1.83E+01	2.05E+00
TCGA-EE-A2MU-06	5.16E+00	4.68E+00	2.00E+00
TCGA-EE-A3AA-06	1.14E+01	1.18E+01	1.38E+00
TCGA-EE-A3AB-06	1.32E+01	1.31E+01	6.75E+00
TCGA-EE-A3AC-06	1.52E+01	1.66E+01	1.91E+00
TCGA-EE-A3AD-06	6.53E+00	7.24E+00	1.19E+00
TCGA-EE-A3AE-06	8.78E+00	8.79E+00	1.28E+00
TCGA-EE-A3AF-06	2.44E+01	2.73E+01	3.32E+00
TCGA-EE-A3AG-06	2.63E+01	2.86E+01	2.59E+00
TCGA-EE-A3AH-06	4.68E+00	5.08E+00	8.76E-01
TCGA-EE-A3J3-06	3.11E+00	4.10E+00	1.41E+00
TCGA-EE-A3J4-06	3.75E+00	3.74E+00	1.31E+00
TCGA-EE-A3J5-06	3.86E+01	4.32E+01	5.55E+00
TCGA-EE-A3J7-06	1.75E+01	1.89E+01	2.30E+00
TCGA-EE-A3J8-06	3.51E+00	3.92E+00	1.05E+00
TCGA-EE-A3JA-06	8.99E+00	9.60E+00	1.22E+00
TCGA-EE-A3JB-06	1.28E+01	1.42E+01	2.07E+00
TCGA-EE-A3JD-06	2.57E+01	2.83E+01	3.46E+00
TCGA-EE-A3JE-06	5.89E+00	6.80E+00	1.27E+00
TCGA-EE-A3JH-06	3.66E+00	4.62E+00	1.24E+00
TCGA-EE-A3JI-06	2.08E+01	2.42E+01	4.09E+00
TCGA-ER-A193-06	2.75E+01	2.82E+01	2.36E+00
TCGA-ER-A194-01	2.05E+01	2.24E+01	2.47E+00
TCGA-ER-A195-06	4.35E+00	5.00E+00	8.29E-01
TCGA-ER-A196-01	2.42E-01	2.43E-01	2.66E-01
TCGA-ER-A197-06	1.13E-01	4.72E-01	4.60E-01
TCGA-ER-A198-06	9.50E+00	1.10E+01	1.88E+00
TCGA-ER-A199-06	4.24E+00	4.86E+00	9.75E-01
TCGA-ER-A19A-06	1.40E+00	1.51E+00	4.43E-01
TCGA-ER-A19B-06	1.12E+00	1.54E+00	1.26E+00
TCGA-ER-A19C-06	1.45E+00	1.61E+00	6.59E-01
TCGA-ER-A19D-06	8.16E+00	9.52E+00	1.73E+00
TCGA-ER-A19E-06	7.99E+00	9.85E+00	2.38E+00
TCGA-ER-A19F-06	1.70E+01	1.92E+01	2.63E+00
TCGA-ER-A19G-06	8.32E+00	8.74E+00	1.20E+00
TCGA-ER-A19H-06	5.94E+00	7.00E+00	1.43E+00
TCGA-ER-A19J-06	3.10E+00	3.46E+00	8.12E-01
TCGA-ER-A19K-01	5.57E+00	6.29E+00	1.23E+00
TCGA-ER-A19L-06	1.33E+00	1.62E+00	5.20E-01
TCGA-ER-A19M-06	8.22E+00	9.44E+00	1.50E+00
TCGA-ER-A19N-06	6.50E+00	7.19E+00	1.09E+00
TCGA-ER-A19O-06	2.23E+00	2.63E+00	8.82E-01
TCGA-ER-A19P-06	5.88E+00	8.10E+00	3.16E+00
TCGA-ER-A19Q-06	1.40E+00	1.62E+00	5.72E-01
TCGA-ER-A19S-06	3.70E+00	4.02E+00	9.17E-01
TCGA-ER-A19T-01	5.58E-01	9.47E-01	6.51E-01
TCGA-ER-A19W-06	5.52E+00	6.59E+00	1.55E+00
TCGA-ER-A1A1-06	2.83E+00	3.08E+00	4.19E-01
TCGA-ER-A2NB-01	4.65E-01	8.24E-01	6.76E-01
TCGA-ER-A2NC-06	6.06E+00	7.03E+00	1.26E+00
TCGA-ER-A2ND-06	1.78E+00	2.34E+00	1.11E+00
TCGA-ER-A2NE-06	2.02E+00	2.51E+00	8.50E-01
TCGA-ER-A2NF-01	8.67E-01	1.04E+00	4.39E-01
TCGA-ER-A2NG-06	3.59E+00	3.76E+00	1.12E+00
TCGA-ER-A2NH-06	4.41E+00	5.02E+00	8.69E-01
TCGA-ER-A3ES-06	2.52E-01	2.82E-01	2.92E-01
TCGA-ER-A3ET-06	7.97E-01	1.17E+00	7.92E-01
TCGA-ER-A3EV-06	5.73E-01	8.34E-01	6.78E-01
TCGA-ER-A3PL-06	8.12E+00	9.02E+00	1.10E+00
TCGA-ER-A42H-01	4.82E-01	5.06E-01	4.35E-01
TCGA-ER-A42K-06	4.66E+00	5.67E+00	1.37E+00
TCGA-ER-A42L-06	1.39E+01	1.61E+01	2.63E+00
TCGA-FR-A2OS-01	1.09E-01	2.37E-01	2.69E-01
TCGA-FR-A3R1-01	7.56E+00	8.60E+00	1.38E+00
TCGA-FR-A3YN-06	1.05E+01	1.21E+01	2.01E+00
TCGA-FR-A3YO-06	1.11E+01	1.28E+01	2.15E+00
TCGA-FR-A44A-06	6.23E+00	7.42E+00	1.53E+00
TCGA-FR-A69P-06	4.26E+00	4.61E+00	6.90E-01
TCGA-FR-A726-01	7.61E+01	7.98E+01	4.53E+00
TCGA-FR-A728-01	6.44E+00	7.43E+00	1.47E+00
TCGA-FR-A729-06	6.06E+00	5.53E+00	1.77E+00
TCGA-FR-A7U8-06	3.33E-01	6.15E-01	4.79E-01
TCGA-FR-A7U9-06	1.33E+01	1.35E+01	1.65E+00
TCGA-FR-A7UA-06	1.94E+00	2.20E+00	7.14E-01
TCGA-FR-A8YC-06	3.93E+01	4.29E+01	4.44E+00
TCGA-FR-A8YD-06	9.78E-01	1.16E+00	7.77E-01
TCGA-FR-A8YE-06	5.54E+00	6.02E+00	9.00E-01
TCGA-FS-A1YW-06	2.48E+00	2.93E+00	7.74E-01
TCGA-FS-A1YX-06	5.67E-01	7.12E-01	3.76E-01
TCGA-FS-A1YY-06	4.23E+00	5.01E+00	1.10E+00
TCGA-FS-A1Z0-06	4.02E+00	4.42E+00	1.01E+00
TCGA-FS-A1Z3-06	1.20E+01	1.26E+01	1.60E+00
TCGA-FS-A1Z4-06	1.01E+00	1.19E+00	4.83E-01
TCGA-FS-A1Z7-06	3.96E+00	4.58E+00	7.62E-01
TCGA-FS-A1ZA-06	1.41E+01	1.53E+01	1.98E+00
TCGA-FS-A1ZB-06	2.79E+00	3.24E+00	7.58E-01
TCGA-FS-A1ZC-06	7.80E+00	8.27E+00	1.31E+00
TCGA-FS-A1ZD-06	6.06E+00	7.03E+00	1.29E+00
TCGA-FS-A1ZE-06	2.77E+00	3.54E+00	1.17E+00
TCGA-FS-A1ZF-06	4.39E+00	5.57E+00	1.52E+00
TCGA-FS-A1ZG-06	1.13E-01	3.81E-01	3.72E-01
TCGA-FS-A1ZH-06	7.40E-01	9.21E-01	5.02E-01
TCGA-FS-A1ZJ-06	7.73E-01	9.41E-01	6.08E-01
TCGA-FS-A1ZK-06	3.36E+01	3.67E+01	3.77E+00
TCGA-FS-A1ZM-06	4.52E+00	5.12E+00	1.15E+00
TCGA-FS-A1ZN-01	2.18E+00	2.37E+00	4.68E-01
TCGA-FS-A1ZP-06	4.08E+00	4.66E+00	1.17E+00
TCGA-FS-A1ZQ-06	2.49E+00	2.54E+00	1.31E+00
TCGA-FS-A1ZR-06	2.12E+00	2.55E+00	7.08E-01
TCGA-FS-A1ZS-06	5.75E+00	7.11E+00	1.70E+00
TCGA-FS-A1ZT-06	2.90E+00	3.63E+00	1.18E+00
TCGA-FS-A1ZU-06	4.46E-01	4.24E-01	4.43E-01
TCGA-FS-A1ZW-06	7.70E+00	8.47E+00	1.40E+00
TCGA-FS-A1ZY-06	6.01E-01	6.25E-01	4.32E-01
TCGA-FS-A1ZZ-06	1.06E+01	1.09E+01	1.40E+00
TCGA-FS-A4F0-06	1.26E+01	1.49E+01	2.55E+00
TCGA-FS-A4F4-06	5.60E-01	5.10E-01	5.56E-01
TCGA-FS-A4F5-06	1.01E+01	1.12E+01	1.52E+00
TCGA-FS-A4F8-06	2.67E+00	2.73E+00	6.97E-01
TCGA-FS-A4F9-06	7.47E+00	8.43E+00	1.33E+00
TCGA-FS-A4FB-06	2.51E+00	2.66E+00	7.14E-01
TCGA-FS-A4FC-06	9.24E+00	1.07E+01	1.91E+00
TCGA-FS-A4FD-06	4.79E+00	5.10E+00	8.88E-01
TCGA-FW-A3I3-06	4.84E-01	6.34E-01	5.37E-01
TCGA-FW-A3R5-06	3.01E+01	3.03E+01	6.52E-01
TCGA-FW-A3TU-06	1.52E+01	1.79E+01	3.12E+00
TCGA-FW-A3TV-06	3.63E+00	3.86E+00	6.93E-01
TCGA-FW-A5DX-01	4.35E+00	4.99E+00	1.04E+00
TCGA-FW-A5DY-06	2.13E+00	2.31E+00	4.99E-01
TCGA-GF-A2C7-01	2.38E+00	2.86E+00	7.16E-01
TCGA-GF-A3OT-06	1.13E+01	1.32E+01	2.27E+00
TCGA-GF-A4EO-06	4.73E+00	5.26E+00	1.02E+00
TCGA-GF-A6C8-06	7.76E+00	8.81E+00	1.47E+00
TCGA-GF-A6C9-06	1.82E+01	1.85E+01	2.28E+00
TCGA-GF-A769-01	2.70E+00	3.20E+00	8.52E-01
TCGA-GN-A262-06	1.01E+01	1.21E+01	2.23E+00
TCGA-GN-A263-01	5.39E+00	5.71E+00	7.21E-01
TCGA-GN-A264-06	5.14E-01	6.24E-01	6.05E-01
TCGA-GN-A265-06	5.03E+00	5.30E+00	9.29E-01
TCGA-GN-A266-06	1.86E+01	1.86E+01	2.91E+00
TCGA-GN-A267-06	8.49E+00	9.22E+00	1.32E+00
TCGA-GN-A268-06	5.83E+00	7.01E+00	1.54E+00
TCGA-GN-A269-01	1.02E+01	1.14E+01	1.66E+00
TCGA-GN-A26A-06	6.41E+00	7.00E+00	1.02E+00
TCGA-GN-A26C-01	1.22E+01	1.30E+01	1.78E+00
TCGA-GN-A26D-06	4.72E-01	8.91E-01	5.85E-01
TCGA-GN-A4U3-06	6.12E+00	7.30E+00	1.44E+00
TCGA-GN-A4U4-06	8.43E+00	8.97E+00	1.32E+00
TCGA-GN-A4U5-01	8.91E+00	9.98E+00	1.29E+00
TCGA-GN-A4U7-06	4.50E+00	4.79E+00	8.88E-01
TCGA-GN-A4U8-06	4.74E+00	5.42E+00	1.05E+00
TCGA-GN-A4U9-06	4.11E-01	1.17E+00	9.67E-01
TCGA-GN-A8LK-06	3.28E+01	3.65E+01	4.51E+00
TCGA-GN-A8LL-06	5.66E-01	7.41E-01	6.42E-01
TCGA-GN-A8LN-01	2.30E+00	2.24E+00	9.38E-01
TCGA-GN-A9SD-06	1.96E+00	2.34E+00	9.16E-01
TCGA-HR-A2OG-06	3.62E+00	3.87E+00	7.67E-01
TCGA-HR-A2OH-06	1.77E+00	1.92E+00	5.61E-01
TCGA-HR-A5NC-01	1.57E+00	1.93E+00	7.36E-01
TCGA-IH-A3EA-01	2.05E+01	2.47E+01	4.57E+00
TCGA-LH-A9QB-06	3.53E+00	3.99E+00	9.40E-01
TCGA-OD-A75X-06	1.85E+01	2.21E+01	4.12E+00
TCGA-QB-A6FS-06	1.16E+01	1.26E+01	1.53E+00
TCGA-QB-AA9O-06	2.00E+01	2.03E+01	2.03E+00
TCGA-RP-A690-06	1.74E-01	3.65E-01	3.31E-01
TCGA-RP-A693-06	1.58E+01	1.72E+01	1.90E+00
TCGA-RP-A694-06	6.25E+00	6.89E+00	1.37E+00
TCGA-RP-A695-06	1.45E+01	1.65E+01	2.35E+00
TCGA-RP-A6K9-06	1.36E-01	5.72E-01	5.34E-01
TCGA-W3-A824-06	1.95E+01	2.32E+01	4.41E+00
TCGA-W3-A825-06	1.04E+01	1.14E+01	1.85E+00
TCGA-W3-A828-06	3.61E+01	4.14E+01	5.96E+00
TCGA-W3-AA1O-06	1.08E+01	1.17E+01	1.28E+00
TCGA-W3-AA1Q-06	1.15E+01	1.37E+01	2.59E+00
TCGA-W3-AA1R-06	2.48E+01	2.84E+01	4.25E+00
TCGA-W3-AA1V-06	4.76E+01	4.97E+01	3.80E+00
TCGA-W3-AA1W-06	6.31E+00	7.15E+00	1.39E+00
TCGA-W3-AA21-06	6.95E+00	8.01E+00	1.48E+00
TCGA-WE-A8JZ-06	3.12E+00	3.74E+00	1.06E+00
TCGA-WE-A8K1-06	3.76E+00	4.06E+00	1.13E+00
TCGA-WE-A8K4-01	1.41E+01	1.58E+01	2.10E+00
TCGA-WE-A8K5-06	1.13E+01	1.30E+01	2.16E+00
TCGA-WE-A8K6-06	4.69E+00	5.52E+00	1.16E+00
TCGA-WE-A8ZM-06	1.18E+00	1.41E+00	1.05E+00
TCGA-WE-A8ZN-06	2.93E+00	3.38E+00	8.30E-01
TCGA-WE-A8ZO-06	5.45E+00	6.33E+00	1.19E+00
TCGA-WE-A8ZQ-06	3.32E+00	3.73E+00	9.36E-01
TCGA-WE-A8ZR-06	3.63E-01	2.13E-01	3.92E-01
TCGA-WE-A8ZT-06	8.53E+00	9.92E+00	1.67E+00
TCGA-WE-A8ZX-06	4.28E+00	4.85E+00	1.00E+00
TCGA-WE-A8ZY-06	4.20E+00	4.68E+00	9.73E-01
TCGA-WE-AA9Y-06	1.54E+00	1.76E+00	6.12E-01
TCGA-WE-AAA0-06	2.11E+01	2.30E+01	2.37E+00
TCGA-WE-AAA3-06	2.79E+00	2.90E+00	9.71E-01
TCGA-WE-AAA4-06	2.30E+00	2.39E+00	7.93E-01
TCGA-XV-A9VZ-01	2.58E-01	3.27E-01	3.05E-01
TCGA-XV-A9W2-01	5.52E-01	5.40E-01	4.91E-01
TCGA-XV-A9W5-01	1.16E+00	1.28E+00	7.15E-01
TCGA-XV-AAZV-01	1.61E+00	1.72E+00	5.95E-01
TCGA-XV-AAZW-01	2.03E+00	2.35E+00	9.96E-01
TCGA-XV-AAZY-01	2.59E+00	2.90E+00	5.72E-01
TCGA-YD-A89C-06	1.47E+01	1.57E+01	1.75E+00
TCGA-YD-A9TA-06	2.74E+01	2.84E+01	2.77E+00
TCGA-YD-A9TB-06	1.98E+00	2.10E+00	9.51E-01
TCGA-YG-AA3N-01	1.82E+01	1.98E+01	2.06E+00
TCGA-YG-AA3O-06	1.61E+01	1.79E+01	2.63E+00
TCGA-YG-AA3P-06	3.88E-01	9.01E-01	8.77E-01
TCGA-Z2-A8RT-06	1.60E+01	1.57E+01	2.91E+00
TCGA-Z2-AA3S-06	4.33E+00	5.37E+00	1.33E+00
TCGA-Z2-AA3V-06	6.09E+00	6.75E+00	1.23E+00
