MutationType	SBS96A	SBS96B	SBS96C	SBS96D	SBS96E	SBS96F	SBS96G	SBS96H	SBS96I	SBS96J	SBS96K	SBS96L	SBS96M	SBS96N
A[C>A]A	5.600080531167175e-05	0.0007720765930571362	0.05022445231489428	0.0008866397673207488	0.01116608045852464	0.000151053714586169	0.006612612695219297	0.00015627183305696234	0.0011391107988310979	9.16139331287269e-05	0.01911037189405576	0.0037159015971681524	0.005521309741715186	0.0009737926760319482
A[C>A]C	2.6221196712867822e-05	8.063342817023589e-05	0.046391813586290596	0.002592582291525516	0.015364767655298407	0.0006045486903550313	0.0057986659170038025	0.0020310610658181493	0.000515807644760102	0.0006925132898738	0.022085169934606838	0.0032406690526693184	0.006696449409089613	0.0008805828524236859
A[C>A]G	6.194112107948957e-06	2.775125650575916e-06	0.030418451500501768	0.0011723896448902682	0.010360782353160987	1.106553417688616e-05	9.822934868556954e-05	0.0002199373102312485	8.530534067023864e-06	0.0002215012513574699	0.002601622413701854	0.001472001169843855	0.0015429546861176035	0.00027592870054579774
A[C>A]T	5.616728392163584e-05	7.935849234407139e-05	0.02621312996117675	0.00039777092017660644	0.014941179312299937	0.0025068805164157482	0.002098167831284884	0.0030727271022624337	5.054845655081408e-05	0.00017163100524676623	0.009153644637546279	0.0025106480205555927	0.007573606387504697	0.00040996591115906257
A[C>G]A	2.223149099336297e-06	2.1240877307420192e-05	0.005116158982744371	0.0005048764173778864	0.0032289022885843366	0.00034503089547541774	0.0011091403382466102	7.991301060277674e-41	0.0024222392961382867	0.0005193103640404928	0.04064003441482782	0.0005108629824189848	0.0016576801540407083	2.050436336276107e-09
A[C>G]C	0.00011025564571696775	8.360146325076034e-05	0.0033366085607758576	0.0010564203950798401	0.0017708844827720328	0.00014682032547966628	0.002549477807774374	0.00021369120875855573	0.0016201748231378587	0.0014540134852722986	0.03664906986057758	0.0014393296276718815	0.0016707622788510435	0.0006219282288623163
A[C>G]G	0.0005518338112611332	1.7948057681529405e-05	0.00281346040588734	0.0005711313250971273	0.0012862010912540712	5.991489237797687e-06	0.0015210735590259917	0.0002297032695312673	0.000756732424698292	1.0871773207110636e-05	0.020438241462068164	0.0038909266149132903	0.0030477449896350707	9.692926186152917e-05
A[C>G]T	0.0001529255751863328	2.6498914526342787e-05	0.0011201272821705615	0.0005165229887368237	0.0019001348543679342	0.00035810824708746745	0.002646115774023059	1.2235498870722949e-05	0.0032314285822212696	0.0011395927213408185	0.0420913343913692	0.0006993372081438364	0.0007549516430742864	0.000411588346694316
A[C>T]A	6.122798047731803e-05	0.0002046474012815027	0.011613758942985442	0.003364044373911028	0.012040842191755274	0.010217135575426256	0.03024909319821745	6.384437147062272e-05	0.005103412448661402	0.00825117795400729	0.025570661157835274	0.012748712894026544	0.008477692908891186	0.003100240475978353
A[C>T]C	0.00607605744815535	0.05765870193634498	0.006137777779433803	0.0010535383703046094	0.003993559895127927	0.010931660326622121	0.014063630875186845	0.001627349469054025	8.227799558069294e-06	0.0053820794201975275	0.005007197139602244	0.058100336495560755	0.028220932774902393	0.0003679114251511623
A[C>T]G	2.8025969286496343e-46	2.9312230048985966e-30	0.008027349699576324	0.0003870317585649552	0.0009325611976007237	0.08224279329219655	0.2979582973883953	0.003785650825781772	0.001218843337331652	0.0011665022232478306	0.017275265228808356	0.004093858768840799	0.005935675815310653	0.0032125537335179056
A[C>T]T	0.0011830132907647366	0.01192181461257897	0.0063992306963496295	0.0028299712364745406	0.005066801816537918	0.005210225042670729	0.01681547500194938	0.004338108954639346	0.00023513677981100046	0.0031696866347192556	0.012230376725840611	0.03720479639311648	0.01593897636863403	0.0017649729288184445
A[T>A]A	0.0003300308380369297	0.0010833906201983012	0.007021577592404533	0.001044522217482404	0.0012021347943095505	9.295050226238999e-06	0.0027342702975622045	0.00014731279849613087	0.0001262237310687908	0.004469925268786028	0.0037394304158333024	0.016123464108347606	0.0047467916301869905	5.787545640785652e-05
A[T>A]C	0.0002580300179397636	0.00023769780846764733	0.005881462152367798	0.002160722102920971	0.0011968878463038202	0.002473380948345607	0.005928420219643158	0.000305673302520258	0.0001613367472610696	0.013805751233594492	0.005474775071933067	0.013035452465587696	0.005207393588461855	0.0005414046433132569
A[T>A]G	0.0008356143559835341	9.16954587287222e-05	0.016299959524857143	0.0017409559921944596	0.0021351173856090353	3.931886060197578e-05	0.004686751053741318	0.00021893692727871893	0.0001800825113150495	0.0008578286569947125	0.010713797178033814	0.014464367624400341	0.004472686021746064	0.0004130869423009287
A[T>A]T	0.002505663695746001	0.0019255132671764867	0.004270370818057803	0.0007691655704295639	0.0014594446276269984	0.0024559926904476016	0.004201294182662112	0.000369722150189149	1.32786274608776e-06	0.005747136254431098	0.0014232768336347945	0.031232159527653867	0.007937052577440228	0.0012338782816888737
A[T>C]A	4.500243332586251e-05	0.00013371998845009613	0.014317071855205228	0.0016166769519190894	0.002273387057939544	0.0006961629049412822	0.00897596969103149	0.0030109660700645695	0.00030949154253669066	0.035453640837222335	0.0222767581407345	0.010054619741434435	0.009372032471118246	8.513454244756247e-05
A[T>C]C	9.129906015004962e-05	0.00030289351019423147	0.002354611474329431	0.00041324006524519065	0.0009032682149700122	0.0022556355918641204	0.0073919697053497655	0.00517765945289284	0.000675969988842553	0.025564131746068596	0.011046590360379013	0.003364422610364386	0.007599778730073012	0.0062165958085097376
A[T>C]G	7.556735748774915e-05	0.00019624213287748604	0.013639784867101134	0.0020232951067868064	0.007919803753391862	0.0010651747102338404	0.018971991320953095	0.001889888978912495	0.00016629705351698832	0.06255973804742097	0.014680089588904677	0.010021304060991519	0.010959535531841305	3.452376820742842e-05
A[T>C]T	0.00028987888855242264	1.4274081779888092e-05	0.010782910178208129	0.002118030372703289	7.440661305963659e-05	9.24832255963004e-05	0.01720817460676205	0.0026488974898893503	0.0005066901639480647	0.01375211771344766	0.02159894862227816	0.027846865253996076	0.008305631171679125	0.001268391305602563
A[T>G]A	0.000132363880353763	0.0002619310042783597	0.002075558968135436	0.0007952341887769876	5.838350224170341e-05	9.642895080448355e-06	0.0021674799420616253	0.00016862629181432442	0.00012067724620473742	0.0001574843899323941	0.003380809665467872	0.006095787724331742	0.0026146440946906322	0.0020131172544471097
A[T>G]C	0.00015788424697180302	0.0006400834009673417	0.0007548054907247462	0.00020349467577034374	1.9309884239646636e-05	7.853694976736492e-05	0.002247997845261125	0.0026718898826220538	0.000162494618589335	0.0021919568366138265	0.0036944169562775644	0.0031189904787765955	0.0029169113060925154	0.007689582649618387
A[T>G]G	0.0013341954830154634	0.0003474986015747247	0.002218966799116657	5.864293760623695e-05	0.001040879451519814	9.972131035283382e-05	0.002091750110752528	0.0009581831234047655	6.995279332841164e-05	0.0008530404999913799	0.008694498302706858	0.012220352615373855	0.004698201289761528	0.0015952084509945053
A[T>G]T	4.886287254803358e-05	0.0003328515395125847	0.00037803820530026407	0.0006825178845771518	0.00014017920321919065	7.68360694433312e-05	0.0003519052775730458	0.009959638168802486	1.777738526557826e-05	0.0006642326047062852	0.00025939117901126353	0.001978507956605204	0.010416159288493319	0.036717137694358824
C[C>A]A	0.002054490705489834	0.0006230747871024445	0.031524293730924045	0.0001811713773579271	0.13361658515408636	0.0014200402856153005	0.004835874213508297	0.0006415358997944765	0.00017360825463033584	0.0017939641756604275	0.005099379900503281	0.009648805886777998	0.007631221708276428	0.0014223869832129838
C[C>A]C	0.0006131910144386055	6.514024304566491e-05	0.013940084603691928	0.0007026552473500303	0.15560271129012107	0.006097102708426394	0.0013804810460917593	0.00011387958010026012	2.888999293571004e-08	0.007610313175662729	1.8771565168691496e-05	0.00129960534793506	0.00498077390033969	0.0005625331855501195
C[C>A]G	1.0933421321581713e-05	0.0008962474518603258	0.01453978018587197	0.001127060034095587	0.08671111926436424	0.0015869319864964915	0.0018483471400110574	8.884443073416293e-05	7.678951170397852e-07	0.00416589729816548	2.557811154506595e-05	0.000976790956746143	0.0021375645264804176	4.0673119983125616e-10
C[C>A]T	3.9911448140693694e-05	0.001529050810478374	0.004336875196661101	0.0015118498599435354	0.15293204840147168	0.04614437161662877	0.000911717786378361	0.0005658349723749012	1.927440630091759e-06	0.017825646552911394	4.81174520494676e-08	0.0006987101220623336	0.014010376084665736	3.662585540329388e-06
C[C>G]A	0.00010073030311140485	2.394668559556834e-05	0.00796663496235908	0.0016045349902816142	0.0020761065313459072	4.5935348857995e-11	0.000870783301432958	9.105292050080037e-06	0.006092203920707107	2.9459416355894776e-05	0.039323855041776594	0.001776166802062562	0.0022140107254655737	0.0005000568926978133
C[C>G]C	0.0002922224481368227	0.0003657152987381175	0.009127889889466197	0.0020479525870306286	0.0019464279895500347	2.6657531396603318e-05	0.0013394109193896587	0.0003066776881657542	0.00023916000259663228	4.010759073560521e-06	0.033428877236800075	0.003060482194010099	0.0029669759924063842	0.00013367396628842344
C[C>G]G	0.0005961563757491461	0.0009188247750182654	0.007462591734376625	0.0013200909615129319	0.0021924352502573894	4.66998581724809e-05	0.0019744106570800573	1.1231454857520974e-05	0.00012180348294298191	0.00010113851557069842	0.027602387121327326	0.005511693417628578	0.004019833812589652	7.976677223567208e-05
C[C>G]T	9.026723157035122e-06	0.0005582535433283908	0.0060348810706436495	0.0008969411382358862	0.0018576631619076833	1.654072361869652e-05	0.00106746902151162	0.00023330957010651688	0.005391777057666331	7.302137458001568e-05	0.05542707983404398	0.0011146574791628438	0.0011648052940317947	0.00024228932979951877
C[C>T]A	0.0638089199300589	0.10641654663339505	0.018250321283466917	0.011095104925910912	0.010446452180085402	0.00035684301949570466	0.013098575463581846	0.0035292850264629296	0.002637997615574079	0.00012199705642686355	0.008853037983375849	0.09657362817774563	0.011434674335899538	0.002477895599195321
C[C>T]C	0.009661793162096944	0.32159981682896616	0.00019088499311772366	1.7625884654150223e-05	0.0009647062577209206	0.00024926671631790554	0.0003628389601669998	0.000488511459231058	5.999036300501383e-06	0.0036055037105818142	1.7708489645332679e-07	0.002480021138681474	0.002176399356744625	0.00013597375168575022
C[C>T]G	0.0006905436793059094	0.08432379101139915	0.0075588708315303425	0.0115557887501203	0.003573199082897457	0.06777382866266095	0.2720684600190543	0.00355339899811436	0.0038448087467427604	0.002373104709399172	0.0043125600898185875	0.01347134449879642	0.02389350547665309	0.0018615773684689124
C[C>T]T	0.003653349347935337	0.21410865238706236	0.01217969318002373	0.0036304652562194175	0.007835070414976997	0.0009389776082117862	0.004112435673315716	0.007134693604665506	0.0026276871617137943	0.0009827185472529054	0.016040744635607423	0.01465564578493172	0.049898035351463366	0.0021782369388822008
C[T>A]A	0.00034474901437079523	0.0003570059417574356	0.010262062775295178	0.0010142071195871694	0.0021764913075215373	1.261416707977414e-05	0.0008553806628491856	0.0002208868098523453	0.00022443669218459307	0.0003459495483275532	0.004725554729400336	0.007192607073132256	0.003933198746943205	0.0009591046547828341
C[T>A]C	0.0013549829399023183	0.0005096334776317235	0.012006747567793354	0.0025228593336920823	0.004207937878345501	0.0010836595690944507	0.000627454310279063	0.00043864230276085436	0.00010019061917499048	0.005241917878738605	0.012092747485730799	0.006858208323989682	0.005235998317002668	0.01368475003167987
C[T>A]G	0.00033403782594412296	0.0003811562016488601	0.04244089643990641	0.0037600033615933113	0.011727971996639502	2.5075202282884846e-05	0.0011693524776728826	0.0012340741376829101	4.1904689449587804e-05	0.001800949083933574	0.008801619721635455	0.014757419667452929	0.00879877887623266	0.007506679788930342
C[T>A]T	0.00124316007292677	0.0012360069584235588	0.012014730120863319	0.002165228823898033	0.003552094453600212	6.511773819184441e-07	0.0014577366503389655	0.0002450879244518056	2.507169583054747e-10	0.00025666368996823507	0.012272855235008684	0.016309254556816394	0.006297613645653684	0.03717749522998929
C[T>C]A	0.0010863847457801023	0.0004169272841497099	0.006440019916128074	0.0007904451826082948	0.0026939825585801493	1.7826762170862764e-05	0.0018104692136913059	0.00040764416247611733	4.840111716177209e-05	0.031427941499277946	0.0029166718136003312	0.010404342764144162	0.005337201240228069	0.008402494875481352
C[T>C]C	0.0007534052580742705	1.0649792238837108e-05	0.001802807208803476	0.002318157355454364	0.004184741625067552	0.0008924474209697296	0.0075771670648098425	0.0003456675886991434	0.0001459443358362478	0.020177124865585937	0.012915315684149392	0.007064118002161948	0.004664276198990411	0.0572224085603375
C[T>C]G	0.00012189691003073295	0.00035401188100877347	0.006348118286240823	0.0027042818914156095	0.02181990020477997	0.001806984120606643	0.013899641399536975	0.00033685416310618165	3.5339294541358866e-06	0.07936344789574833	0.0038168065424360976	0.004607690797923851	0.010274249785491917	0.03788293614983559
C[T>C]T	0.002294001194898101	0.001975935476657469	0.007459493814048344	0.0031368008675834625	0.0014784119284610142	4.62097005019757e-06	0.00453388707020981	2.045730361714959e-05	0.00023650259275456164	0.022211720349306744	0.003940604292150809	0.036326345535270546	0.006822292359295379	0.11635803863406181
C[T>G]A	0.00013576039077099647	9.467187432079526e-05	0.0009261123331270937	0.00025132485154159666	0.00011181886616213887	5.234953924386332e-05	0.001235712109305176	0.001362140889832517	2.670942229656248e-05	0.0010761528883085703	0.005444691093320024	0.0016281540787689154	0.002551418767978504	0.004081687659490854
C[T>G]C	0.000598765102768084	0.0006151447446063685	0.0008815971261266508	0.0007059638873033691	0.0009719291560031706	0.0010525963998122734	0.0056668103313692545	0.001518020237709114	0.00014470531858023605	0.005340798812103458	0.005528769731772627	0.003894727065471866	0.0034898765606130792	0.023160792905837297
C[T>G]G	0.0009422777083640156	0.0005340774049119073	0.0012540824191978573	0.0006513834767974913	0.0075401320698438214	0.0007517429707172596	0.004660212338040637	0.0021907878783531485	2.802596928649634e-47	0.010501144065055996	0.019813108243979513	0.00823017143076869	0.006594550342611001	0.016400076104328035
C[T>G]T	5.961341353888372e-10	1.4087431932097161e-09	1.5114959239781457e-09	8.931754004848358e-08	4.260598265304339e-09	3.1532699306353604e-05	3.915440280426452e-06	0.000346135229592442	1.1661858975164918e-08	2.6315771316731685e-07	1.607350519350348e-09	7.182205408184928e-09	4.6994754444718015e-06	0.31473331689834594
G[C>A]A	8.52271691527684e-07	6.734591570420889e-06	0.0542791499917211	1.9942704238928855e-06	0.012967349601374916	0.0015635744767132564	0.010195997125787457	0.0005901552317625658	0.0004921971070848751	1.7558875924095219e-06	0.01997359661431367	0.0016280331882645976	0.008197125064440591	0.004838466156506911
G[C>A]C	1.5128784142994789e-05	5.753657784856314e-05	0.052427403621823035	0.0011054215240892517	0.021041921242765795	0.006743867422919721	0.0013769017636110802	0.00043475539387145546	0.0009408585283017601	0.0034805024898378178	0.012228227436844463	0.002188743772496764	0.0033215160383770126	0.0006674607683544309
G[C>A]G	0.0	0.0	0.038695113241823086	3.903596113019603e-11	0.01585316464489395	0.001733046521488859	0.002194836795504749	0.00011365913726024246	0.000145542391956658	0.0005181862971006534	0.00020541292492408657	0.0015532433751245113	0.0010688337184096496	7.967239291870599e-05
G[C>A]T	0.0	2.222152834292501e-06	0.028674635137678026	0.0001687371629793688	0.017577185943038955	0.02456414429470897	0.0013952677184414597	0.0033670288385292224	0.0004453729213651059	0.0011504622583137093	0.012716663143357891	0.0006183708800464771	0.0076478710608171244	0.0004315307493614995
G[C>G]A	5.0927726053517266e-27	0.0	0.007166574063330131	0.00029524875096683447	0.0029190901269068093	0.0003709573730145621	0.0008166070950765714	0.00011025404162865016	0.002195012642187066	0.0004930879268022892	0.02387356007748309	0.0005317456205316565	0.00039840150262307364	0.0010490664436656515
G[C>G]C	0.00010630299272348329	0.0001060488273657222	0.005109233552288686	0.0011815797754388768	0.006568215376481303	0.00043916296468069047	0.004287179669918259	4.0931345033641264e-05	0.0011044005994335748	0.004356413072673604	0.03162688437464738	0.0016729062050841036	0.0019323571189339096	6.785250114518249e-06
G[C>G]G	0.00021494125812708708	0.00021579688590001923	0.007764984404783633	0.0010564576559628413	0.0030747660010226243	1.7424817520055315e-05	0.0008721880350593736	4.751766790844769e-05	0.0007646564543694012	2.5784680051161857e-05	0.010266922669164841	0.0026024717500074514	0.00156791367588899	1.8312510619011847e-10
G[C>G]T	5.605193857299268e-47	1.5912851088195116e-41	0.0027560529092990295	0.0008142051651652661	0.0027088946257410027	0.0003064192932917109	0.001261111884787649	0.00045134068888728505	0.003293223131913692	0.0013749036717979378	0.03711168551817536	9.058589542590312e-05	0.000889484053276135	0.00018792264267176507
G[C>T]A	0.00010494203823327553	0.00015813815299734024	0.0094963793944298	0.0026210924273302205	0.016447149636805988	0.05376636564731598	0.013092106501661897	0.0005325904459664343	0.009729742063209415	0.025734867826104166	0.02618009201134555	0.006839624611147315	0.008689161320615995	0.00018314539396669717
G[C>T]C	0.01307989012281782	0.04818934645202262	0.006445079442604118	0.001092395519829843	0.012496477254730607	0.09994677932639093	1.810902912069423e-08	0.011098416210562241	0.0005297148821910014	0.053528289963109044	0.0011392532247293755	0.017827518849516083	0.028716748959319603	2.8720275517351012e-05
G[C>T]G	9.109846210719752e-11	1.4986039076347878e-11	0.0016784847435853223	0.00026910783549165983	0.0002977532289193086	0.45409126341342926	0.036413836097269725	0.020184687160974164	0.0005338193820791659	0.0034678446272975805	0.001078556536502109	0.00124162778409531	0.0176677847011122	0.003291575636800327
G[C>T]T	0.011726673885539907	0.0194610560440924	0.006142120147597312	0.0024731403874466195	0.011343078276258894	0.05620765541447326	0.0006583743076771498	0.027219845033077946	2.0497596509017059e-10	0.02767334223521175	0.014583581884828618	0.006257283766121589	0.03000526452002667	0.0006185437145966932
G[T>A]A	0.0006136419449705954	7.433096337610578e-05	0.01094050214489899	0.000958381329701652	0.001816370690849496	6.93643240234465e-06	0.0006978549649981591	0.00025749593497608765	0.0001746473621992095	0.00292732171951684	0.004793717588259412	0.006040189264166766	0.002185678752266931	1.8344525898328357e-10
G[T>A]C	3.859205164303603e-05	0.000207738139913603	0.006368736660934218	0.0014664798754165532	0.0028113700378403906	0.0015195783958172626	0.0030053877127443228	0.00021377720512646191	0.0003546445542269794	0.009953792531741784	0.006176832377960722	0.007117400800955869	0.0034545809479499213	0.002894008369767107
G[T>A]G	0.0007426011938794908	0.0011319777715856328	0.014970284158623528	0.001464376115665118	0.003825427987523849	8.441556885392388e-06	0.0017136430488096722	1.9970092132108875e-05	8.213758453945452e-05	0.0015807141365294086	0.009779362121908353	0.015553768188551089	0.0050222928592035445	0.0005040151724366382
G[T>A]T	0.0006509254001502995	0.00027667920560599414	0.006629595340491505	0.0010105178294433654	0.0011488483956456008	0.0007739878805546141	0.0019919478142805857	0.0001566157911679511	2.2997300038696267e-05	0.0019459435997123365	0.005099895514602224	0.01320798906770051	0.005569644491453118	0.005931710375007242
G[T>C]A	1.5018027710311798e-10	1.4391459002283113e-08	0.0006663045595073314	4.3588766409641266e-08	0.0017643210318916403	0.00010954501172503405	1.803433377123298e-07	0.008463232769729441	8.923621062253418e-06	0.12283986441791057	9.506522946815147e-08	4.0128450390533035e-05	0.009407596424000601	3.459298667962685e-05
G[T>C]C	1.1078115072837846e-07	1.0522854657724068e-05	0.00010993135209364625	5.337671105110075e-10	1.3403420555562206e-05	0.009855107072661724	6.094618184994793e-05	0.02123443473705265	1.1284675456089133e-05	0.056364132910966876	0.0001033964130809295	0.0003010760948211555	0.02066227402600134	0.01050173281226307
G[T>C]G	2.6661382073731686e-05	1.9565976907234272e-05	0.0006485938049212879	0.0004075124365340166	0.004292096095107638	0.0007638432942475504	0.0006250558977613707	0.004654154582942738	4.89673387782316e-05	0.10504792600870133	6.732297894274097e-08	0.0007345597183763463	0.007751214873274765	0.007234423080602994
G[T>C]T	0.012573468523916862	0.0006763305843884026	0.0008518284988185299	0.00018963192990067767	1.0675631328211921e-05	9.94281955728482e-07	0.00421467116646987	0.008483099089153647	0.0	0.05547837660798763	0.000509005309948809	0.06742515121937469	0.014436904700331822	0.005101680738533716
G[T>G]A	8.598560801932109e-05	5.3465370990579685e-05	0.0006993032618000328	0.0003558306884048202	9.651121686818698e-05	4.8613384136615424e-05	0.0013960926299631637	0.0012776249374223834	9.852754801272568e-05	0.0002808940116449321	0.0061810690438233	0.0038632107320421484	0.002986096543253751	0.0014606151958685132
G[T>G]C	0.0003504697506564262	0.00018812208436180873	0.0008180692285350233	0.00020298921430367045	7.501133259211202e-05	0.0019139566268131603	0.0011475124489130502	0.002384242454259038	3.5012778890548924e-05	0.0007492758041917114	0.004522978919341867	0.0028757817267614882	0.003579779924766626	0.009619692307896912
G[T>G]G	0.002934097907985027	0.0005252057785864185	0.0012181945206651266	5.434494809719581e-10	0.001322519670067806	0.0007720966620150002	0.002604503519819197	0.0008673027844633908	0.0	0.0013787261056187106	0.012147628025166668	0.01744374951622916	0.006405916890768033	0.0037034229258019733
G[T>G]T	0.0006971160199130822	0.00040163939133155464	0.0002454648560749109	0.0007771874326243733	0.0004585426084628352	0.0016576154686364219	1.97475794072588e-08	0.00019515628948469477	0.0	0.0013145002805138972	0.00011317877908851887	0.0024718902134844354	0.00037928556490953726	0.0805703398026526
T[C>A]A	0.00019575022412920425	0.0005321204269944246	0.04882413308136165	0.001412782455669666	0.015310529779071658	0.00013597738431826657	0.0034521631180100794	0.015227781293797307	0.05071868923914735	1.9912483548978345e-06	0.0014424436085935354	0.00928405145329325	0.019397618741361408	0.0028557333806737443
T[C>A]C	0.0022241933273446494	0.0011494794286477448	0.06711994055636757	0.004118266350772109	0.035194409429095685	0.002369309232053638	0.005098775209435884	0.003742064776598093	0.023853198171127587	4.793774178324384e-07	0.01100633145136115	0.020278126198336396	0.012070463262498379	0.00029025123614701443
T[C>A]G	0.00017043461409684823	4.755781264975667e-06	0.028432811507955194	0.0009400066681128748	0.007745770845035054	0.0007710152486288279	0.002828592990142624	0.0006387072705547326	0.009266563104465603	0.00013481000851342628	0.0027653484248805426	0.0044070907939244815	0.0033799891671361594	0.0002743318168498021
T[C>A]T	2.802596928649634e-47	4.4642835206332167e-10	0.012938115314142032	9.487293872098234e-05	0.05494061665954862	0.0035718213460801886	1.837380724963386e-07	0.10467433271333221	0.019039287253273186	2.9093770745314272e-05	0.00019476784212263656	0.0006349926229282676	0.12614186856731735	0.013372003413568478
T[C>G]A	7.910365055021642e-11	5.432926535320349e-09	0.00011232649503561731	3.0643107879493314e-05	0.00014174538105096168	3.594760100977812e-09	5.088886995197051e-07	3.1571802782348613e-06	0.27986677184700964	2.4123929033004197e-08	8.646204710828442e-05	6.496576363623774e-07	2.0291557801765946e-06	1.9356734482389725e-07
T[C>G]C	0.0008907745439501208	0.0008810117116464644	0.004986810141603684	0.0014769532240461558	0.002866492848536928	9.082956676138565e-06	0.0020834767361358787	8.655518272462359e-05	0.09168962299823762	0.00035564696458107765	0.03630747487011718	0.0061115744593476925	0.0023513777638397367	8.362533609233224e-05
T[C>G]G	0.00020372051116343697	0.0003423447228647092	0.0037237858221272546	0.0005605212633269642	0.0004839911916088724	2.1015965781714385e-05	0.00041372863067023146	0.0002039236231348518	0.03323247449472547	1.6473930093141576e-06	0.011457519047238235	0.0038685808495757357	0.0017108339856898613	0.0001497221349625022
T[C>G]T	5.889813023742389e-05	5.818971534287815e-05	0.00015502764416729152	0.0008537108514843886	5.4903641027715155e-05	9.98770314120101e-06	9.142608531576002e-08	0.0002898729866299722	0.34430679216980936	0.0007329593958133174	0.0049170169272974105	0.00010162404830197147	0.0004733504733948024	0.0007386632490202061
T[C>T]A	0.03699560226324986	0.00014306106126436922	0.00390938980058209	0.5779387226537801	0.0015990578182320725	0.0003205120815535345	0.00022962322131866316	0.007836493304276501	0.053308889836551396	0.002020804105531917	0.0003539505379426769	0.0012377734229104221	0.0011563739495417055	0.001279904656420793
T[C>T]C	0.6836966568231583	0.00942589523962696	0.0025263070814807755	0.014770627173626906	0.006059070501618517	1.2564536631209933e-06	7.579384427902649e-06	0.004474965012728784	0.005682607222131304	1.7914101994775667e-05	1.1582177795412803e-06	0.0054808056234814115	0.00364532796981301	8.742530499617374e-05
T[C>T]G	0.1003007131937374	0.002129253741323262	7.073352172168325e-06	0.057711489561508386	3.9221598752945915e-05	0.016704444190753235	0.05100259958293051	0.589284421056509	0.000872760098162916	0.00014970230656703254	3.567188350928063e-08	0.000155993224965858	0.017677152164619354	0.0014658568147832619
T[C>T]T	0.008235351264998542	0.08849472044937472	0.0013193122222514779	0.22835090634854005	0.0005192281510856271	1.1857560418278012e-05	0.002255798670092393	0.021097183670098333	0.025027023569137264	2.7765588419841338e-05	0.0006836755671473511	0.027898196739713672	0.13382974083306695	0.001965543766107771
T[T>A]A	0.000690718525428764	0.0004340272866669892	0.007038726313750914	0.0008469261604903977	0.001063505371046692	0.000283562623723963	0.003728263459091128	0.0005264797123842868	0.00012785214449106418	0.001537959625638905	0.0032138996804515685	0.01668817358372536	0.005340874908182798	0.00010286332294327849
T[T>A]C	0.001247209908378873	0.0012463355258421425	0.007205008325728101	0.0012934952074994755	0.0008188261518976958	0.00048321984573988173	0.0033229654442914125	0.00014905887451959642	6.995137430692466e-05	0.0012543584662239482	0.006087893681639684	0.018744251777318796	0.006903361813878739	0.00168456932756591
T[T>A]G	0.0009180072526698879	0.0005507696951814012	0.009698311193729835	0.000710714918859896	0.002381600447557375	1.4000673509428908e-10	0.0007875062061770777	0.0003597678568473839	1.3754619430983438e-06	0.0005116716905968132	0.00530644945441999	0.01183213853158069	0.004294568732506577	0.0009413139094067446
T[T>A]T	0.004822140318159711	0.0029986331267205	0.005621378007683262	0.0009938422780613276	0.0007136145512653763	1.2749422900082408e-05	0.003482662026279151	0.0005031812051822727	2.802596928649634e-47	4.095868088016985e-05	0.0032586631607708703	0.030539821984804122	0.011310314052986038	0.00597000730804158
T[T>C]A	0.0027654912866498195	0.00025640605490710283	0.0023852054401222594	0.0008667577811365846	0.0017027865950529986	0.00018675920706726586	0.0024739737787929173	0.002128768278067241	0.00011744460131012602	0.028563935093006875	0.0029709775964578	0.02629794442560524	0.005218364806191431	0.0014645249356695445
T[T>C]C	0.0014477264494524888	0.000766683813096916	0.0026119449624820846	0.0008039456211724711	0.0002627468442865839	0.002888243245834019	0.006094216295532533	0.006871624293416971	0.00021607605800909397	0.027303600469604134	0.0034494097766582855	0.020186668367823585	0.012168907739105634	0.011038260194472968
T[T>C]G	0.0012172669889757928	0.0005897644850341522	0.0032418813443406695	0.001495765492800274	0.005181413623070077	0.002074617041080172	0.005739682446801453	0.001343215967390808	0.00017806523875378848	0.031747389379888774	0.0017591377484496634	0.021789081959432223	0.008188505722646369	0.004481601618463174
T[T>C]T	0.00144714520188586	0.0019503246872830005	0.004370214686859981	0.0009982023429650866	0.00046675498757394964	0.00031968683454799084	0.005472816502351705	0.004903560407251178	4.386738303765014e-05	0.01818286345805973	0.0046055210923699975	0.022017833499436677	0.013530273755711045	0.007226983323926106
T[T>G]A	0.00031055213074836284	0.00033825505919796937	0.0008952030480494023	0.00031761566085606316	1.0730129163647462e-05	7.761481230392775e-06	0.0010927445023879922	0.0034285686840355824	0.0001296167705147333	5.777540354756638e-06	0.005411677592531419	0.006035134101346635	0.005519713283288752	0.00225448325281377
T[T>G]C	0.0009356317917873013	0.0007023059707149905	0.0018140751522075504	0.0004845822443160408	5.452455206734541e-05	2.3984554875333685e-05	0.0018104307716408563	0.007223095270890098	0.00015132271969058307	0.0005844455114370817	0.0018165371553061328	0.010199542158989203	0.012818016725863118	0.013201604131609201
T[T>G]G	0.0003009690541159073	0.0007873948670157915	0.0033715390766074814	0.0003448438633495243	0.0007619765921890578	0.00013890473820524107	0.0027528685904835014	0.0014714263676432894	0.00016524996829627624	0.0003489658620269544	0.010254854028642839	0.007924960069758766	0.0062319013770888885	0.004438005736919877
T[T>G]T	0.0018354307632375822	0.00010440290069181124	0.0001325293225831703	6.903450860740211e-08	4.604691857162946e-07	1.8536144041902957e-09	1.7855063918492674e-08	0.04251281480712407	4.179618145876418e-06	1.15042340986804e-09	1.172990093545323e-07	0.0004336441809197922	0.03787745330271552	0.06854322832077742
