Samples	SBS96A	SBS96B	SBS96C	SBS96D	SBS96E	SBS96F	SBS96G	SBS96H
TCGA-3M-AB46-01	9	35	15	4	119	0	0	16
TCGA-3M-AB47-01	42	4	11	18	36	0	7	23
TCGA-B7-5816-01	295	420	207	96	44	262	59	24
TCGA-B7-5818-01	0	32	31	99	186	18	94	34
TCGA-B7-A5TI-01	234	187	140	71	16	26	1	18
TCGA-B7-A5TJ-01	102	14	44	39	39	0	57	17
TCGA-B7-A5TK-01	31	5	2	1	29	2	0	0
TCGA-B7-A5TN-01	31	5	0	3	37	3	4	17
TCGA-BR-4183-01	26	0	3	22	9	3	5	2
TCGA-BR-4184-01	135	75	3492	179	1	198	2	55
TCGA-BR-4187-01	13	0	5	0	11	0	0	9
TCGA-BR-4188-01	63	14	1	0	19	0	6	0
TCGA-BR-4191-01	0	39	14	26	147	0	0	28
TCGA-BR-4201-01	452	380	287	201	0	137	0	40
TCGA-BR-4253-01	16	8	5	15	35	4	13	8
TCGA-BR-4255-01	24	0	3	2	24	12	2	7
TCGA-BR-4256-01	209	307	200	192	12	155	62	0
TCGA-BR-4257-01	273	362	181	151	0	176	28	62
TCGA-BR-4267-01	14	7	0	0	58	5	11	12
TCGA-BR-4279-01	20	6	0	3	7	5	0	20
TCGA-BR-4280-01	131	296	163	0	40	75	67	0
TCGA-BR-4292-01	849	260	227	0	43	85	15	17
TCGA-BR-4294-01	0	3	9	2	21	4	0	0
TCGA-BR-4357-01	16	33	5	19	153	5	63	25
TCGA-BR-4361-01	189	568	424	349	0	1372	26	13
TCGA-BR-4362-01	581	329	264	24	32	312	167	0
TCGA-BR-4363-01	190	189	85	21	0	66	16	19
TCGA-BR-4366-01	36	12	13	16	73	9	20	0
TCGA-BR-4368-01	392	357	280	221	19	157	8	0
TCGA-BR-4369-01	29	0	20	16	65	0	80	23
TCGA-BR-4370-01	570	230	198	62	54	41	6	61
TCGA-BR-4371-01	86	2	17	8	56	0	14	20
TCGA-BR-6452-01	41	1327	1178	929	253	2171	158	70
TCGA-BR-6453-01	40	0	17	3	26	5	135	0
TCGA-BR-6454-01	14	7	12	27	60	16	25	18
TCGA-BR-6455-01	33	4	24	21	29	2	2	0
TCGA-BR-6456-01	2	1	0	22	13	7	2	0
TCGA-BR-6457-01	42	4	1	6	37	5	36	10
TCGA-BR-6458-01	57	0	11	1	37	0	266	3
TCGA-BR-6563-01	37	4	5	0	13	8	11	8
TCGA-BR-6564-01	6	1	3	0	19	0	0	12
TCGA-BR-6565-01	29	25	5	0	78	8	4	27
TCGA-BR-6566-01	221	349	224	70	22	90	42	30
TCGA-BR-6705-01	37	4	0	2	37	8	26	2
TCGA-BR-6706-01	27	11	5	0	18	20	148	14
TCGA-BR-6707-01	38	2	6	0	36	3	0	5
TCGA-BR-6709-01	0	8	9	4	21	1	6	4
TCGA-BR-6801-01	16	0	0	33	5	5	0	2
TCGA-BR-6802-01	68	107	234	36	8	42	12	17
TCGA-BR-6803-01	7	0	0	0	9	2	0	1
TCGA-BR-6852-01	231	323	324	105	27	83	45	34
TCGA-BR-7196-01	3	2	10	33	31	1	6	0
TCGA-BR-7197-01	61	0	9	31	33	0	77	13
TCGA-BR-7703-01	265	199	117	65	61	43	16	11
TCGA-BR-7704-01	25	25	8	40	216	12	97	26
TCGA-BR-7707-01	441	390	296	104	4	204	63	26
TCGA-BR-7715-01	45	9	15	15	34	6	21	22
TCGA-BR-7716-01	0	10	6	15	132	0	10	22
TCGA-BR-7717-01	60	9	11	0	50	10	33	5
TCGA-BR-7722-01	16	0	8	9	14	6	0	5
TCGA-BR-7723-01	38	16	0	24	47	12	71	0
TCGA-BR-7851-01	582	376	268	193	0	120	4	28
TCGA-BR-7901-01	38	9	4	0	102	16	49	11
TCGA-BR-7957-01	18	2	4	5	20	0	2	10
TCGA-BR-7958-01	13	11	13	45	80	1	39	6
TCGA-BR-7959-01	19	3	13	27	33	1	17	12
TCGA-BR-8058-01	5	1	2	0	31	12	5	4
TCGA-BR-8059-01	167	171	97	71	172	64	72	22
TCGA-BR-8060-01	19	9	2	55	86	24	86	0
TCGA-BR-8077-01	33	6	13	11	48	7	7	16
TCGA-BR-8078-01	535	473	329	13	46	110	31	67
TCGA-BR-8080-01	49	27	22	0	47	3	56	19
TCGA-BR-8081-01	353	292	205	58	36	41	18	19
TCGA-BR-8284-01	150	54	66	53	43	11	12	12
TCGA-BR-8285-01	36	0	8	20	31	5	19	1
TCGA-BR-8286-01	16	0	24	34	49	14	27	4
TCGA-BR-8289-01	28	24	10	24	58	6	74	15
TCGA-BR-8291-01	6	3	1	0	14	0	4	4
TCGA-BR-8295-01	7	4	6	0	21	1	11	7
TCGA-BR-8296-01	41	0	6	0	43	0	0	0
TCGA-BR-8297-01	31	1	29	33	53	19	125	0
TCGA-BR-8360-01	296	206	274	107	25	59	12	21
TCGA-BR-8361-01	527	384	327	278	0	156	44	24
TCGA-BR-8363-01	260	324	245	190	34	183	79	15
TCGA-BR-8364-01	4	3	0	5	7	3	1	2
TCGA-BR-8365-01	8	0	0	14	6	1	0	0
TCGA-BR-8366-01	6	10	26	40	34	9	77	8
TCGA-BR-8367-01	25	0	13	5	18	4	7	3
TCGA-BR-8368-01	491	221	181	95	7	56	22	0
TCGA-BR-8369-01	56	13	19	29	55	14	70	0
TCGA-BR-8370-01	42	14	11	23	45	0	7	0
TCGA-BR-8371-01	6	3	0	5	3	5	3	0
TCGA-BR-8372-01	257	411	213	0	59	429	34	41
TCGA-BR-8373-01	31	16	3	1	28	7	9	18
TCGA-BR-8380-01	42	0	8	0	22	0	8	11
TCGA-BR-8381-01	32	0	20	41	59	4	7	0
TCGA-BR-8382-01	385	305	194	17	42	38	29	15
TCGA-BR-8384-01	13	3	5	12	15	2	12	0
TCGA-BR-8483-01	48	8	23	1	48	4	17	5
TCGA-BR-8484-01	20	0	7	9	36	8	14	6
TCGA-BR-8485-01	21	3	2	17	33	30	275	7
TCGA-BR-8486-01	10	8	9	8	24	9	0	0
TCGA-BR-8487-01	654	853	530	526	0	630	0	0
TCGA-BR-8588-01	50	11	8	25	27	3	27	0
TCGA-BR-8589-01	0	84	0	0	43	35	1135	92
TCGA-BR-8590-01	35	15	0	5	32	1	67	0
TCGA-BR-8591-01	405	530	270	173	39	166	43	1
TCGA-BR-8592-01	24	0	1	9	0	6	1	2
TCGA-BR-8676-01	27	4	5	2	37	2	13	9
TCGA-BR-8677-01	23	0	0	16	34	5	0	6
TCGA-BR-8678-01	30	3	6	10	56	0	2	29
TCGA-BR-8679-01	55	0	31	21	65	8	20	0
TCGA-BR-8680-01	66	124	479	74	3	159	59	6848
TCGA-BR-8682-01	47	0	3	0	19	0	3	12
TCGA-BR-8683-01	46	7	14	33	63	17	4	3
TCGA-BR-8686-01	30	0	11	30	57	0	4	6
TCGA-BR-8687-01	0	2	6	57	19	7	142	0
TCGA-BR-8690-01	37	16	18	0	76	16	14	16
TCGA-BR-A44T-01	7	1	1	6	0	2	0	6
TCGA-BR-A44U-01	59	9	0	0	24	3	16	0
TCGA-BR-A452-01	15	0	2	2	62	0	37	13
TCGA-BR-A453-01	5	20	19	33	5	0	0	4
TCGA-BR-A4CQ-01	48	4	9	62	73	9	17	2
TCGA-BR-A4CR-01	15	21	7	12	28	0	2	0
TCGA-BR-A4CS-01	39	3	13	44	65	0	7	23
TCGA-BR-A4IU-01	9	4	1	3	0	1	0	10
TCGA-BR-A4IV-01	0	6	5	7	14	2	5	1
TCGA-BR-A4IY-01	55	19	6	0	88	11	2	6
TCGA-BR-A4IZ-01	12	0	1	0	2	0	2	3
TCGA-BR-A4J1-01	21	0	9	0	38	6	4	9
TCGA-BR-A4J2-01	40	3	4	0	13	0	3	7
TCGA-BR-A4J4-01	38	1	0	45	12	5	0	0
TCGA-BR-A4J5-01	52	5	3	4	24	9	18	0
TCGA-BR-A4J6-01	1	4	1	4	25	2	2	0
TCGA-BR-A4J7-01	23	0	17	9	9	5	3	2
TCGA-BR-A4J8-01	40	0	11	0	35	11	6	12
TCGA-BR-A4J9-01	20	4	0	6	12	2	4	0
TCGA-BR-A4PD-01	1	2	10	25	45	18	86	6
TCGA-BR-A4PE-01	63	0	34	34	83	4	36	1
TCGA-BR-A4PF-01	20	7	17	22	43	4	5	1
TCGA-BR-A4QI-01	26	6	16	10	62	0	19	11
TCGA-BR-A4QL-01	848	326	394	171	47	107	33	26
TCGA-BR-A4QM-01	23	5	17	11	32	7	18	10
TCGA-CD-5798-01	27	3	16	3	43	0	11	17
TCGA-CD-5799-01	17	4	10	3	16	1	1	5
TCGA-CD-5800-01	31	0	25	37	88	2	2	18
TCGA-CD-5801-01	33	52	0	44	117	23	198	78
TCGA-CD-5802-01	7	0	2	21	28	5	0	1
TCGA-CD-5803-01	8	2	7	0	25	0	1	2
TCGA-CD-5804-01	27	0	9	18	24	8	1	2
TCGA-CD-5813-01	49	17	15	0	94	20	12	16
TCGA-CD-8524-01	62	6	21	34	41	8	16	2
TCGA-CD-8525-01	14	3	5	0	55	0	4	18
TCGA-CD-8526-01	12	0	13	10	15	1	2	4
TCGA-CD-8527-01	80	34	47	52	49	15	24	7
TCGA-CD-8528-01	72	24	1	3	26	1	4	4
TCGA-CD-8529-01	25	45	17	23	353	7	5	30
TCGA-CD-8530-01	23	0	7	2	37	2	39	5
TCGA-CD-8531-01	37	44	41	49	98	34	16	6
TCGA-CD-8532-01	15	0	2	3	15	9	1	5
TCGA-CD-8533-01	81	3	7	0	48	7	2	7
TCGA-CD-8534-01	16	0	12	14	27	3	0	0
TCGA-CD-8535-01	0	0	26	90	81	0	114	23
TCGA-CD-8536-01	340	236	190	127	0	65	4	1
TCGA-CD-A486-01	25	0	23	13	40	2	1	8
TCGA-CD-A487-01	13	0	11	52	55	0	74	10
TCGA-CD-A489-01	17	6	5	2	43	4	9	10
TCGA-CD-A48A-01	43	0	14	30	65	22	89	28
TCGA-CD-A48C-01	52	10	14	1	81	0	83	31
TCGA-CD-A4MG-01	480	1021	596	219	0	216	6	60
TCGA-CD-A4MH-01	20	5	14	21	30	7	2	0
TCGA-CD-A4MI-01	257	395	201	124	9	54	12	59
TCGA-CD-A4MJ-01	214	201	131	65	12	86	11	0
TCGA-CG-4300-01	45	2	10	29	32	15	24	6
TCGA-CG-4301-01	13	2	3	9	35	2	0	0
TCGA-CG-4304-01	14	10	4	0	44	3	2	6
TCGA-CG-4305-01	322	386	234	206	7	115	36	5
TCGA-CG-4306-01	543	272	153	92	55	76	1	0
TCGA-CG-4436-01	68	0	5	0	52	9	85	1
TCGA-CG-4437-01	74	80	37	15	378	22	11	32
TCGA-CG-4438-01	39	24	4	0	89	7	3	5
TCGA-CG-4440-01	14	11	16	6	61	0	16	29
TCGA-CG-4441-01	41	10	2	16	17	2	29	18
TCGA-CG-4442-01	329	467	236	107	0	378	8	55
TCGA-CG-4443-01	8	7	9	5	80	7	1	0
TCGA-CG-4444-01	23	0	10	31	45	0	119	2
TCGA-CG-4449-01	4	0	17	19	40	11	5	15
TCGA-CG-4455-01	3	0	0	16	29	3	3	0
TCGA-CG-4460-01	1210	309	350	86	0	135	1	110
TCGA-CG-4462-01	45	0	4	0	20	1	15	12
TCGA-CG-4465-01	83	238	151	114	8	40	38	15
TCGA-CG-4466-01	36	1	9	11	65	3	107	16
TCGA-CG-4469-01	47	5	33	52	49	3	175	21
TCGA-CG-4474-01	48	10	9	1	26	3	0	10
TCGA-CG-4475-01	16	10	0	3	31	6	2	5
TCGA-CG-4476-01	22	11	7	16	75	8	1	6
TCGA-CG-4477-01	15	3	1	12	35	0	3	2
TCGA-CG-5716-01	10	0	0	0	4	5	0	5
TCGA-CG-5717-01	3	22	8	0	106	8	8	9
TCGA-CG-5718-01	11	0	10	30	43	5	3	5
TCGA-CG-5719-01	31	1	1	12	37	7	0	1
TCGA-CG-5720-01	27	6	5	11	43	6	5	0
TCGA-CG-5721-01	527	296	428	75	0	3623	15	0
TCGA-CG-5722-01	38	8	0	0	46	3	1	8
TCGA-CG-5723-01	470	387	451	118	38	327	25	57
TCGA-CG-5724-01	34	5	10	25	26	2	35	6
TCGA-CG-5725-01	8	0	4	13	16	0	2	7
TCGA-CG-5726-01	329	304	405	55	67	160	0	108
TCGA-CG-5727-01	61	12	7	2	83	0	3	35
TCGA-CG-5728-01	561	415	265	1	89	143	31	30
TCGA-CG-5730-01	37	0	20	40	83	6	0	16
TCGA-CG-5732-01	15	2	0	24	26	6	6	0
TCGA-CG-5733-01	308	386	196	150	0	67	20	66
TCGA-CG-5734-01	27	6	18	11	22	2	14	12
TCGA-D7-5577-01	17	0	9	46	39	4	15	14
TCGA-D7-5578-01	80	5	16	15	80	13	79	5
TCGA-D7-5579-01	19	23	7	0	62	0	33	30
TCGA-D7-6518-01	22	3	14	13	32	0	11	9
TCGA-D7-6519-01	14	5	0	1	35	4	0	8
TCGA-D7-6520-01	16	0	7	9	30	4	5	5
TCGA-D7-6521-01	25	0	6	7	32	0	0	18
TCGA-D7-6522-01	24	6	4	0	20	0	10	2
TCGA-D7-6524-01	55	3	1	0	33	9	0	23
TCGA-D7-6525-01	18	1	19	24	62	2	48	27
TCGA-D7-6526-01	31	5	14	38	100	0	65	15
TCGA-D7-6527-01	36	1	16	0	75	1	128	10
TCGA-D7-6528-01	13	0	31	37	128	6	177	30
TCGA-D7-6815-01	44	0	28	63	29	0	7	0
TCGA-D7-6817-01	25	11	12	12	26	8	11	0
TCGA-D7-6818-01	9	0	18	24	15	8	118	0
TCGA-D7-6820-01	25	11	2	2	72	5	2	2
TCGA-D7-6822-01	36	14	8	0	76	16	136	21
TCGA-D7-8570-01	40	0	12	19	76	0	6	1
TCGA-D7-8572-01	26	1	11	54	95	5	9	21
TCGA-D7-8573-01	37	13	6	4	26	5	8	6
TCGA-D7-8574-01	22	6	1	4	13	0	3	0
TCGA-D7-8575-01	19	4	0	3	20	2	0	9
TCGA-D7-8576-01	19	1	12	16	16	7	0	0
TCGA-D7-8578-01	29	0	15	14	7	1	0	1
TCGA-D7-8579-01	37	0	16	0	11	9	62	8
TCGA-D7-A4YT-01	31	45	15	0	233	3	11	26
TCGA-D7-A4YU-01	66	10	16	19	82	7	68	17
TCGA-D7-A4YV-01	394	205	225	121	0	23	18	14
TCGA-D7-A4YX-01	51	0	4	13	26	6	0	0
TCGA-D7-A4YY-01	108	114	109	102	13	19	72	13
TCGA-D7-A4Z0-01	24	0	18	0	0	0	322	2
TCGA-D7-A6ET-01	10	2	0	6	14	1	0	1
TCGA-D7-A6EV-01	67	20	14	6	58	4	26	9
TCGA-D7-A6EX-01	20	6	12	35	49	0	10	21
TCGA-D7-A6EY-01	405	422	285	0	84	237	128	0
TCGA-D7-A6EZ-01	23	30	21	0	194	12	21	13
TCGA-D7-A6F0-01	17	2	26	26	56	0	10	20
TCGA-D7-A6F2-01	37	8	0	0	36	6	1	2
TCGA-D7-A747-01	12	0	4	22	25	0	63	0
TCGA-D7-A748-01	14	0	11	12	1	0	8	5
TCGA-D7-A74A-01	44	0	0	12	129	0	0	10
TCGA-D7-A74B-01	9	4	0	10	9	3	3	4
TCGA-EQ-5647-01	17	0	5	5	58	6	7	12
TCGA-EQ-8122-01	29	0	27	61	78	9	12	12
TCGA-EQ-A4SO-01	13	23	10	0	133	12	6	8
TCGA-F1-6177-01	580	323	260	166	0	46	20	0
TCGA-F1-6874-01	244	245	167	258	0	53	11	13
TCGA-F1-6875-01	41	8	0	18	31	6	8	3
TCGA-F1-A448-01	250	214	122	0	22	45	15	0
TCGA-F1-A72C-01	19	0	9	7	16	3	7	0
TCGA-FP-7735-01	13	1	0	13	39	0	0	5
TCGA-FP-7829-01	41	7	36	91	75	0	27	29
TCGA-FP-7916-01	42	8	19	13	35	0	2	6
TCGA-FP-7998-01	18	0	8	10	30	4	3	8
TCGA-FP-8099-01	54	7	16	26	34	0	0	36
TCGA-FP-8209-01	0	0	1	0	0	0	0	0
TCGA-FP-8210-01	0	4	0	0	0	1	0	0
TCGA-FP-8211-01	0	21	8	0	70	3	4	10
TCGA-FP-8631-01	6	10	4	17	60	0	7	16
TCGA-FP-A4BE-01	761	437	260	84	0	66	33	0
TCGA-FP-A4BF-01	32	0	25	8	37	3	8	9
TCGA-FP-A8CX-01	29	6	1	11	37	8	12	10
TCGA-FP-A9TM-01	59	4	19	47	72	6	1	0
TCGA-HF-7131-01	8	0	1	5	78	3	20	0
TCGA-HF-7132-01	485	349	327	101	18	50	21	29
TCGA-HF-7133-01	18	5	13	19	31	1	2	0
TCGA-HF-7134-01	63	0	18	62	85	7	107	13
TCGA-HF-7136-01	22	2	18	0	39	5	4	6
TCGA-HF-A5NB-01	511	413	319	46	0	222	45	0
TCGA-HJ-7597-01	433	227	108	18	8	82	0	0
TCGA-HU-8238-01	34	0	13	28	59	5	51	12
TCGA-HU-8243-01	64	8	9	3	59	9	3	6
TCGA-HU-8244-01	92	3	0	20	37	4	9	0
TCGA-HU-8245-01	18	15	9	0	19	7	6	3
TCGA-HU-8249-01	56	7	24	26	47	0	3	12
TCGA-HU-8602-01	737	552	265	0	16	136	15	40
TCGA-HU-8604-01	58	0	30	52	44	0	44	30
TCGA-HU-8608-01	15	2	18	15	38	9	1	7
TCGA-HU-8610-01	18	0	11	0	19	0	6	15
TCGA-HU-A4G2-01	16	0	2	16	12	6	0	11
TCGA-HU-A4G3-01	38	7	9	31	21	0	11	9
TCGA-HU-A4G6-01	26	1	11	28	17	0	7	6
TCGA-HU-A4G8-01	603	325	287	130	16	245	13	2
TCGA-HU-A4G9-01	349	271	112	0	18	56	23	22
TCGA-HU-A4GC-01	66	0	24	1	38	6	20	15
TCGA-HU-A4GD-01	31	9	0	3	55	6	3	0
TCGA-HU-A4GF-01	33	10	28	3	48	6	26	15
TCGA-HU-A4GH-01	5	3	23	7	23	14	874	10
TCGA-HU-A4GJ-01	1	0	0	5	0	0	0	0
TCGA-HU-A4GN-01	398	370	274	140	26	58	18	15
TCGA-HU-A4GP-01	59	8	34	26	94	8	12	22
TCGA-HU-A4GQ-01	865	496	322	202	0	110	35	0
TCGA-HU-A4GT-01	428	539	261	0	23	187	36	12
TCGA-HU-A4GU-01	54	279	1053	123	80	0	96	41
TCGA-HU-A4GX-01	544	358	214	82	0	104	0	27
TCGA-HU-A4GY-01	30	0	8	21	15	1	4	0
TCGA-HU-A4H0-01	60	12	9	42	61	20	8	4
TCGA-HU-A4H2-01	53	15	26	34	59	7	34	0
TCGA-HU-A4H3-01	261	297	188	146	3	54	29	5
TCGA-HU-A4H4-01	101	184	102	11	63	230	74	2
TCGA-HU-A4H5-01	22	49	17	34	179	3	11	13
TCGA-HU-A4H6-01	71	11	5	0	39	7	11	4
TCGA-HU-A4H8-01	538	260	312	149	16	0	13	0
TCGA-HU-A4HB-01	2	0	0	7	0	0	4	0
TCGA-HU-A4HD-01	27	0	15	34	99	22	14	15
TCGA-IN-7806-01	25	0	1	21	30	10	2	0
TCGA-IN-7808-01	31	0	19	26	25	0	15	15
TCGA-IN-8462-01	34	19	14	8	55	0	10	3
TCGA-IN-8663-01	33	0	19	37	61	3	75	0
TCGA-IN-A6RI-01	19	0	9	18	25	14	45	0
TCGA-IN-A6RJ-01	28	13	5	14	42	7	55	3
TCGA-IN-A6RL-01	0	114	24	24	209	26	51	116
TCGA-IN-A6RN-01	20	19	0	7	86	1	9	13
TCGA-IN-A6RO-01	51	20	8	26	185	0	25	47
TCGA-IN-A6RP-01	52	0	23	20	84	0	8	15
TCGA-IN-A6RR-01	17	0	18	82	35	7	38	0
TCGA-IN-A6RS-01	28	0	26	36	37	0	3	2
TCGA-IN-A7NR-01	13	0	16	20	10	0	49	5
TCGA-IN-A7NT-01	18	6	19	8	50	2	30	3
TCGA-IN-A7NU-01	24	0	9	19	24	13	25	3
TCGA-IN-AB1V-01	8	0	11	21	24	4	2	5
TCGA-IN-AB1X-01	19	10	4	38	32	0	25	13
TCGA-IP-7968-01	52	6	10	26	27	0	12	0
TCGA-KB-A6F5-01	20	0	10	22	23	5	2	1
TCGA-KB-A6F7-01	21	27	7	0	61	0	7	1
TCGA-KB-A93G-01	16	0	13	31	59	0	1	7
TCGA-KB-A93H-01	44	0	37	61	59	17	51	15
TCGA-KB-A93J-01	8	3	12	9	11	3	2	7
TCGA-MX-A5UG-01	14	0	10	6	17	0	0	9
TCGA-MX-A5UJ-01	618	277	316	201	0	93	29	0
TCGA-MX-A663-01	13	2	14	3	59	0	0	15
TCGA-MX-A666-01	15	1	5	22	72	1	9	16
TCGA-R5-A7O7-01	31	0	13	27	55	7	11	7
TCGA-R5-A7ZE-01	32	0	17	26	62	1	41	22
TCGA-R5-A7ZF-01	22	3	15	31	6	7	1	0
TCGA-R5-A7ZI-01	293	269	178	0	42	80	8	62
TCGA-R5-A7ZR-01	26	5	4	13	27	2	3	10
TCGA-R5-A804-01	35	6	0	1	37	0	10	4
TCGA-R5-A805-01	32	0	0	0	28	0	98	0
TCGA-RD-A7BS-01	14	0	6	23	18	3	2	5
TCGA-RD-A7BT-01	13	0	11	15	70	0	169	5
TCGA-RD-A7BW-01	26	2	0	8	34	12	2	6
TCGA-RD-A7C1-01	119	0	16	43	79	25	55	0
TCGA-RD-A8MV-01	15	0	17	0	25	1	10	17
TCGA-RD-A8MW-01	10	0	13	9	47	2	11	1
TCGA-RD-A8N0-01	0	0	1	0	1	0	0	0
TCGA-RD-A8N1-01	0	14	0	15	66	17	9	9
TCGA-RD-A8N2-01	0	0	1	0	1	0	0	0
TCGA-RD-A8N4-01	1	0	2	0	6	0	0	0
TCGA-RD-A8N5-01	20	2	0	0	12	0	3	6
TCGA-RD-A8N6-01	67	9	8	0	79	17	1	12
TCGA-RD-A8N9-01	54	10	7	13	40	2	15	16
TCGA-RD-A8NB-01	196	203	129	120	0	46	15	24
TCGA-SW-A7EA-01	139	153	121	130	25	80	39	0
TCGA-SW-A7EB-01	16	0	23	0	120	0	1	18
TCGA-VQ-A8DL-01	8	6	13	4	28	3	5	1
TCGA-VQ-A8DT-01	41	0	14	53	45	2	59	17
TCGA-VQ-A8DU-01	39	3	9	16	30	8	69	0
TCGA-VQ-A8DV-01	23	0	2	23	17	2	7	3
TCGA-VQ-A8DZ-01	14	21	6	0	50	0	9	7
TCGA-VQ-A8E0-01	18	8	4	11	55	4	9	14
TCGA-VQ-A8E2-01	27	6	19	26	34	5	30	0
TCGA-VQ-A8E3-01	238	293	112	0	45	89	22	0
TCGA-VQ-A8E7-01	56	11	20	0	34	0	10	9
TCGA-VQ-A8P2-01	446	1143	2283	4434	0	48	0	581
TCGA-VQ-A8P3-01	35	0	10	0	11	14	291	0
TCGA-VQ-A8P5-01	44	0	43	11	73	9	73	9
TCGA-VQ-A8P8-01	61	0	15	0	48	1	5	0
TCGA-VQ-A8PB-01	344	204	133	110	0	69	0	29
TCGA-VQ-A8PC-01	7	4	14	37	25	11	57	5
TCGA-VQ-A8PD-01	43	3	17	0	24	0	12	5
TCGA-VQ-A8PE-01	40	0	4	23	71	6	9	0
TCGA-VQ-A8PF-01	34	7	10	7	35	0	28	14
TCGA-VQ-A8PH-01	25	21	10	0	144	21	17	3
TCGA-VQ-A8PJ-01	11	6	9	17	48	8	71	16
TCGA-VQ-A8PK-01	1	0	8	3	41	1	45	17
TCGA-VQ-A8PM-01	8	0	10	8	11	3	24	2
TCGA-VQ-A8PO-01	192	421	113	0	56	86	32	2
TCGA-VQ-A8PP-01	355	473	313	108	0	278	41	0
TCGA-VQ-A8PQ-01	7	4	0	0	6	0	0	0
TCGA-VQ-A8PS-01	8	0	4	15	24	3	1	4
TCGA-VQ-A8PT-01	253	325	395	325	10	119	1	5
TCGA-VQ-A8PU-01	25	19	1	6	94	8	0	3
TCGA-VQ-A8PX-01	99	201	137	0	10	195	38	10
TCGA-VQ-A8PY-01	7	11	15	29	20	1	16	15
TCGA-VQ-A8PZ-01	59	10	5	7	21	0	5	0
TCGA-VQ-A91A-01	44	19	16	0	54	7	10	7
TCGA-VQ-A91D-01	840	383	654	288	42	412	2	0
TCGA-VQ-A91E-01	215	297	113	0	43	142	29	21
TCGA-VQ-A91K-01	492	280	225	243	128	63	28	10
TCGA-VQ-A91N-01	29	1	23	13	61	2	15	11
TCGA-VQ-A91Q-01	19	6	5	20	74	2	11	0
TCGA-VQ-A91S-01	7	15	10	0	150	0	101	29
TCGA-VQ-A91U-01	64	15	19	0	70	0	6	15
TCGA-VQ-A91V-01	13	0	15	22	19	0	208	21
TCGA-VQ-A91W-01	10	0	4	16	12	0	7	0
TCGA-VQ-A91X-01	21	8	34	29	43	7	107	6
TCGA-VQ-A91Y-01	20	0	6	12	11	3	2	2
TCGA-VQ-A91Z-01	36	7	4	47	59	0	18	0
TCGA-VQ-A922-01	11	18	14	19	71	5	43	26
TCGA-VQ-A923-01	49	0	2	11	41	7	0	17
TCGA-VQ-A924-01	302	511	175	246	0	68	21	0
TCGA-VQ-A925-01	7	4	5	21	78	0	28	12
TCGA-VQ-A927-01	14	12	3	0	15	4	16	3
TCGA-VQ-A928-01	4	12	8	11	33	0	0	8
TCGA-VQ-A92D-01	20	21	12	30	55	8	4	13
TCGA-VQ-A94O-01	23	0	0	25	19	11	0	1
TCGA-VQ-A94P-01	13	0	1	13	8	0	65	0
TCGA-VQ-A94R-01	35	0	23	75	139	22	55	23
TCGA-VQ-A94T-01	22	3	15	6	35	2	0	17
TCGA-VQ-A94U-01	45	0	17	50	50	1	30	0
TCGA-VQ-AA64-01	9	17	16	4	220	7	21	15
TCGA-VQ-AA68-01	36	0	11	27	53	2	79	0
TCGA-VQ-AA69-01	27	0	13	11	26	4	0	0
TCGA-VQ-AA6A-01	32	0	4	23	21	11	28	3
TCGA-VQ-AA6B-01	27	0	19	11	37	3	3	0
TCGA-VQ-AA6D-01	21	90	447	30	137	83	62	40
TCGA-VQ-AA6F-01	5	0	12	6	22	4	0	13
TCGA-VQ-AA6G-01	55	5	12	22	26	10	28	8
TCGA-VQ-AA6I-01	23	0	25	15	43	0	11	9
TCGA-VQ-AA6J-01	32	0	18	15	40	0	71	0
TCGA-VQ-AA6K-01	26	16	6	0	39	0	0	5
TCGA-ZA-A8F6-01	14	0	3	0	32	2	0	7
TCGA-ZQ-A9CR-01	24	14	9	0	49	10	26	12
