Samples	SBS96A	SBS96B	SBS96C	SBS96D	SBS96E	SBS96F	SBS96G	SBS96H
TCGA-05-4244-01	2.75E+00	2.82E+00	6.56E-01	2.10E+00	1.58E+00	4.52E-01	7.83E-01	7.82E-01
TCGA-05-4249-01	2.90E+00	3.07E+00	8.55E-01	2.29E+00	2.06E+00	8.43E-01	7.48E-01	1.05E+00
TCGA-05-4250-01	3.42E+00	3.46E+00	1.27E+00	2.23E+00	2.05E+00	1.01E+00	8.41E-01	1.30E+00
TCGA-05-4382-01	2.55E+01	2.70E+01	4.19E+00	5.77E+00	3.23E+00	1.75E+00	1.75E+00	3.99E+00
TCGA-05-4384-01	1.79E+00	1.76E+00	4.81E-01	1.49E+00	1.35E+00	5.34E-01	5.73E-01	9.04E-01
TCGA-05-4389-01	1.38E+00	1.78E+00	1.96E+00	1.99E+00	1.58E+00	7.08E-01	1.02E+00	1.83E+00
TCGA-05-4390-01	7.44E+00	7.39E+00	7.16E-01	3.76E+00	2.31E+00	9.73E-01	9.66E-01	1.36E+00
TCGA-05-4395-01	2.54E+00	2.42E+00	2.13E+00	1.49E+00	1.25E+00	1.08E+00	6.92E-01	1.82E+00
TCGA-05-4396-01	3.12E+00	3.58E+00	6.57E-01	2.87E+00	1.78E+00	9.07E-01	7.26E-01	1.11E+00
TCGA-05-4397-01	7.52E+00	7.36E+00	3.01E+00	4.41E+00	3.43E+00	1.22E+00	1.02E+00	2.75E+00
TCGA-05-4398-01	7.28E+00	7.54E+00	2.04E+00	3.82E+00	2.67E+00	1.21E+00	1.19E+00	2.05E+00
TCGA-05-4402-01	4.87E-01	7.38E-01	1.81E+00	1.01E+00	8.80E-01	2.88E-01	6.14E-01	1.95E+00
TCGA-05-4403-01	1.40E+00	1.59E+00	4.31E-01	1.56E+00	1.25E+00	6.96E-01	8.05E-01	6.09E-01
TCGA-05-4405-01	4.06E+00	3.92E+00	7.95E-01	2.36E+00	1.78E+00	7.54E-01	9.66E-01	1.34E+00
TCGA-05-4410-01	1.06E+01	1.07E+01	3.14E+00	6.26E+00	3.91E+00	1.52E+00	1.15E+00	3.17E+00
TCGA-05-4415-01	2.88E+00	3.10E+00	4.73E-01	1.50E+00	9.41E-01	5.64E-01	6.14E-01	4.30E-01
TCGA-05-4417-01	3.44E+00	3.85E+00	5.78E-01	2.46E+00	1.81E+00	4.39E-01	7.98E-01	1.17E+00
TCGA-05-4418-01	2.60E+00	2.97E+00	5.96E-01	2.04E+00	2.06E+00	9.01E-01	7.09E-01	1.10E+00
TCGA-05-4420-01	3.88E+00	3.92E+00	6.37E-01	2.15E+00	1.56E+00	8.61E-01	8.46E-01	1.14E+00
TCGA-05-4422-01	5.32E-01	6.26E-01	8.30E-01	6.63E-01	4.43E-01	3.75E-01	2.97E-01	7.25E-01
TCGA-05-4424-01	7.46E+00	7.43E+00	2.30E+00	3.30E+00	2.42E+00	1.19E+00	1.04E+00	1.90E+00
TCGA-05-4425-01	1.16E-01	5.14E-01	2.58E-01	5.92E-01	4.43E-01	3.14E-01	5.04E-01	4.10E-01
TCGA-05-4426-01	4.72E-01	6.79E-01	2.92E-01	9.07E-01	5.83E-01	2.49E-01	5.21E-01	5.52E-01
TCGA-05-4427-01	9.96E+00	9.35E+00	1.37E+00	4.83E+00	4.26E+00	1.24E+00	1.26E+00	3.89E+00
TCGA-05-4430-01	4.22E+00	4.46E+00	7.38E-01	2.04E+00	1.38E+00	7.17E-01	6.30E-01	7.29E-01
TCGA-05-4432-01	5.21E+00	5.93E+00	9.96E-01	3.43E+00	2.75E+00	1.13E+00	1.01E+00	1.78E+00
TCGA-05-4433-01	2.61E-01	4.70E-01	2.10E-01	5.26E-01	3.66E-01	0.00E+00	5.66E-01	4.35E-01
TCGA-05-4434-01	2.62E-01	5.59E-01	4.56E-01	7.97E-01	6.70E-01	5.11E-01	5.94E-01	4.72E-01
TCGA-05-5420-01	1.08E+00	1.04E+00	2.37E-01	1.16E+00	9.98E-01	5.50E-01	6.40E-01	4.44E-01
TCGA-05-5423-01	2.10E+00	2.14E+00	5.36E-01	1.18E+00	8.79E-01	4.33E-01	7.05E-01	7.73E-01
TCGA-05-5425-01	6.60E+00	6.80E+00	1.06E+00	2.80E+00	2.45E+00	1.17E+00	9.89E-01	1.61E+00
TCGA-05-5428-01	4.07E+00	4.04E+00	3.22E+00	1.80E+00	7.78E-01	1.20E+00	7.28E-01	3.26E+00
TCGA-05-5429-01	7.06E-02	4.39E-01	3.57E-01	5.08E-01	4.37E-01	1.51E-01	5.45E-01	3.45E-01
TCGA-05-5715-01	6.27E-01	6.97E-01	1.55E+00	7.68E-01	2.99E-01	3.41E-01	6.31E-01	1.61E+00
TCGA-35-3615-01	1.34E+00	1.38E+00	1.56E+00	5.22E-01	6.07E-01	5.69E-01	5.52E-01	1.39E+00
TCGA-35-4122-01	3.49E+00	3.12E+00	1.00E+00	2.74E+00	2.81E+00	9.28E-01	7.55E-01	1.95E+00
TCGA-35-4123-01	5.07E+00	4.90E+00	6.01E-01	2.33E+00	1.61E+00	6.69E-01	5.57E-01	8.16E-01
TCGA-35-5375-01	2.84E+00	3.25E+00	1.01E+00	2.95E+00	2.57E+00	8.16E-01	8.74E-01	1.71E+00
TCGA-38-4625-01	7.83E+00	8.54E+00	2.57E+00	2.59E+00	1.58E+00	1.23E+00	8.54E-01	2.70E+00
TCGA-38-4626-01	4.21E+00	4.43E+00	5.82E-01	2.09E+00	1.32E+00	6.35E-01	3.21E-01	9.69E-01
TCGA-38-4627-01	3.85E-01	3.74E-01	2.25E-01	2.35E-01	2.75E-01	3.68E-01	4.89E-01	2.98E-01
TCGA-38-4628-01	1.31E+00	1.33E+00	6.47E-01	1.62E+00	1.17E+00	5.62E-01	9.12E-01	7.65E-01
TCGA-38-4629-01	2.58E+00	2.76E+00	9.99E-01	2.51E+00	1.86E+00	8.73E-01	7.93E-01	1.04E+00
TCGA-38-4630-01	7.63E-01	8.34E-01	1.35E+00	1.02E+00	3.81E-01	6.74E-01	6.75E-01	1.30E+00
TCGA-38-4631-01	8.53E+00	8.45E+00	1.08E+00	4.95E+00	3.45E+00	1.02E+00	5.24E-01	1.56E+00
TCGA-38-4632-01	4.94E+00	5.04E+00	9.48E-01	3.12E+00	2.37E+00	9.55E-01	8.86E-01	1.68E+00
TCGA-38-6178-01	7.70E-01	1.17E+00	5.16E-01	1.02E+00	8.09E-01	5.79E-01	5.00E-01	7.41E-01
TCGA-38-7271-01	1.60E+00	1.50E+00	8.74E-01	6.06E-01	6.55E-01	3.93E-01	2.59E-01	6.44E-01
TCGA-38-A44F-01	1.07E-01	3.20E-01	8.82E-02	3.69E-01	1.67E-01	2.41E-01	3.33E-01	2.45E-01
TCGA-44-2655-01	3.10E+00	3.32E+00	4.64E-01	1.09E+00	8.16E-01	5.47E-01	5.26E-01	4.30E-01
TCGA-44-2656-01	1.06E+01	1.12E+01	9.38E-01	4.31E+00	2.96E+00	1.13E+00	1.16E+00	1.12E+00
TCGA-44-2657-01	6.64E+00	6.91E+00	1.41E+00	2.33E+00	1.49E+00	8.45E-01	1.00E+00	1.52E+00
TCGA-44-2659-01	6.56E+00	6.75E+00	8.89E-01	2.28E+00	1.52E+00	9.71E-01	8.96E-01	8.64E-01
TCGA-44-2661-01	1.27E-01	6.82E-01	3.29E-01	8.92E-01	8.00E-01	4.42E-01	5.15E-01	4.66E-01
TCGA-44-2662-01	1.23E+00	1.26E+00	3.07E+00	1.02E+00	1.03E+00	3.10E-01	4.59E-01	2.90E+00
TCGA-44-2665-01	1.56E-01	4.41E-01	6.75E-01	6.99E-01	7.63E-01	1.46E-01	5.87E-01	8.63E-01
TCGA-44-2666-01	1.32E-01	3.52E-01	3.44E-01	6.04E-01	6.32E-01	2.59E-01	6.25E-01	4.46E-01
TCGA-44-2668-01	4.06E+00	4.30E+00	1.85E+00	2.45E+00	1.66E+00	8.88E-01	6.00E-01	2.01E+00
TCGA-44-3396-01	1.41E+00	1.60E+00	1.99E+00	1.56E+00	1.17E+00	6.24E-01	8.48E-01	2.05E+00
TCGA-44-3398-01	1.70E+00	1.75E+00	1.34E+00	1.47E+00	1.33E+00	2.08E-01	7.43E-01	1.25E+00
TCGA-44-3917-01	3.06E+00	3.08E+00	6.50E-01	1.96E+00	1.45E+00	8.39E-01	5.83E-01	3.55E-01
TCGA-44-3918-01	1.41E+01	1.52E+01	1.85E+00	4.68E+00	2.40E+00	1.23E+00	1.18E+00	1.76E+00
TCGA-44-3919-01	2.93E-01	4.36E-01	4.90E-01	8.25E-01	6.74E-01	5.03E-01	4.50E-01	2.76E-01
TCGA-44-4112-01	5.03E+00	5.28E+00	2.10E+00	2.67E+00	2.00E+00	1.13E+00	9.27E-01	2.18E+00
TCGA-44-5643-01	1.46E+00	1.60E+00	9.74E-01	1.52E+00	1.01E+00	8.43E-01	8.78E-01	1.00E+00
TCGA-44-5644-01	1.13E+01	1.16E+01	1.33E+00	4.52E+00	3.07E+00	1.34E+00	1.31E+00	1.58E+00
TCGA-44-5645-01	1.24E-01	6.23E-01	0.00E+00	7.01E-01	7.03E-01	2.41E-01	5.74E-01	5.11E-01
TCGA-44-6144-01	2.25E+00	2.13E+00	6.44E-01	1.69E+00	1.40E+00	6.65E-01	6.39E-01	1.13E+00
TCGA-44-6145-01	4.53E+00	4.86E+00	5.93E-01	2.10E+00	1.61E+00	5.80E-01	6.01E-01	1.06E+00
TCGA-44-6146-01	2.69E-01	5.32E-01	4.45E-02	4.73E-01	5.47E-01	3.72E-01	4.88E-01	3.50E-01
TCGA-44-6147-01	1.91E+00	1.84E+00	4.13E-01	1.08E+00	6.89E-01	5.04E-01	4.85E-01	7.15E-01
TCGA-44-6148-01	1.54E-01	1.26E-01	0.00E+00	1.62E-01	2.36E-01	1.36E-01	1.63E-01	5.92E-02
TCGA-44-6774-01	4.71E+00	4.57E+00	4.42E-01	2.00E+00	1.51E+00	6.07E-01	5.40E-01	6.92E-01
TCGA-44-6775-01	7.33E-01	9.08E-01	4.94E-01	9.70E-01	8.81E-01	6.06E-01	5.43E-01	6.13E-01
TCGA-44-6776-01	2.33E+00	2.33E+00	5.49E-01	1.62E+00	1.25E+00	6.64E-01	7.70E-01	7.07E-01
TCGA-44-6777-01	3.17E+00	3.47E+00	2.17E+00	2.18E+00	1.84E+00	1.16E+00	7.22E-01	2.73E+00
TCGA-44-6778-01	4.24E+00	4.15E+00	6.93E-01	2.74E+00	2.13E+00	7.57E-01	8.00E-01	1.40E+00
TCGA-44-6779-01	1.30E+00	1.37E+00	5.32E-01	1.11E+00	7.15E-01	5.74E-01	7.92E-01	6.19E-01
TCGA-44-7659-01	1.85E+00	1.80E+00	5.17E-01	1.33E+00	1.39E+00	5.34E-01	4.74E-01	9.07E-01
TCGA-44-7660-01	2.34E+00	2.85E+00	8.86E-01	3.79E+00	3.56E+00	7.79E-01	7.76E-01	1.75E+00
TCGA-44-7661-01	2.47E+00	2.59E+00	1.27E+00	2.23E+00	1.74E+00	8.47E-01	5.51E-01	1.13E+00
TCGA-44-7662-01	6.62E+00	6.66E+00	1.61E+00	3.05E+00	2.40E+00	1.08E+00	8.19E-01	1.59E+00
TCGA-44-7667-01	4.86E+00	5.10E+00	7.76E-01	2.95E+00	2.22E+00	9.54E-01	9.03E-01	1.48E+00
TCGA-44-7669-01	4.43E+00	4.30E+00	7.03E-01	3.14E+00	2.29E+00	9.02E-01	8.52E-01	1.45E+00
TCGA-44-7670-01	1.33E+01	1.39E+01	3.11E+00	4.03E+00	2.73E+00	1.59E+00	1.25E+00	2.02E+00
TCGA-44-7671-01	2.66E+00	2.70E+00	7.29E-01	2.31E+00	1.69E+00	8.26E-01	6.61E-01	6.75E-01
TCGA-44-7672-01	2.08E+00	2.28E+00	6.77E-01	1.54E+00	1.13E+00	6.05E-01	5.26E-01	7.55E-01
TCGA-44-8117-01	9.63E+00	9.81E+00	1.00E+00	3.40E+00	2.77E+00	1.02E+00	1.05E+00	1.29E+00
TCGA-44-8119-01	5.90E+00	5.58E+00	8.85E-01	3.29E+00	2.43E+00	8.95E-01	1.30E+00	1.52E+00
TCGA-44-8120-01	7.81E+00	8.20E+00	9.80E-01	4.03E+00	2.79E+00	1.03E+00	8.95E-01	1.08E+00
TCGA-44-A479-01	5.38E+00	5.74E+00	7.77E-01	1.42E+00	1.20E+00	7.11E-01	8.25E-01	9.91E-01
TCGA-44-A47A-01	1.62E+00	1.66E+00	1.49E+00	1.84E+00	1.47E+00	7.81E-01	8.06E-01	1.47E+00
TCGA-44-A47B-01	6.97E-01	7.75E-01	1.28E-01	5.53E-01	5.44E-01	4.06E-01	5.31E-01	4.60E-01
TCGA-44-A47F-01	1.04E+00	1.31E+00	7.64E-01	8.71E-01	7.80E-01	5.55E-01	6.34E-01	8.34E-01
TCGA-44-A47G-01	7.53E-01	8.51E-01	6.55E-01	9.47E-01	8.01E-01	5.42E-01	4.71E-01	5.73E-01
TCGA-44-A4SS-01	3.96E+00	4.03E+00	1.46E+00	3.34E+00	2.31E+00	1.10E+00	8.94E-01	1.45E+00
TCGA-44-A4SU-01	1.76E+00	2.01E+00	4.44E-01	1.35E+00	1.42E+00	6.24E-01	7.82E-01	6.52E-01
TCGA-49-4486-01	9.17E-01	1.00E+00	2.17E+00	1.08E+00	9.64E-01	7.30E-01	3.78E-01	2.07E+00
TCGA-49-4487-01	4.07E+00	3.73E+00	1.27E+00	2.59E+00	2.20E+00	9.50E-01	5.00E-01	1.24E+00
TCGA-49-4488-01	3.65E+00	3.87E+00	9.77E-01	1.66E+00	1.46E+00	5.77E-01	4.92E-01	1.34E+00
TCGA-49-4490-01	1.45E-01	5.23E-01	4.93E-01	7.10E-01	7.35E-01	3.90E-01	5.76E-01	4.42E-01
TCGA-49-4494-01	2.35E+00	2.45E+00	5.63E-01	1.72E+00	1.05E+00	6.15E-01	7.62E-01	4.83E-01
TCGA-49-4501-01	3.49E-01	3.60E-01	5.49E-01	4.03E-01	5.80E-01	5.43E-01	6.36E-01	8.49E-01
TCGA-49-4505-01	2.94E+00	3.11E+00	7.42E-01	1.58E+00	1.18E+00	4.79E-01	7.29E-01	1.03E+00
TCGA-49-4506-01	1.11E+00	1.47E+00	2.91E-01	1.22E+00	1.06E+00	4.52E-01	4.98E-01	8.98E-01
TCGA-49-4507-01	1.88E+00	1.89E+00	1.28E+00	1.69E+00	1.60E+00	7.58E-01	8.60E-01	1.07E+00
TCGA-49-4510-01	6.27E-01	7.12E-01	2.61E-01	9.40E-01	9.80E-01	2.83E-01	3.36E-01	4.77E-01
TCGA-49-4512-01	5.15E-01	5.91E-01	3.24E-01	5.89E-01	5.43E-01	3.76E-01	5.46E-01	4.80E-01
TCGA-49-4514-01	3.12E+00	3.23E+00	2.83E+00	1.78E+00	1.54E+00	1.06E+00	8.32E-01	3.08E+00
TCGA-49-6742-01	1.39E+00	1.84E+00	3.81E+00	1.59E+00	1.82E+00	9.11E-01	9.36E-01	2.44E+00
TCGA-49-6743-01	3.95E+00	5.13E+00	4.22E+00	3.94E+00	3.13E+00	1.72E+00	8.83E-01	5.00E+00
TCGA-49-6744-01	2.63E+00	2.87E+00	5.10E-01	2.07E+00	1.21E+00	7.20E-01	3.86E-01	6.14E-01
TCGA-49-6745-01	3.31E-01	6.17E-01	2.23E+00	8.92E-01	8.50E-01	7.06E-01	6.18E-01	2.32E+00
TCGA-49-6761-01	1.12E+00	1.47E+00	1.80E+00	1.36E+00	1.15E+00	8.06E-01	6.95E-01	1.58E+00
TCGA-49-6767-01	5.21E+00	5.60E+00	1.08E+00	2.75E+00	2.02E+00	8.75E-01	7.40E-01	1.27E+00
TCGA-49-AAQV-01	3.97E-01	7.35E-01	8.49E-01	8.39E-01	6.18E-01	3.34E-01	4.74E-01	7.09E-01
TCGA-49-AAR0-01	1.77E+00	1.92E+00	6.67E-01	1.62E+00	1.20E+00	5.87E-01	5.74E-01	1.01E+00
TCGA-49-AAR2-01	6.01E+00	6.13E+00	6.89E-01	2.18E+00	1.52E+00	8.81E-01	6.87E-01	8.52E-01
TCGA-49-AAR3-01	1.35E+00	1.23E+00	5.78E-01	1.29E+00	1.46E+00	4.79E-01	7.47E-01	6.93E-01
TCGA-49-AAR4-01	8.11E+00	8.43E+00	2.52E+00	2.44E+00	1.91E+00	1.36E+00	3.10E-01	2.71E+00
TCGA-49-AAR9-01	7.11E+00	7.98E+00	9.88E-01	4.42E+00	2.55E+00	1.21E+00	1.05E+00	1.22E+00
TCGA-49-AARE-01	1.62E+01	1.73E+01	2.07E+00	6.09E+00	3.15E+00	1.70E+00	1.35E+00	2.83E+00
TCGA-49-AARN-01	5.09E+00	9.16E+00	2.30E+00	8.51E+00	1.07E+01	2.28E+00	4.87E-01	1.40E+01
TCGA-49-AARO-01	1.02E+01	1.15E+01	1.02E+00	2.90E+00	1.93E+00	9.53E-01	3.82E-01	1.23E+00
TCGA-49-AARQ-01	9.08E+00	9.90E+00	1.99E+00	3.60E+00	1.87E+00	1.28E+00	9.87E-01	1.91E+00
TCGA-49-AARR-01	5.63E-02	1.03E-01	0.00E+00	9.13E-02	6.64E-02	0.00E+00	1.03E-01	3.83E-02
TCGA-4B-A93V-01	1.80E+00	1.86E+00	5.04E-01	1.20E+00	1.01E+00	6.38E-01	6.30E-01	7.94E-01
TCGA-50-5044-01	4.28E-01	4.79E-01	2.23E+00	7.44E-01	6.86E-01	4.88E-01	3.99E-01	2.33E+00
TCGA-50-5045-01	4.12E+00	4.27E+00	7.78E-01	2.09E+00	1.29E+00	4.70E-01	2.98E-01	8.74E-01
TCGA-50-5049-01	9.85E+00	1.06E+01	1.13E+00	4.82E+00	3.67E+00	1.21E+00	4.54E-01	1.84E+00
TCGA-50-5051-01	1.69E+00	1.49E+00	4.38E-01	1.15E+00	5.80E-01	4.25E-01	7.28E-01	4.73E-01
TCGA-50-5055-01	4.22E-02	2.85E-01	2.48E-01	3.97E-01	2.65E-01	8.82E-02	3.86E-01	2.59E-01
TCGA-50-5066-01	3.11E+00	3.07E+00	8.38E-01	2.44E+00	1.72E+00	7.41E-01	4.27E-01	1.17E+00
TCGA-50-5068-01	1.08E+00	1.20E+00	4.32E-01	1.18E+00	8.78E-01	5.00E-01	7.44E-01	4.71E-01
TCGA-50-5072-01	2.25E+00	2.28E+00	7.33E-01	1.06E+00	1.14E+00	6.81E-01	4.64E-01	9.09E-01
TCGA-50-5930-01	1.33E+01	1.53E+01	1.07E+00	6.71E+00	3.22E+00	1.23E+00	1.21E+00	1.94E+00
TCGA-50-5931-01	3.55E+00	3.81E+00	8.52E-01	2.34E+00	1.99E+00	7.66E-01	8.53E-01	1.24E+00
TCGA-50-5932-01	1.28E+00	1.29E+00	1.89E-01	5.18E-01	3.97E-01	4.83E-01	2.25E-01	1.01E-01
TCGA-50-5933-01	5.17E+00	4.86E+00	1.06E+00	3.27E+00	2.60E+00	1.06E+00	1.04E+00	1.21E+00
TCGA-50-5935-01	0.00E+00	9.04E-01	1.24E+00	9.50E-01	8.96E-01	6.81E-01	7.18E-01	1.19E+00
TCGA-50-5936-01	8.77E-01	8.70E-01	1.51E+00	1.11E+00	9.81E-01	3.63E-01	4.78E-01	1.48E+00
TCGA-50-5939-01	4.51E-01	8.70E-01	6.86E-01	8.64E-01	9.30E-01	5.88E-01	5.95E-01	8.26E-01
TCGA-50-5941-01	3.88E+00	4.01E+00	1.07E+00	3.00E+00	2.67E+00	9.25E-01	8.05E-01	1.05E+00
TCGA-50-5942-01	7.30E-01	7.86E-01	1.27E-01	9.49E-01	8.62E-01	3.20E-01	4.56E-01	7.48E-01
TCGA-50-5944-01	7.39E-01	9.33E-01	4.15E-01	1.02E+00	7.33E-01	4.61E-01	5.80E-01	5.14E-01
TCGA-50-5946-01	7.30E+00	7.10E+00	2.66E+00	3.46E+00	2.76E+00	1.23E+00	1.12E+00	3.04E+00
TCGA-50-6590-01	8.56E+00	9.15E+00	3.58E+00	4.73E+00	3.33E+00	1.24E+00	8.04E-01	3.47E+00
TCGA-50-6591-01	3.30E-01	7.97E-01	3.11E-01	8.96E-01	7.72E-01	4.03E-01	5.14E-01	5.90E-01
TCGA-50-6592-01	2.05E+00	2.35E+00	1.38E+00	2.47E+00	2.13E+00	8.83E-01	6.54E-01	1.53E+00
TCGA-50-6593-01	3.84E+00	3.65E+00	6.38E-01	2.25E+00	1.92E+00	7.98E-01	6.27E-01	1.23E+00
TCGA-50-6594-01	6.23E+00	6.73E+00	1.33E+00	2.49E+00	2.63E+00	1.07E+00	8.64E-01	1.59E+00
TCGA-50-6595-01	7.38E-01	7.78E-01	8.13E-01	1.15E+00	7.64E-01	7.46E-01	5.50E-01	8.24E-01
TCGA-50-6597-01	7.96E-02	5.95E-01	6.93E-01	8.80E-01	4.59E-01	6.69E-01	6.15E-01	9.78E-01
TCGA-50-6673-01	9.47E-02	6.07E-01	3.50E-01	8.24E-01	8.18E-01	3.96E-01	5.59E-01	6.68E-01
TCGA-50-7109-01	2.73E+00	2.84E+00	5.86E-01	2.16E+00	1.58E+00	7.16E-01	9.05E-01	7.18E-01
TCGA-50-8457-01	7.34E-01	7.23E-01	3.31E-01	5.64E-01	6.58E-01	4.36E-01	3.75E-01	4.23E-01
TCGA-50-8459-01	1.42E+00	1.53E+00	3.23E-01	8.90E-01	8.31E-01	3.97E-01	5.98E-01	5.17E-01
TCGA-50-8460-01	2.64E-01	3.97E-01	3.47E-01	5.09E-01	4.58E-01	3.83E-01	3.80E-01	6.90E-01
TCGA-53-7624-01	8.31E+00	8.70E+00	3.04E+00	3.81E+00	3.12E+00	1.43E+00	1.11E+00	3.73E+00
TCGA-53-7626-01	5.77E+00	5.93E+00	8.69E-01	2.15E+00	1.71E+00	6.54E-01	4.65E-01	1.09E+00
TCGA-53-7813-01	1.66E+00	1.79E+00	1.71E-01	1.51E+00	1.12E+00	5.07E-01	6.78E-01	6.36E-01
TCGA-53-A4EZ-01	5.95E+00	6.56E+00	9.98E-01	3.51E+00	1.92E+00	1.09E+00	9.16E-01	1.11E+00
TCGA-55-1592-01	4.03E+00	3.79E+00	1.41E+00	4.00E+00	3.34E+00	1.17E+00	1.08E+00	2.00E+00
TCGA-55-1594-01	1.34E+00	1.25E+00	1.45E+00	1.54E+00	1.02E+00	6.98E-01	6.77E-01	1.34E+00
TCGA-55-1595-01	3.91E+00	3.92E+00	5.95E-01	2.42E+00	1.98E+00	7.10E-01	8.01E-01	1.21E+00
TCGA-55-1596-01	1.68E+00	1.75E+00	3.92E-01	1.74E+00	1.64E+00	6.87E-01	5.44E-01	1.07E+00
TCGA-55-5899-01	4.13E+00	4.75E+00	2.62E+00	2.49E+00	1.95E+00	1.13E+00	7.81E-01	2.94E+00
TCGA-55-6543-01	6.47E-02	2.11E-01	2.35E-01	3.00E-01	3.34E-01	1.11E-01	3.43E-01	3.02E-01
TCGA-55-6642-01	1.56E+00	1.70E+00	3.48E-01	1.13E+00	7.72E-01	5.48E-01	5.57E-01	5.38E-01
TCGA-55-6712-01	9.49E-01	1.07E+00	1.72E+00	1.03E+00	8.33E-01	5.38E-01	6.53E-01	1.71E+00
TCGA-55-6968-01	2.30E+00	2.65E+00	7.21E+00	1.97E+00	1.58E+00	1.09E+00	5.92E-01	7.99E+00
TCGA-55-6969-01	4.74E+00	4.47E+00	8.22E-01	3.31E+00	2.53E+00	8.65E-01	3.47E-01	1.91E+00
TCGA-55-6970-01	2.26E+00	2.30E+00	4.95E-01	1.69E+00	1.27E+00	5.71E-01	5.41E-01	7.70E-01
TCGA-55-6971-01	1.24E+00	1.45E+00	4.09E-01	1.25E+00	1.21E+00	4.94E-01	2.84E-01	4.98E-01
TCGA-55-6972-01	2.25E+00	2.07E+00	3.43E+00	1.47E+00	1.21E+00	1.19E+00	6.92E-01	3.90E+00
TCGA-55-6975-01	1.05E+00	1.00E+00	4.95E-01	1.17E+00	8.28E-01	1.86E-01	5.25E-01	6.22E-01
TCGA-55-6978-01	0.00E+00	3.86E-01	0.00E+00	7.01E-01	5.59E-01	1.32E-01	4.25E-01	5.96E-01
TCGA-55-6979-01	2.06E+00	2.00E+00	8.65E-01	1.64E+00	1.27E+00	2.83E-01	2.26E-01	5.55E-01
TCGA-55-6980-01	0.00E+00	2.27E-01	4.19E-02	4.24E-01	3.97E-01	2.02E-01	2.90E-01	2.27E-01
TCGA-55-6981-01	2.45E-01	4.10E-01	3.89E-01	7.80E-01	7.28E-01	4.61E-01	5.78E-01	3.76E-01
TCGA-55-6982-01	8.01E-01	8.22E-01	3.68E+00	1.17E+00	7.50E-01	7.73E-01	7.19E-01	4.02E+00
TCGA-55-6983-01	1.53E+00	1.49E+00	3.45E-01	9.73E-01	9.60E-01	5.96E-01	6.34E-01	5.19E-01
TCGA-55-6984-01	2.35E-01	5.39E-01	8.15E-02	5.75E-01	3.83E-01	3.52E-01	3.10E-01	1.35E-01
TCGA-55-6985-01	6.30E+00	6.48E+00	6.31E-01	3.01E+00	2.04E+00	8.92E-01	7.55E-01	9.22E-01
TCGA-55-6986-01	1.89E-01	2.42E-01	1.11E-01	2.91E-01	2.88E-01	3.27E-01	4.29E-01	1.88E-01
TCGA-55-6987-01	2.09E+00	1.99E+00	1.39E+00	1.47E+00	1.13E+00	6.71E-01	5.66E-01	1.47E+00
TCGA-55-7227-01	1.55E+00	1.93E+00	5.30E-01	1.57E+00	1.30E+00	6.85E-01	6.97E-01	9.26E-01
TCGA-55-7281-01	4.47E+00	4.89E+00	9.13E-01	3.65E+00	2.11E+00	1.05E+00	7.95E-01	1.27E+00
TCGA-55-7283-01	1.96E+00	2.09E+00	1.27E+00	1.63E+00	1.36E+00	8.55E-01	1.11E+00	1.48E+00
TCGA-55-7284-01	1.02E-01	4.98E-01	1.79E-01	5.92E-01	5.28E-01	3.32E-01	5.33E-01	5.51E-01
TCGA-55-7570-01	3.33E+00	3.17E+00	1.48E+00	2.89E+00	2.35E+00	9.81E-01	5.58E-01	1.28E+00
TCGA-55-7573-01	8.77E-01	9.16E-01	3.95E-01	7.57E-01	6.20E-01	4.35E-01	2.70E-01	5.14E-01
TCGA-55-7574-01	2.02E+00	2.34E+00	2.11E+00	1.84E+00	1.17E+00	9.52E-01	4.73E-01	2.08E+00
TCGA-55-7576-01	3.39E+00	3.70E+00	8.97E-01	2.73E+00	2.39E+00	9.01E-01	9.79E-01	1.25E+00
TCGA-55-7724-01	1.49E+00	1.94E+00	1.01E+00	2.31E+00	2.10E+00	7.22E-01	8.30E-01	1.37E+00
TCGA-55-7725-01	2.01E+00	1.92E+00	3.31E-01	1.12E+00	1.13E+00	3.77E-01	5.81E-01	5.71E-01
TCGA-55-7726-01	5.35E-01	6.12E-01	1.31E+00	9.63E-01	5.86E-01	6.24E-02	6.53E-01	1.22E+00
TCGA-55-7727-01	2.05E+00	2.06E+00	2.34E+00	1.28E+00	1.29E+00	1.04E+00	6.88E-01	2.46E+00
TCGA-55-7728-01	1.50E+00	1.52E+00	3.10E-01	8.26E-01	3.64E-01	5.38E-01	5.66E-01	8.32E-02
TCGA-55-7815-01	1.66E+00	1.89E+00	4.77E-01	1.66E+00	1.20E+00	6.92E-01	6.82E-01	7.88E-01
TCGA-55-7816-01	0.00E+00	3.43E-02	0.00E+00	3.94E-02	2.00E-02	0.00E+00	5.45E-02	0.00E+00
TCGA-55-7903-01	1.51E+00	1.53E+00	8.28E-01	1.02E+00	9.46E-01	7.67E-01	8.96E-01	9.93E-01
TCGA-55-7907-01	1.32E+01	1.38E+01	3.57E+00	5.69E+00	3.12E+00	1.62E+00	1.27E+00	4.32E+00
TCGA-55-7910-01	3.60E+00	3.70E+00	5.33E-01	2.30E+00	1.37E+00	7.55E-01	1.02E+00	7.51E-01
TCGA-55-7911-01	2.67E+00	2.47E+00	6.63E-01	2.00E+00	1.48E+00	7.07E-01	5.75E-01	8.20E-01
TCGA-55-7913-01	3.76E+00	4.10E+00	1.26E+00	2.01E+00	1.76E+00	9.49E-01	9.01E-01	9.86E-01
TCGA-55-7914-01	1.58E+00	1.71E+00	7.60E-01	1.46E+00	1.10E+00	6.61E-01	7.60E-01	6.49E-01
TCGA-55-7994-01	1.86E+01	1.90E+01	1.73E+00	7.19E+00	4.94E+00	2.04E+00	1.53E+00	2.52E+00
TCGA-55-7995-01	6.18E+00	6.06E+00	1.93E+00	3.80E+00	3.04E+00	1.32E+00	6.89E-01	2.08E+00
TCGA-55-8085-01	2.17E+00	2.20E+00	2.53E+00	1.69E+00	9.87E-01	8.32E-01	9.58E-01	2.92E+00
TCGA-55-8087-01	2.22E-01	3.26E-01	3.70E-01	3.02E-01	4.50E-01	3.73E-01	4.08E-01	3.50E-01
TCGA-55-8089-01	1.05E+01	1.13E+01	8.81E+00	5.87E+00	4.16E+00	1.82E+00	1.19E+00	9.55E+00
TCGA-55-8090-01	1.09E+00	1.18E+00	2.78E-01	1.16E+00	9.66E-01	4.26E-01	4.45E-01	7.40E-01
TCGA-55-8091-01	3.50E-01	4.43E-01	5.84E-02	4.46E-01	3.08E-01	3.10E-01	4.06E-01	1.49E-01
TCGA-55-8092-01	6.40E+00	6.65E+00	3.54E+00	2.57E+00	2.16E+00	1.83E+00	1.12E+00	4.35E+00
TCGA-55-8094-01	5.69E+00	5.66E+00	7.75E-01	2.75E+00	2.01E+00	7.03E-01	7.42E-01	1.91E+00
TCGA-55-8096-01	1.95E+00	2.03E+00	4.78E-01	1.64E+00	9.49E-01	5.59E-01	5.40E-01	5.60E-01
TCGA-55-8097-01	1.11E+00	1.09E+00	5.00E-01	1.08E+00	9.26E-01	5.23E-01	7.78E-01	8.13E-01
TCGA-55-8203-01	4.98E+00	5.20E+00	4.84E-01	2.57E+00	1.67E+00	8.06E-01	9.89E-01	9.51E-01
TCGA-55-8204-01	1.93E+00	2.24E+00	1.55E+00	1.70E+00	1.57E+00	8.45E-01	6.66E-01	1.92E+00
TCGA-55-8205-01	4.08E+00	3.87E+00	3.55E+00	2.67E+00	2.21E+00	9.26E-01	9.30E-01	3.53E+00
TCGA-55-8206-01	3.04E-01	4.05E-01	3.55E-01	5.08E-01	4.00E-01	4.00E-02	4.31E-01	4.65E-01
TCGA-55-8207-01	3.48E+00	3.39E+00	6.43E-01	2.17E+00	1.80E+00	6.87E-01	7.75E-01	5.84E-01
TCGA-55-8208-01	1.90E+00	2.05E+00	3.45E+00	1.94E+00	1.74E+00	1.10E+00	6.37E-01	3.51E+00
TCGA-55-8299-01	2.62E+00	2.88E+00	6.35E-01	1.81E+00	1.41E+00	7.30E-01	4.80E-01	9.82E-01
TCGA-55-8301-01	2.52E+00	3.08E+00	8.94E-01	1.92E+00	2.25E+00	8.33E-01	6.53E-01	1.30E+00
TCGA-55-8302-01	8.63E+00	9.29E+00	1.00E+00	4.34E+00	2.76E+00	1.27E+00	1.00E+00	7.10E-01
TCGA-55-8505-01	2.32E-01	3.08E-01	4.02E-01	5.91E-01	4.86E-01	2.80E-01	4.38E-01	3.75E-01
TCGA-55-8506-01	1.39E+01	1.58E+01	1.04E+00	7.81E+00	4.63E+00	1.72E+00	6.20E+00	2.62E+00
TCGA-55-8507-01	1.16E+01	1.21E+01	1.35E+00	5.50E+00	3.33E+00	1.41E+00	9.37E-01	1.52E+00
TCGA-55-8508-01	1.99E+00	2.21E+00	6.32E-01	1.78E+00	1.16E+00	6.96E-01	6.80E-01	8.84E-01
TCGA-55-8510-01	4.77E+00	5.08E+00	8.71E-01	1.73E+00	1.28E+00	7.72E-01	6.05E-01	8.45E-01
TCGA-55-8511-01	7.53E+00	7.28E+00	1.86E+00	2.72E+00	1.83E+00	1.44E+00	1.07E+00	1.53E+00
TCGA-55-8512-01	6.23E-01	7.10E-01	2.76E-01	5.50E-01	5.92E-01	3.30E-01	2.48E-01	3.43E-01
TCGA-55-8513-01	0.00E+00	3.43E-02	0.00E+00	6.44E-02	2.23E-02	1.33E-01	1.72E-01	9.87E-02
TCGA-55-8514-01	3.50E+00	3.62E+00	4.27E-01	1.81E+00	1.38E+00	8.00E-01	9.35E-01	6.26E-01
TCGA-55-8614-01	1.65E+00	2.47E+00	8.45E-01	2.33E+00	2.19E+00	7.24E-01	9.45E-01	9.52E-01
TCGA-55-8615-01	1.39E+00	1.39E+00	3.08E-01	1.55E+00	9.84E-01	4.61E-01	4.79E-01	8.98E-01
TCGA-55-8616-01	7.26E+00	7.58E+00	7.33E-01	2.38E+00	1.53E+00	9.31E-01	1.01E+00	8.28E-01
TCGA-55-8619-01	2.00E-01	2.27E-01	1.35E-01	4.33E-01	3.34E-01	1.24E-01	3.95E-01	2.16E-01
TCGA-55-8620-01	4.00E+00	4.98E+00	7.45E-01	3.36E+00	2.03E+00	1.06E+00	1.13E+00	1.28E+00
TCGA-55-8621-01	1.08E+00	1.02E+00	4.06E-01	7.35E-01	8.44E-01	4.05E-01	4.45E-01	6.13E-01
TCGA-55-A48X-01	4.55E+00	4.90E+00	8.39E-01	2.37E+00	1.37E+00	1.01E+00	6.79E-01	9.66E-01
TCGA-55-A48Y-01	8.11E-01	7.08E-01	7.49E+00	5.85E-01	8.77E-01	1.04E+00	7.65E-01	8.17E+00
TCGA-55-A48Z-01	6.97E-01	6.91E-01	2.25E-01	6.59E-01	5.36E-01	4.50E-01	4.88E-01	4.77E-01
TCGA-55-A490-01	1.78E+01	1.92E+01	2.57E+00	6.11E+00	3.28E+00	1.46E+00	1.24E+00	2.63E+00
TCGA-55-A491-01	3.97E+00	4.08E+00	9.50E-01	2.63E+00	1.98E+00	1.03E+00	8.67E-01	1.02E+00
TCGA-55-A492-01	3.46E+00	3.35E+00	5.59E-01	2.33E+00	1.90E+00	8.76E-01	9.58E-01	1.10E+00
TCGA-55-A493-01	2.43E+00	2.44E+00	2.14E+00	1.78E+00	1.17E+00	8.52E-01	6.72E-01	2.17E+00
TCGA-55-A494-01	3.40E+00	3.37E+00	6.15E-01	1.64E+00	9.31E-01	6.14E-01	9.22E-01	8.66E-01
TCGA-55-A4DF-01	2.93E+00	2.56E+00	1.11E+01	2.36E+00	1.74E+00	1.47E+00	1.10E+00	1.18E+01
TCGA-55-A4DG-01	7.15E+00	8.68E+00	1.20E+00	4.58E+00	3.05E+00	9.39E-01	1.03E+00	8.89E-01
TCGA-55-A57B-01	3.86E-01	5.70E-01	4.53E-01	7.32E-01	4.65E-01	2.59E-01	5.12E-01	4.95E-01
TCGA-62-8394-01	9.13E-01	1.11E+00	9.06E-01	1.67E+00	1.46E+00	4.89E-01	6.13E-01	9.77E-01
TCGA-62-8395-01	2.33E-01	6.80E-01	5.82E-01	8.93E-01	7.77E-01	5.58E-01	6.47E-01	5.28E-01
TCGA-62-8397-01	4.15E-01	3.95E-01	2.23E-02	3.99E-01	2.49E-01	3.28E-01	3.50E-01	4.14E-01
TCGA-62-8398-01	1.14E+00	1.09E+00	3.78E-01	1.00E+00	7.15E-01	4.27E-01	6.91E-01	7.17E-01
TCGA-62-8399-01	3.66E+00	3.48E+00	4.09E+00	2.42E+00	2.06E+00	5.42E-01	1.04E+00	3.66E+00
TCGA-62-8402-01	4.18E-01	7.01E-01	3.52E-01	1.13E+00	8.56E-01	4.89E-01	6.84E-01	4.23E-01
TCGA-62-A46O-01	8.59E+00	9.43E+00	2.89E+00	3.99E+00	2.49E+00	1.34E+00	1.04E+00	3.27E+00
TCGA-62-A46P-01	4.32E+00	4.29E+00	4.47E-01	1.85E+00	1.31E+00	4.59E-01	8.28E-01	7.60E-01
TCGA-62-A46R-01	1.50E+00	1.51E+00	1.02E+00	1.27E+00	1.34E+00	7.05E-01	9.01E-01	1.15E+00
TCGA-62-A46S-01	1.24E+00	1.34E+00	4.63E-01	1.05E+00	7.94E-01	7.90E-01	7.84E-01	6.78E-01
TCGA-62-A46U-01	6.31E-01	5.82E-01	3.55E-01	7.57E-01	3.42E-01	3.24E-01	4.92E-01	2.25E-01
TCGA-62-A46V-01	3.58E-01	7.47E-01	2.97E-01	9.84E-01	8.11E-01	4.08E-01	5.66E-01	7.94E-01
TCGA-62-A46Y-01	3.50E-01	5.63E-01	7.96E-02	8.59E-01	1.94E-01	2.34E-01	5.92E-01	6.91E-01
TCGA-62-A470-01	1.31E+00	1.44E+00	4.29E-01	1.44E+00	8.57E-01	5.98E-01	7.73E-01	5.65E-01
TCGA-62-A471-01	4.43E-01	5.73E-01	1.97E+00	7.40E-01	8.92E-01	5.80E-01	5.00E-01	2.17E+00
TCGA-62-A472-01	7.19E-01	6.50E-01	8.13E-02	8.52E-01	7.03E-01	4.75E-01	4.94E-01	5.64E-01
TCGA-64-1676-01	7.33E+00	8.04E+00	8.47E-01	3.72E+00	2.16E+00	9.74E-01	9.93E-01	1.01E+00
TCGA-64-1679-01	8.02E+00	7.84E+00	1.11E+00	2.73E+00	1.94E+00	8.83E-01	5.96E-01	1.22E+00
TCGA-64-1680-01	3.76E-01	6.56E-01	6.94E-01	7.55E-01	3.68E-01	3.28E-01	6.01E-01	6.47E-01
TCGA-64-1681-01	3.01E-01	8.60E-01	7.25E-01	1.05E+00	9.85E-01	6.11E-01	4.09E-01	1.06E+00
TCGA-64-5774-01	1.82E+00	1.97E+00	4.82E-01	1.20E+00	9.10E-01	4.25E-01	5.61E-01	2.86E-01
TCGA-64-5775-01	5.29E+00	5.71E+00	7.74E-01	2.54E+00	1.91E+00	9.05E-01	9.57E-01	8.96E-01
TCGA-64-5778-01	5.44E+00	5.86E+00	1.23E+00	3.28E+00	2.39E+00	1.01E+00	8.10E-01	1.55E+00
TCGA-64-5779-01	4.93E+00	5.50E+00	6.84E-01	2.19E+00	1.67E+00	7.20E-01	8.51E-01	1.01E+00
TCGA-64-5781-01	1.12E+01	1.24E+01	3.58E+00	5.78E+00	3.59E+00	1.96E+00	1.04E+00	4.50E+00
TCGA-64-5815-01	2.56E+00	2.47E+00	3.50E-01	1.53E+00	8.88E-01	5.93E-01	6.75E-01	4.82E-01
TCGA-67-3770-01	2.26E+00	2.41E+00	3.23E-01	1.62E+00	1.51E+00	6.17E-01	6.64E-01	9.22E-01
TCGA-67-3771-01	5.68E+00	5.49E+00	5.08E+00	4.90E+00	4.55E+00	1.81E+00	1.07E+00	5.62E+00
TCGA-67-3773-01	1.79E+00	1.81E+00	6.71E-02	7.81E-01	8.44E-01	5.94E-01	6.49E-01	7.72E-01
TCGA-67-3774-01	1.38E+00	1.84E+00	5.14E-01	1.53E+00	1.67E+00	5.70E-01	2.65E-01	6.29E-01
TCGA-67-4679-01	3.03E+00	3.38E+00	5.67E-01	2.40E+00	1.49E+00	6.82E-01	7.26E-01	7.40E-01
TCGA-67-6215-01	9.36E-02	2.42E+00	1.24E-01	2.13E+00	2.94E+00	4.71E-01	4.41E-01	4.16E+00
TCGA-67-6216-01	1.76E-01	3.94E-01	4.31E-01	3.88E-01	4.97E-01	3.47E-01	4.07E-01	2.59E-01
TCGA-67-6217-01	2.78E+00	2.83E+00	5.15E-01	1.56E+00	1.07E+00	6.98E-01	6.88E-01	1.18E+00
TCGA-69-7760-01	8.04E-01	7.66E-01	4.58E-01	8.00E-01	9.51E-01	2.71E-01	6.81E-01	8.35E-01
TCGA-69-7761-01	5.71E-01	5.91E-01	1.13E-01	5.37E-01	4.96E-01	7.93E-02	3.56E-01	4.06E-01
TCGA-69-7763-01	1.25E+00	1.15E+00	1.90E-01	9.13E-01	6.48E-01	4.54E-01	6.45E-01	6.84E-01
TCGA-69-7764-01	9.71E-01	1.42E+00	4.79E-01	1.20E+00	1.05E+00	4.68E-01	6.71E-01	6.24E-01
TCGA-69-7765-01	6.73E+00	7.60E+00	1.83E+00	3.30E+00	2.35E+00	1.24E+00	5.74E-01	2.19E+00
TCGA-69-7973-01	4.02E+00	4.25E+00	6.22E-01	1.47E+00	8.41E-01	6.45E-01	8.01E-01	6.10E-01
TCGA-69-7974-01	7.30E+00	7.27E+00	9.06E-01	2.96E+00	2.52E+00	9.89E-01	1.14E+00	7.38E-01
TCGA-69-7978-01	5.29E+00	5.93E+00	3.24E+00	3.08E+00	2.49E+00	1.06E+00	9.99E-01	3.08E+00
TCGA-69-7979-01	1.98E+01	2.15E+01	2.08E+00	6.83E+00	3.39E+00	1.72E+00	1.53E+00	2.00E+00
TCGA-69-7980-01	7.06E+00	7.17E+00	2.75E+00	3.61E+00	2.81E+00	1.32E+00	9.45E-01	2.91E+00
TCGA-69-8253-01	1.97E+00	2.09E+00	1.09E+00	1.52E+00	9.18E-01	6.58E-01	4.93E-01	9.67E-01
TCGA-69-8254-01	7.36E-01	1.06E+00	8.33E-02	1.38E+00	1.19E+00	4.74E-01	6.98E-01	7.91E-01
TCGA-69-8255-01	2.20E+00	2.29E+00	1.07E+00	2.32E+00	1.82E+00	8.29E-01	9.13E-01	1.50E+00
TCGA-69-A59K-01	7.26E+00	7.61E+00	1.52E+00	2.93E+00	1.12E+00	1.14E+00	1.41E+00	1.80E+00
TCGA-71-6725-01	3.09E-01	5.44E-01	3.50E-01	5.84E-01	6.22E-01	3.67E-01	7.13E-01	4.27E-01
TCGA-71-8520-01	7.08E-01	7.76E-01	6.19E-01	7.96E-01	7.65E-01	3.04E-01	7.52E-01	7.67E-01
TCGA-73-4658-01	2.40E+00	2.49E+00	3.56E+00	1.84E+00	1.36E+00	1.16E+00	8.42E-01	4.05E+00
TCGA-73-4659-01	2.25E+00	2.58E+00	5.33E-01	2.19E+00	1.91E+00	7.07E-01	6.49E-01	7.68E-01
TCGA-73-4662-01	2.50E+00	2.48E+00	6.19E-01	1.59E+00	1.22E+00	6.49E-01	8.65E-01	8.39E-01
TCGA-73-4666-01	4.17E+00	4.02E+00	7.03E-01	2.72E+00	1.84E+00	6.87E-01	8.33E-01	1.32E+00
TCGA-73-4668-01	6.12E+00	6.54E+00	7.00E-01	3.45E+00	2.53E+00	7.02E-01	9.65E-01	7.33E-01
TCGA-73-4670-01	3.25E+00	3.39E+00	7.99E-01	2.14E+00	2.40E+00	1.05E+00	8.74E-01	2.01E+00
TCGA-73-4675-01	6.27E-01	9.32E-01	3.28E-01	8.78E-01	1.09E+00	2.28E-01	5.67E-01	7.42E-01
TCGA-73-4676-01	1.04E+00	1.11E+00	2.55E-01	9.62E-01	1.18E+00	4.50E-01	5.50E-01	9.88E-01
TCGA-73-4677-01	4.30E+00	4.51E+00	6.01E-01	1.94E+00	1.57E+00	7.68E-01	8.96E-01	8.11E-01
TCGA-73-7498-01	1.76E+00	1.77E+00	2.38E-01	1.16E+00	7.91E-01	5.36E-01	5.58E-01	6.72E-01
TCGA-73-7499-01	2.04E-01	8.58E-01	5.83E-01	1.11E+00	8.92E-01	3.92E-01	5.70E-01	3.91E-01
TCGA-73-A9RS-01	1.30E+01	1.41E+01	1.58E+00	5.28E+00	2.75E+00	1.10E+00	1.15E+00	1.73E+00
TCGA-75-5122-01	1.20E+00	1.25E+00	7.67E-01	1.45E+00	1.00E+00	7.03E-01	6.46E-01	8.50E-01
TCGA-75-5125-01	1.67E+00	1.79E+00	1.26E+00	1.72E+00	1.47E+00	6.60E-01	7.12E-01	1.00E+00
TCGA-75-5126-01	6.20E+00	6.05E+00	3.86E+00	3.07E+00	2.08E+00	1.29E+00	8.19E-01	4.11E+00
TCGA-75-5146-01	3.11E+00	3.31E+00	5.59E-01	1.30E+00	1.23E+00	5.18E-01	2.21E-01	8.08E-01
TCGA-75-5147-01	2.15E-01	4.43E-01	3.68E-01	6.04E-01	3.65E-01	1.86E-01	4.91E-01	5.26E-01
TCGA-75-6203-01	1.12E-01	2.42E-01	0.00E+00	3.28E-01	1.55E-01	0.00E+00	3.78E-01	5.69E-02
TCGA-75-6205-01	2.69E-01	6.50E-01	4.23E-01	9.95E-01	8.08E-01	3.58E-01	4.05E-01	6.64E-01
TCGA-75-6206-01	1.27E+00	1.37E+00	6.21E-01	1.32E+00	1.01E+00	5.69E-01	3.91E-01	2.36E-01
TCGA-75-6207-01	6.13E-01	9.21E-01	5.17E-01	7.72E-01	7.72E-01	5.08E-01	5.67E-01	6.27E-01
TCGA-75-6211-01	3.37E+00	3.97E+00	7.05E-01	2.24E+00	1.76E+00	8.21E-01	7.85E-01	8.51E-01
TCGA-75-6212-01	1.02E-01	2.40E-01	1.21E-01	2.19E-01	2.36E-01	3.10E-01	3.88E-01	1.89E-01
TCGA-75-6214-01	7.06E+00	7.38E+00	3.43E+00	3.53E+00	2.45E+00	1.43E+00	9.55E-01	4.13E+00
TCGA-75-7025-01	4.82E-02	2.51E-01	3.63E-01	2.78E-01	4.33E-01	3.62E-01	4.40E-01	5.46E-01
TCGA-75-7027-01	2.93E+00	3.01E+00	4.32E-01	1.88E+00	1.27E+00	7.51E-01	6.58E-01	7.00E-01
TCGA-75-7030-01	1.86E-01	2.90E-01	0.00E+00	2.77E-01	3.00E-01	1.04E-01	2.92E-01	2.28E-01
TCGA-75-7031-01	1.76E+00	1.88E+00	7.48E-01	2.04E+00	1.77E+00	8.45E-01	7.38E-01	1.31E+00
TCGA-78-7145-01	2.36E+00	2.56E+00	6.52E-01	1.90E+00	1.08E+00	6.99E-01	6.38E-01	5.02E-01
TCGA-78-7146-01	3.29E+00	3.13E+00	2.39E+00	2.23E+00	1.33E+00	9.14E-01	9.44E-01	2.30E+00
TCGA-78-7147-01	2.57E+00	2.94E+00	1.05E+00	2.67E+00	2.63E+00	9.82E-01	9.82E-01	1.63E+00
TCGA-78-7148-01	2.03E+00	2.16E+00	3.85E-01	1.67E+00	1.29E+00	7.39E-01	6.86E-01	1.17E+00
TCGA-78-7149-01	9.66E-01	1.07E+00	2.03E+00	1.07E+00	9.96E-01	7.42E-01	6.41E-01	1.82E+00
TCGA-78-7150-01	2.33E+00	2.77E+00	3.02E+00	2.43E+00	2.16E+00	1.36E+00	9.04E-01	2.99E+00
TCGA-78-7152-01	1.73E+00	1.77E+00	2.23E+00	9.55E-01	1.06E+00	8.08E-01	5.69E-01	2.16E+00
TCGA-78-7153-01	1.03E+00	1.20E+00	7.78E-01	1.57E+00	1.27E+00	4.99E-01	9.17E-01	9.01E-01
TCGA-78-7154-01	1.32E+00	1.62E+00	2.51E+00	1.52E+00	1.36E+00	8.48E-01	1.19E+00	2.27E+00
TCGA-78-7155-01	1.55E+01	1.63E+01	2.40E+00	8.19E+00	5.44E+00	1.66E+00	1.20E+00	3.83E+00
TCGA-78-7156-01	2.86E+00	2.79E+00	3.57E+00	1.38E+00	8.60E-01	1.29E+00	9.27E-01	4.10E+00
TCGA-78-7158-01	2.73E+00	3.09E+00	1.34E+00	1.53E+00	1.45E+00	7.65E-01	6.81E-01	1.38E+00
TCGA-78-7159-01	3.95E+00	4.10E+00	5.88E-01	2.25E+00	1.73E+00	5.24E-01	7.08E-01	8.56E-01
TCGA-78-7160-01	3.01E-01	6.98E-01	3.14E-01	1.05E+00	9.85E-01	3.18E-01	3.79E-01	3.49E-01
TCGA-78-7161-01	2.36E+00	2.13E+00	5.57E-01	1.51E+00	1.18E+00	4.91E-01	6.83E-01	1.09E+00
TCGA-78-7162-01	8.53E-01	1.10E+00	5.38E-01	1.31E+00	9.35E-01	6.33E-01	5.28E-01	5.46E-01
TCGA-78-7163-01	2.42E-01	3.68E-01	1.26E-01	4.62E-01	3.69E-01	1.74E-01	3.90E-01	3.22E-01
TCGA-78-7166-01	2.83E+00	2.67E+00	4.10E-01	1.39E+00	1.04E+00	6.11E-01	5.68E-01	9.83E-01
TCGA-78-7167-01	1.13E+00	1.12E+00	1.13E+00	9.92E-01	6.55E-01	6.03E-01	6.78E-01	1.00E+00
TCGA-78-7220-01	8.58E+00	8.89E+00	2.57E+00	4.83E+00	3.12E+00	1.65E+00	9.46E-01	2.46E+00
TCGA-78-7535-01	1.83E+00	1.87E+00	4.33E-01	1.72E+00	1.64E+00	5.24E-01	5.84E-01	1.70E+00
TCGA-78-7536-01	7.17E+00	6.67E+00	5.13E-01	3.22E+00	2.67E+00	1.01E+00	9.78E-01	2.32E+00
TCGA-78-7537-01	1.72E+00	1.85E+00	7.01E-01	1.71E+00	1.23E+00	5.92E-01	4.15E-01	6.77E-01
TCGA-78-7539-01	2.30E+00	2.43E+00	4.91E+00	1.83E+00	1.81E+00	9.32E-01	1.06E+00	5.50E+00
TCGA-78-7540-01	3.75E-01	4.64E-01	1.96E-01	4.72E-01	1.89E-01	3.80E-01	4.50E-01	2.65E-01
TCGA-78-7542-01	5.07E+00	5.30E+00	1.23E+00	1.64E+00	1.24E+00	1.31E+00	1.12E+00	1.54E+00
TCGA-78-7633-01	1.40E+00	1.54E+00	4.69E-01	1.15E+00	1.14E+00	4.75E-01	4.60E-01	3.62E-01
TCGA-78-8640-01	5.64E+00	5.47E+00	2.34E+00	4.16E+00	3.34E+00	1.33E+00	1.33E+00	2.07E+00
TCGA-78-8648-01	3.67E-01	2.91E-01	0.00E+00	3.21E-01	2.01E-01	1.37E-01	2.04E-01	1.28E-01
TCGA-78-8655-01	1.33E+00	1.31E+00	3.62E-01	7.94E-01	8.45E-01	4.95E-01	5.83E-01	5.83E-01
TCGA-78-8660-01	2.38E+00	2.49E+00	1.48E+00	2.17E+00	1.81E+00	9.66E-01	7.23E-01	1.68E+00
TCGA-78-8662-01	1.07E+01	1.21E+01	1.87E+00	5.47E+00	3.97E+00	1.67E+00	1.34E+00	2.92E+00
TCGA-80-5607-01	3.18E-01	6.78E-01	2.70E+00	9.31E-01	5.12E-01	3.07E-01	4.63E-01	2.82E+00
TCGA-80-5608-01	2.17E+00	2.18E+00	5.45E-01	1.78E+00	1.40E+00	4.14E-01	6.52E-01	3.11E-01
TCGA-80-5611-01	1.45E+00	2.39E+00	5.23E-01	2.09E+00	1.96E+00	7.68E-01	6.57E-01	1.05E+00
TCGA-83-5908-01	1.95E+00	2.15E+00	1.31E+00	1.97E+00	1.37E+00	4.08E-01	6.08E-01	1.28E+00
TCGA-86-6562-01	4.83E-01	5.17E-01	6.49E-01	5.83E-01	4.80E-01	3.91E-01	5.41E-01	6.33E-01
TCGA-86-6851-01	1.02E+01	1.07E+01	1.89E+00	4.47E+00	3.48E+00	1.31E+00	8.87E-01	2.15E+00
TCGA-86-7701-01	2.74E+00	2.40E+00	3.94E-01	1.72E+00	1.38E+00	5.13E-01	6.22E-01	1.13E+00
TCGA-86-7711-01	1.77E+00	2.04E+00	1.30E+00	2.07E+00	1.52E+00	5.13E-01	6.86E-01	1.24E+00
TCGA-86-7713-01	2.17E+00	2.04E+00	3.60E-01	1.14E+00	9.77E-01	5.51E-01	4.79E-01	6.92E-01
TCGA-86-7714-01	1.12E+00	1.28E+00	2.18E-01	1.05E+00	1.10E+00	5.43E-01	5.02E-01	5.24E-01
TCGA-86-7953-01	5.86E-01	7.89E-01	3.83E-01	8.73E-01	8.79E-01	4.00E-02	4.54E-01	6.59E-01
TCGA-86-7954-01	1.94E+00	2.03E+00	1.19E+00	1.62E+00	1.62E+00	8.78E-01	8.29E-01	1.43E+00
TCGA-86-7955-01	2.50E+00	2.84E+00	9.95E-01	2.58E+00	1.92E+00	8.24E-01	7.55E-01	1.45E+00
TCGA-86-8054-01	2.40E+00	2.40E+00	6.64E-01	1.85E+00	1.38E+00	5.32E-01	6.71E-01	9.44E-01
TCGA-86-8055-01	2.22E-01	8.43E-01	2.80E-01	1.08E+00	5.48E-01	1.60E-01	7.29E-01	8.58E-01
TCGA-86-8056-01	1.56E+00	1.59E+00	3.61E+00	1.67E+00	8.93E-01	8.14E-01	7.91E-01	3.84E+00
TCGA-86-8073-01	1.89E+01	2.04E+01	2.21E+00	6.55E+00	3.59E+00	1.56E+00	1.35E+00	3.33E+00
TCGA-86-8074-01	6.44E-01	6.71E-01	3.14E-01	9.48E-01	7.59E-01	4.22E-01	4.97E-01	9.72E-01
TCGA-86-8075-01	1.71E-01	7.06E-01	3.60E-01	8.43E-01	7.36E-01	3.94E-01	6.78E-01	6.77E-01
TCGA-86-8076-01	7.02E-01	7.12E-01	5.75E-01	7.93E-01	6.58E-01	4.55E-01	4.57E-01	4.25E-01
TCGA-86-8278-01	7.69E-02	5.15E-01	2.06E+00	7.19E-01	6.13E-01	4.63E-01	5.89E-01	2.25E+00
TCGA-86-8279-01	6.56E+00	7.22E+00	8.59E-01	2.78E+00	2.30E+00	7.05E-01	8.92E-01	1.41E+00
TCGA-86-8280-01	3.59E-01	6.36E-01	1.74E-01	7.84E-01	5.80E-01	4.72E-01	4.25E-01	1.30E-01
TCGA-86-8281-01	3.56E+00	3.63E+00	9.53E-01	1.84E+00	1.60E+00	6.42E-01	8.55E-01	6.91E-01
TCGA-86-8358-01	1.08E+01	1.13E+01	1.30E+00	6.25E+00	4.31E+00	1.53E+00	1.40E+00	2.34E+00
TCGA-86-8359-01	2.39E+00	2.26E+00	4.41E-01	1.38E+00	9.18E-01	5.70E-01	6.31E-01	9.06E-01
TCGA-86-8585-01	6.11E+00	5.53E+00	2.00E+00	3.36E+00	2.47E+00	1.10E+00	7.85E-01	2.14E+00
TCGA-86-8668-01	1.66E-01	5.25E-01	2.44E-01	7.23E-01	4.92E-01	1.56E-01	4.98E-01	6.96E-01
TCGA-86-8669-01	1.39E+00	1.49E+00	4.61E-01	1.35E+00	1.19E+00	6.68E-01	8.30E-01	7.01E-01
TCGA-86-8671-01	9.47E-02	3.70E-01	4.42E-01	5.23E-01	5.77E-01	3.75E-01	4.07E-01	4.75E-01
TCGA-86-8672-01	3.13E+00	3.53E+00	1.12E+00	2.25E+00	1.94E+00	1.15E+00	7.18E-01	1.75E+00
TCGA-86-8673-01	4.66E+00	4.78E+00	1.18E+00	3.47E+00	3.21E+00	1.16E+00	7.75E-01	1.75E+00
TCGA-86-8674-01	4.44E+00	4.27E+00	1.24E+00	1.94E+00	1.36E+00	7.43E-01	5.58E-01	1.25E+00
TCGA-86-A456-01	5.20E+00	5.62E+00	1.06E+00	2.10E+00	1.85E+00	9.86E-01	6.53E-01	1.45E+00
TCGA-86-A4JF-01	5.65E+00	6.34E+00	2.91E+00	4.92E+00	1.11E+01	1.88E+00	5.05E+00	9.02E+00
TCGA-86-A4P7-01	4.10E-01	9.33E-01	7.02E-01	1.08E+00	7.74E-01	4.43E-01	5.38E-01	5.55E-01
TCGA-86-A4P8-01	5.00E-02	5.91E-02	0.00E+00	6.56E-02	4.43E-02	7.78E-02	0.00E+00	4.58E-02
TCGA-91-6828-01	3.07E+00	2.78E+00	8.08E-01	1.86E+00	1.39E+00	6.40E-01	6.90E-01	9.42E-01
TCGA-91-6829-01	5.91E+00	5.66E+00	1.21E+00	4.36E+00	3.47E+00	1.35E+00	8.96E-01	1.96E+00
TCGA-91-6830-01	8.98E-01	9.79E-01	4.33E+00	1.35E+00	1.15E+00	6.57E-01	5.10E-01	4.93E+00
TCGA-91-6831-01	3.04E+00	2.87E+00	6.97E-01	2.58E+00	2.17E+00	7.90E-01	8.36E-01	1.08E+00
TCGA-91-6835-01	1.00E+00	1.08E+00	5.81E-01	1.25E+00	1.07E+00	3.58E-01	5.45E-01	8.44E-01
TCGA-91-6836-01	5.39E+00	5.57E+00	8.68E-01	3.28E+00	1.99E+00	1.12E+00	1.00E+00	9.69E-01
TCGA-91-6840-01	2.98E-01	8.48E-01	1.66E+00	1.01E+00	9.06E-01	4.12E-01	6.72E-01	1.74E+00
TCGA-91-6847-01	2.23E-01	9.32E-01	5.32E-01	1.16E+00	1.15E+00	4.25E-01	6.85E-01	7.34E-01
TCGA-91-6848-01	4.53E+00	4.27E+00	1.47E+00	4.29E+00	3.45E+00	1.06E+00	7.49E-01	1.78E+00
TCGA-91-6849-01	2.06E+00	2.27E+00	4.95E-01	1.12E+00	9.70E-01	6.25E-01	4.37E-01	6.63E-01
TCGA-91-7771-01	1.86E+00	1.74E+00	7.12E-01	1.63E+00	1.52E+00	6.33E-01	6.16E-01	1.12E+00
TCGA-91-8496-01	2.50E-01	5.30E-01	3.02E-01	4.95E-01	4.41E-01	2.94E-01	5.91E-01	2.99E-01
TCGA-91-8497-01	5.18E-01	6.24E-01	2.75E-01	7.65E-01	7.57E-01	3.88E-01	6.06E-01	4.24E-01
TCGA-91-8499-01	2.45E+00	2.57E+00	2.02E+00	1.96E+00	1.79E+00	9.04E-01	9.51E-01	1.98E+00
TCGA-91-A4BC-01	5.57E+00	5.61E+00	8.94E-01	2.91E+00	1.95E+00	7.88E-01	8.39E-01	8.35E-01
TCGA-91-A4BD-01	8.00E-02	2.28E-01	2.02E-01	3.52E-01	4.79E-01	2.47E-01	4.15E-01	3.57E-01
TCGA-93-7347-01	1.67E+00	1.63E+00	4.58E-01	1.30E+00	1.00E+00	4.94E-01	4.46E-01	5.40E-01
TCGA-93-7348-01	1.15E+00	1.26E+00	6.59E-01	1.03E+00	1.15E+00	5.12E-01	5.46E-01	8.26E-01
TCGA-93-8067-01	2.06E+00	2.21E+00	9.86E+00	1.42E+00	1.01E+00	9.45E-01	7.58E-01	1.06E+01
TCGA-93-A4JN-01	6.83E-01	8.58E-01	6.87E-01	1.09E+00	7.44E-01	4.62E-01	7.97E-01	7.28E-01
TCGA-93-A4JO-01	3.70E-01	6.48E-01	4.69E-01	8.55E-01	7.89E-01	4.15E-01	4.46E-01	5.54E-01
TCGA-93-A4JP-01	7.40E-01	8.42E-01	8.63E-01	1.02E+00	8.06E-01	4.10E-01	4.46E-01	9.63E-01
TCGA-93-A4JQ-01	3.40E-01	1.25E+00	8.52E-01	1.98E+00	1.61E+00	2.22E-01	4.65E-01	1.10E+00
TCGA-95-7039-01	1.35E+01	1.44E+01	1.46E+00	5.84E+00	3.96E+00	1.66E+00	1.20E+00	2.64E+00
TCGA-95-7043-01	1.46E+01	1.58E+01	1.28E+00	5.65E+00	3.38E+00	1.35E+00	1.30E+00	1.22E+00
TCGA-95-7562-01	6.20E+00	6.70E+00	5.42E-01	2.33E+00	1.46E+00	7.16E-01	7.41E-01	5.32E-01
TCGA-95-7567-01	5.34E+00	5.94E+00	1.25E+00	3.64E+00	1.13E+01	1.01E+00	3.54E+00	9.60E+00
TCGA-95-7944-01	6.45E-01	8.62E-01	4.80E+00	1.28E+00	6.23E-01	8.16E-01	2.53E-01	5.23E+00
TCGA-95-7947-01	2.91E+00	3.18E+00	5.06E+00	2.61E+00	2.81E+00	1.31E+00	8.40E-01	5.76E+00
TCGA-95-7948-01	8.48E-02	4.42E-01	3.22E+00	2.96E-01	2.31E-01	0.00E+00	5.08E-01	3.38E+00
TCGA-95-8039-01	6.84E-01	9.16E-01	5.64E-01	1.31E+00	1.06E+00	4.92E-01	6.19E-01	9.54E-01
TCGA-95-8494-01	5.77E-01	6.61E-01	1.91E+00	6.12E-01	3.21E-01	4.46E-01	6.44E-01	1.97E+00
TCGA-95-A4VK-01	3.37E+00	3.36E+00	3.46E-01	1.76E+00	1.44E+00	6.91E-01	1.06E+00	8.08E-01
TCGA-95-A4VN-01	5.24E+00	5.85E+00	1.40E+00	3.38E+00	1.81E+00	1.01E+00	8.02E-01	1.36E+00
TCGA-95-A4VP-01	1.52E+00	1.61E+00	3.73E-01	1.32E+00	1.03E+00	5.49E-01	5.55E-01	5.44E-01
TCGA-97-7546-01	3.41E+00	3.47E+00	6.39E-01	2.12E+00	1.63E+00	6.21E-01	6.33E-01	6.89E-01
TCGA-97-7547-01	1.53E+00	1.54E+00	1.04E+00	1.52E+00	9.75E-01	7.83E-01	6.68E-01	1.09E+00
TCGA-97-7552-01	3.15E-01	5.51E-01	2.81E-02	6.70E-01	6.80E-01	2.77E-01	5.08E-01	6.71E-01
TCGA-97-7553-01	6.12E-01	6.50E-01	1.92E-01	6.50E-01	2.63E-01	4.00E-01	5.65E-01	1.64E-01
TCGA-97-7554-01	5.08E+00	5.53E+00	7.23E-01	2.90E+00	1.75E+00	9.74E-01	1.04E+00	1.15E+00
TCGA-97-7937-01	5.78E+00	5.86E+00	9.98E-01	2.17E+00	1.74E+00	1.06E+00	1.12E+00	1.06E+00
TCGA-97-7938-01	5.31E+00	5.20E+00	1.16E+00	2.24E+00	1.88E+00	7.96E-01	9.00E-01	1.00E+00
TCGA-97-7941-01	1.20E+00	1.31E+00	6.78E-01	7.29E-01	7.43E-01	4.69E-01	4.97E-01	6.52E-01
TCGA-97-8171-01	5.64E-01	7.58E-01	1.92E-01	5.85E-01	7.39E-01	4.19E-01	5.90E-01	2.06E-01
TCGA-97-8172-01	3.09E+00	3.19E+00	2.65E-01	1.77E+00	1.64E+00	8.09E-01	1.01E+00	1.03E+00
TCGA-97-8174-01	1.95E+00	1.87E+00	6.66E-01	1.26E+00	9.16E-01	5.38E-01	8.96E-01	6.27E-01
TCGA-97-8175-01	3.67E-01	7.65E-01	1.57E-01	9.10E-01	5.31E-01	4.18E-01	3.97E-01	4.23E-01
TCGA-97-8176-01	1.48E+00	1.57E+00	1.32E+00	1.37E+00	1.11E+00	7.93E-01	7.25E-01	1.21E+00
TCGA-97-8177-01	3.76E-01	5.97E-01	2.81E-01	6.50E-01	6.38E-01	3.91E-01	3.24E-01	6.78E-01
TCGA-97-8179-01	2.18E+00	2.22E+00	5.41E-01	1.50E+00	1.00E+00	4.84E-01	3.83E-01	6.34E-01
TCGA-97-8547-01	4.01E-01	5.23E-01	7.27E-01	3.84E-01	3.06E-01	4.97E-01	6.01E-01	6.40E-01
TCGA-97-8552-01	2.95E-01	3.52E-01	1.28E-01	5.31E-01	4.19E-01	3.61E-01	3.44E-01	2.53E-01
TCGA-97-A4LX-01	3.14E+00	2.88E+00	3.68E-01	1.56E+00	1.57E+00	3.15E-01	3.06E-01	8.75E-01
TCGA-97-A4M0-01	4.63E+00	4.65E+00	1.64E+00	2.42E+00	2.01E+00	7.36E-01	7.33E-01	1.85E+00
TCGA-97-A4M1-01	4.56E-01	5.89E-01	4.40E-01	7.13E-01	3.01E-01	2.49E-01	4.95E-01	4.30E-01
TCGA-97-A4M2-01	4.31E-01	4.98E-01	3.44E-01	5.15E-01	4.54E-01	2.28E-01	2.62E-01	2.09E-01
TCGA-97-A4M3-01	3.10E+00	2.98E+00	9.74E-01	1.41E+00	1.02E+00	5.16E-01	5.70E-01	8.46E-01
TCGA-97-A4M5-01	5.63E-01	8.59E-01	3.02E+00	6.31E-01	5.83E-01	6.31E-01	4.91E-01	3.26E+00
TCGA-97-A4M6-01	1.42E-01	4.03E-01	2.84E-01	5.68E-01	5.47E-01	2.48E-01	4.60E-01	6.59E-01
TCGA-97-A4M7-01	4.33E+00	4.20E+00	5.87E-01	1.96E+00	1.40E+00	5.82E-01	7.39E-01	1.26E+00
TCGA-99-7458-01	4.72E+00	5.21E+00	7.69E-01	2.51E+00	2.21E+00	1.06E+00	7.02E-01	1.12E+00
TCGA-99-8025-01	3.96E+00	3.75E+00	2.58E+00	2.34E+00	1.86E+00	1.03E+00	1.26E+00	2.66E+00
TCGA-99-8028-01	6.52E+00	7.06E+00	6.71E-01	2.95E+00	1.85E+00	6.87E-01	7.44E-01	1.21E+00
TCGA-99-8032-01	4.07E+00	4.13E+00	8.92E-01	2.72E+00	1.80E+00	8.58E-01	8.81E-01	8.27E-01
TCGA-99-8033-01	2.34E+00	2.61E+00	6.41E-01	2.14E+00	1.85E+00	7.76E-01	7.67E-01	9.32E-01
TCGA-99-AA5R-01	1.11E+00	1.13E+00	1.51E-01	7.94E-01	6.75E-01	3.22E-01	0.00E+00	4.73E-01
TCGA-J2-8192-01	2.87E-01	1.03E+00	4.67E-01	1.16E+00	9.56E-01	5.36E-01	6.68E-01	5.73E-01
TCGA-J2-8194-01	1.83E+00	1.86E+00	4.12E-01	1.28E+00	1.35E+00	7.23E-01	9.26E-01	7.38E-01
TCGA-J2-A4AD-01	2.46E+00	2.54E+00	2.37E+00	2.44E+00	1.88E+00	0.00E+00	8.98E-01	1.64E+00
TCGA-J2-A4AE-01	2.17E-01	6.59E-01	5.27E-01	8.13E-01	6.67E-01	2.07E-01	5.48E-01	5.37E-01
TCGA-J2-A4AG-01	1.13E+00	1.21E+00	4.31E-01	9.93E-01	7.88E-01	3.52E-01	6.78E-01	2.88E-01
TCGA-L4-A4E5-01	4.33E+00	4.11E+00	6.23E-01	2.05E+00	1.40E+00	1.00E+00	6.85E-01	1.24E+00
TCGA-L4-A4E6-01	4.64E-01	5.02E-01	2.71E-01	2.24E-01	1.82E-01	0.00E+00	1.43E-01	1.24E-01
TCGA-L9-A443-01	2.72E+00	2.95E+00	6.91E-01	2.09E+00	1.64E+00	5.40E-01	5.14E-01	8.85E-01
TCGA-L9-A444-01	7.45E+00	8.00E+00	7.92E-01	3.32E+00	2.27E+00	9.93E-01	8.61E-01	1.51E+00
TCGA-L9-A50W-01	2.66E-01	4.34E-01	3.20E-01	6.94E-01	4.16E-01	3.05E-01	3.40E-01	6.13E-01
TCGA-L9-A5IP-01	3.44E+00	3.71E+00	9.06E-01	2.26E+00	1.71E+00	6.04E-01	6.51E-01	9.21E-01
TCGA-L9-A743-01	1.34E+00	1.41E+00	1.47E+00	8.45E-01	1.00E+00	3.03E-01	4.40E-01	1.34E+00
TCGA-L9-A7SV-01	2.50E+01	2.71E+01	1.37E+00	6.73E+00	3.52E+00	1.44E+00	1.23E+00	1.44E+00
TCGA-L9-A8F4-01	9.57E+00	9.69E+00	1.40E+00	4.53E+00	3.90E+00	1.19E+00	9.38E-01	1.95E+00
TCGA-MN-A4N1-01	4.88E+00	4.81E+00	1.04E+00	3.17E+00	2.78E+00	1.02E+00	9.35E-01	1.27E+00
TCGA-MN-A4N4-01	1.45E+01	1.57E+01	7.90E+00	5.52E+00	2.48E+00	1.99E+00	1.37E+00	8.18E+00
TCGA-MN-A4N5-01	5.42E+00	5.54E+00	1.31E+00	2.78E+00	2.17E+00	8.75E-01	8.49E-01	1.76E+00
TCGA-MP-A4SV-01	2.70E+00	2.78E+00	2.33E+00	2.36E+00	1.90E+00	1.19E+00	7.65E-01	2.35E+00
TCGA-MP-A4SW-01	5.24E-01	7.59E-01	4.61E-01	8.77E-01	5.51E-01	4.79E-01	6.26E-01	4.84E-01
TCGA-MP-A4SY-01	1.50E+00	1.84E+00	7.98E-01	2.09E+00	1.92E+00	7.06E-01	6.66E-01	8.29E-01
TCGA-MP-A4T2-01	8.14E-01	1.04E+00	6.96E-01	9.49E-01	1.15E+00	6.08E-01	4.87E-01	7.07E-01
TCGA-MP-A4T4-01	5.24E+00	5.60E+00	1.15E+00	2.29E+00	1.89E+00	9.75E-01	7.99E-01	1.36E+00
TCGA-MP-A4T6-01	1.60E-01	8.14E-01	7.79E-01	8.86E-01	8.89E-01	5.15E-01	7.01E-01	8.54E-01
TCGA-MP-A4T7-01	1.73E+00	1.78E+00	3.01E-01	1.40E+00	9.83E-01	5.14E-01	6.88E-01	5.75E-01
TCGA-MP-A4T8-01	1.62E+00	1.76E+00	4.51E-01	9.20E-01	1.12E+00	5.99E-01	5.88E-01	7.21E-01
TCGA-MP-A4T9-01	5.78E-01	6.39E-01	3.91E-01	4.65E-01	4.91E-01	4.46E-01	2.09E-01	3.78E-01
TCGA-MP-A4TA-01	3.53E+00	3.33E+00	8.00E-01	2.60E+00	2.20E+00	6.51E-01	8.85E-01	1.42E+00
TCGA-MP-A4TC-01	2.77E+00	3.13E+00	9.75E-01	2.14E+00	1.46E+00	6.85E-01	6.76E-01	1.12E+00
TCGA-MP-A4TD-01	1.06E+00	1.13E+00	2.52E-01	1.23E+00	8.89E-01	4.16E-01	6.00E-01	6.71E-01
TCGA-MP-A4TE-01	1.96E+00	2.02E+00	1.96E-01	1.47E+00	1.01E+00	4.15E-01	9.75E-01	6.45E-01
TCGA-MP-A4TF-01	4.99E+00	5.11E+00	8.22E-01	2.54E+00	1.78E+00	9.25E-01	8.36E-01	1.54E+00
TCGA-MP-A4TH-01	1.16E+00	1.42E+00	1.41E-02	1.31E+00	1.22E+00	4.20E-01	6.54E-01	7.38E-01
TCGA-MP-A4TI-01	1.87E+00	1.94E+00	4.17E+00	8.67E-01	7.73E-01	6.83E-01	7.43E-01	4.12E+00
TCGA-MP-A4TJ-01	1.04E+00	1.23E+00	2.25E-01	1.24E+00	1.01E+00	2.27E-01	8.46E-01	7.76E-01
TCGA-MP-A4TK-01	4.01E+00	4.17E+00	1.64E+00	2.08E+00	1.74E+00	1.02E+00	5.07E-01	1.51E+00
TCGA-MP-A5C7-01	8.87E-01	1.14E+00	2.76E-01	7.77E-01	9.42E-01	4.19E-01	6.02E-01	6.09E-01
TCGA-NJ-A4YF-01	8.86E+00	8.80E+00	9.23E-01	3.35E+00	2.38E+00	9.18E-01	6.59E-01	1.17E+00
TCGA-NJ-A4YG-01	1.38E+00	1.71E+00	1.13E+00	1.24E+00	1.26E+00	6.83E-01	7.00E-01	1.31E+00
TCGA-NJ-A4YI-01	6.36E+00	6.65E+00	9.32E-01	2.23E+00	1.78E+00	8.77E-01	1.07E+00	1.12E+00
TCGA-NJ-A4YP-01	2.93E+00	3.15E+00	1.02E+01	1.39E+00	1.52E+00	1.22E+00	6.73E-01	1.10E+01
TCGA-NJ-A4YQ-01	1.42E+01	1.48E+01	1.14E+00	5.63E+00	3.68E+00	1.22E+00	1.39E+00	2.21E+00
TCGA-NJ-A55A-01	1.80E+00	1.81E+00	4.17E-01	1.41E+00	1.25E+00	4.00E-02	5.54E-01	5.09E-01
TCGA-NJ-A55O-01	2.18E+00	2.25E+00	4.48E-01	1.20E+00	6.22E-01	4.66E-01	4.28E-01	3.97E-01
TCGA-NJ-A55R-01	3.29E+00	3.34E+00	5.84E-01	1.95E+00	1.68E+00	8.80E-01	5.11E-01	7.46E-01
TCGA-NJ-A7XG-01	5.56E-01	7.50E-01	1.53E-01	7.47E-01	5.55E-01	1.40E-01	6.08E-01	2.76E-01
TCGA-O1-A52J-01	2.17E+00	2.18E+00	5.29E-01	1.36E+00	1.26E+00	5.63E-01	5.81E-01	5.87E-01
TCGA-S2-AA1A-01	2.25E+00	2.25E+00	3.04E-01	8.77E-01	7.55E-01	5.59E-01	5.58E-01	3.20E-01
TCGA-18-3406-01	1.60E+00	1.90E+00	1.11E+00	1.95E+00	1.97E+00	9.08E-01	6.78E-01	1.25E+00
TCGA-18-3407-01	4.28E-01	8.50E-01	7.26E-02	1.09E+00	1.19E+00	4.48E-01	5.16E-01	9.82E-01
TCGA-18-3408-01	7.80E-01	8.80E-01	0.00E+00	1.01E+00	9.84E-01	4.47E-01	4.77E-01	7.92E-01
TCGA-18-3409-01	8.58E-01	2.41E+00	4.77E-01	2.00E+00	1.43E+00	1.78E+01	3.05E-01	1.72E+01
TCGA-18-3410-01	1.34E+00	1.51E+00	1.13E+00	1.96E+00	1.86E+00	5.90E-01	6.25E-01	1.06E+00
TCGA-18-3411-01	2.50E+00	2.31E+00	8.63E-01	2.95E+00	2.57E+00	9.83E-01	1.00E+00	1.67E+00
TCGA-18-3412-01	9.60E-01	1.49E+00	6.69E-01	1.63E+00	1.61E+00	4.73E-01	6.48E-01	8.70E-01
TCGA-18-3414-01	1.62E+00	1.88E+00	1.80E+00	2.11E+00	1.94E+00	8.54E-01	7.75E-01	1.84E+00
TCGA-18-3415-01	1.73E+00	2.15E+00	1.52E+00	1.57E+00	1.71E+00	7.36E-01	7.32E-01	1.40E+00
TCGA-18-3416-01	2.79E+00	3.44E+00	8.94E-01	3.20E+00	2.47E+00	7.02E-01	9.71E-01	1.15E+00
TCGA-18-3417-01	2.38E+00	2.29E+00	9.12E-01	2.06E+00	1.92E+00	7.74E-01	1.14E+00	1.95E+00
TCGA-18-3421-01	1.77E+00	2.22E+00	1.09E+00	2.92E+00	2.79E+00	9.18E-01	7.22E-01	1.47E+00
TCGA-18-4083-01	3.08E+00	3.27E+00	1.15E+00	3.67E+00	2.91E+00	7.82E-01	8.82E-01	1.27E+00
TCGA-18-4721-01	1.64E+00	1.87E+00	5.97E-01	1.96E+00	1.56E+00	7.16E-01	7.14E-01	1.51E+00
TCGA-18-5592-01	2.84E+00	2.57E+00	9.82E-01	2.08E+00	1.88E+00	9.06E-01	8.03E-01	1.07E+00
TCGA-18-5595-01	1.25E+00	1.39E+00	4.89E+00	1.04E+00	7.16E-01	1.34E+00	7.64E-01	5.97E+00
TCGA-21-1070-01	6.56E+00	6.55E+00	9.48E-01	3.29E+00	2.63E+00	9.51E-01	8.57E-01	1.37E+00
TCGA-21-1071-01	1.23E+00	1.50E+00	8.68E-01	1.68E+00	1.60E+00	6.94E-01	6.65E-01	1.22E+00
TCGA-21-1076-01	3.89E+00	3.63E+00	1.09E+00	2.10E+00	2.10E+00	9.86E-01	6.41E-01	1.27E+00
TCGA-21-1077-01	1.89E+00	2.01E+00	1.56E+00	1.66E+00	1.60E+00	7.99E-01	7.60E-01	1.29E+00
TCGA-21-1078-01	1.06E-01	4.86E-01	1.32E+00	6.47E-01	5.50E-01	2.81E-01	5.71E-01	1.30E+00
TCGA-21-1081-01	1.44E+00	1.52E+00	6.76E-01	1.74E+00	1.72E+00	5.83E-01	1.19E+00	1.71E+00
TCGA-21-1082-01	3.28E+00	3.65E+00	2.59E+00	2.33E+00	1.73E+00	5.13E-01	9.38E-01	2.44E+00
TCGA-21-1083-01	6.94E+00	7.05E+00	1.89E+00	4.82E+00	3.78E+00	1.23E+00	9.69E-01	2.37E+00
TCGA-21-5782-01	3.38E+00	3.00E+00	2.29E+00	2.68E+00	2.16E+00	3.01E-01	8.81E-01	1.92E+00
TCGA-21-5783-01	2.45E+00	3.29E+00	1.93E+00	3.56E+00	2.72E+00	1.37E+00	1.28E+00	1.79E+00
TCGA-21-5784-01	3.08E+00	3.09E+00	8.91E-01	2.18E+00	2.10E+00	7.28E-01	3.78E-01	1.03E+00
TCGA-21-5786-01	3.67E+00	4.20E+00	8.31E-01	3.24E+00	2.61E+00	9.23E-01	1.03E+00	9.25E-01
TCGA-21-5787-01	5.25E+00	5.08E+00	8.94E-01	2.40E+00	1.86E+00	9.22E-01	7.96E-01	1.58E+00
TCGA-21-A5DI-01	1.01E+00	1.69E+00	7.70E-01	1.58E+00	1.54E+00	6.31E-01	5.94E-01	1.15E+00
TCGA-22-0940-01	1.81E+00	1.92E+00	8.98E-01	2.07E+00	2.09E+00	9.24E-01	7.04E-01	1.56E+00
TCGA-22-0944-01	1.16E+00	1.43E+00	6.66E-01	1.24E+00	1.22E+00	7.53E-01	6.18E-01	9.01E-01
TCGA-22-1000-01	8.47E-01	1.09E+00	8.62E-01	1.12E+00	1.07E+00	5.61E-01	4.78E-01	6.82E-01
TCGA-22-1002-01	2.45E+00	2.46E+00	6.54E-01	1.97E+00	2.05E+00	5.26E-01	7.47E-01	1.32E+00
TCGA-22-1005-01	2.83E+00	2.79E+00	1.03E+00	2.29E+00	1.86E+00	8.45E-01	6.14E-01	1.28E+00
TCGA-22-1011-01	6.35E-01	6.22E-01	1.10E+00	9.87E-01	6.06E-01	5.17E-02	5.26E-01	9.82E-01
TCGA-22-1012-01	2.41E+00	2.25E+00	8.95E-01	2.15E+00	1.91E+00	7.35E-01	7.32E-01	1.25E+00
TCGA-22-1016-01	3.99E+00	4.12E+00	9.32E-01	3.00E+00	2.34E+00	9.15E-01	6.91E-01	1.29E+00
TCGA-22-4591-01	1.47E+00	2.01E+00	4.41E-01	1.91E+00	1.86E+00	9.15E-01	1.14E+00	1.28E+00
TCGA-22-4593-01	1.45E+00	1.53E+00	1.03E+00	1.32E+00	1.57E+00	8.27E-01	7.92E-01	1.07E+00
TCGA-22-4594-01	4.18E+00	3.93E+00	7.41E-01	2.49E+00	1.80E+00	6.01E-01	1.05E+00	8.12E-01
TCGA-22-4595-01	2.30E+00	3.08E+00	1.27E+00	3.03E+00	2.01E+00	8.49E-01	8.12E-01	1.42E+00
TCGA-22-4596-01	1.39E+00	1.54E+00	3.60E-01	1.48E+00	1.41E+00	5.51E-01	7.48E-01	8.07E-01
TCGA-22-4599-01	3.55E+00	3.58E+00	5.56E-01	3.10E+00	2.86E+00	8.16E-01	8.45E-01	1.35E+00
TCGA-22-4601-01	1.82E+00	1.69E+00	1.06E+00	1.74E+00	1.66E+00	7.39E-01	6.14E-01	1.05E+00
TCGA-22-4604-01	2.01E+00	1.85E+00	6.92E-01	2.09E+00	2.01E+00	8.54E-01	1.00E+00	1.13E+00
TCGA-22-4605-01	1.00E+00	1.20E+00	4.85E-01	1.25E+00	1.17E+00	4.34E-01	5.09E-01	9.33E-01
TCGA-22-4607-01	1.97E-01	1.01E+00	7.00E-01	1.28E+00	1.16E+00	4.68E-01	3.11E-01	6.60E-01
TCGA-22-4609-01	1.93E+00	2.24E+00	6.34E-01	2.20E+00	1.73E+00	5.53E-01	5.69E-01	1.20E+00
TCGA-22-4613-01	5.77E+00	5.52E+00	9.98E-01	3.84E+00	3.19E+00	1.04E+00	8.31E-01	2.22E+00
TCGA-22-5471-01	2.06E+00	2.39E+00	9.19E-01	2.18E+00	1.90E+00	9.81E-01	7.05E-01	1.07E+00
TCGA-22-5472-01	1.98E+01	2.04E+01	5.88E-01	1.24E+00	1.23E+00	3.49E-01	8.44E-01	2.99E-01
TCGA-22-5473-01	4.45E+00	4.75E+00	5.91E+00	4.15E+00	3.49E+00	1.58E+00	1.11E+00	6.74E+00
TCGA-22-5474-01	6.99E-01	9.10E-01	9.91E-01	1.01E+00	9.12E-01	2.61E-01	5.76E-01	8.82E-01
TCGA-22-5477-01	9.03E-01	1.18E+00	2.14E+00	1.51E+00	1.18E+00	2.95E-01	6.87E-01	2.27E+00
TCGA-22-5478-01	1.84E+00	1.96E+00	3.52E-01	1.86E+00	1.68E+00	4.52E-01	7.55E-01	9.69E-01
TCGA-22-5479-01	2.32E+00	2.92E+00	3.67E+00	2.92E+00	2.56E+00	1.35E+00	1.29E+00	3.58E+00
TCGA-22-5480-01	1.53E+00	1.73E+00	6.64E-01	1.99E+00	1.83E+00	4.73E-01	7.09E-01	8.44E-01
TCGA-22-5481-01	2.40E+00	2.29E+00	9.47E-01	2.89E+00	2.44E+00	8.30E-01	7.55E-01	1.37E+00
TCGA-22-5482-01	1.78E+00	1.90E+00	4.91E-01	1.47E+00	1.41E+00	6.68E-01	6.60E-01	1.25E+00
TCGA-22-5483-01	2.03E+00	2.18E+00	7.38E-01	2.34E+00	1.74E+00	7.78E-01	6.83E-01	1.28E+00
TCGA-22-5485-01	2.10E+00	2.19E+00	4.09E-01	1.66E+00	1.83E+00	6.19E-01	7.18E-01	1.13E+00
TCGA-22-5489-01	2.53E+00	2.59E+00	9.17E-01	1.79E+00	1.64E+00	7.09E-01	7.57E-01	1.18E+00
TCGA-22-5491-01	2.20E+00	2.27E+00	4.18E+00	2.15E+00	1.95E+00	9.57E-01	1.12E+00	4.18E+00
TCGA-22-5492-01	1.95E+00	1.91E+00	5.90E-01	2.13E+00	2.19E+00	6.50E-01	7.19E-01	1.78E+00
TCGA-22-A5C4-01	3.10E+00	3.04E+00	8.89E-01	2.42E+00	2.18E+00	8.83E-01	1.00E+00	9.04E-01
TCGA-33-4532-01	3.00E+00	3.00E+00	1.59E+00	2.78E+00	2.76E+00	1.03E+00	1.14E+00	2.28E+00
TCGA-33-4533-01	3.13E+00	3.01E+00	1.35E+00	1.82E+00	2.16E+00	1.09E+00	8.26E-01	1.79E+00
TCGA-33-4538-01	1.35E+00	1.77E+00	7.80E-01	1.82E+00	1.88E+00	8.15E-01	7.67E-01	1.30E+00
TCGA-33-4547-01	4.83E-01	1.32E+00	2.36E+00	1.51E+00	1.05E+00	6.34E-01	6.58E-01	2.72E+00
TCGA-33-4566-01	1.78E+01	1.88E+01	1.86E+00	6.19E+00	3.73E+00	1.45E+00	1.13E+00	2.33E+00
TCGA-33-4582-01	1.62E+00	1.90E+00	9.74E-01	2.12E+00	1.85E+00	7.44E-01	8.88E-01	1.13E+00
TCGA-33-4583-01	5.24E+00	5.53E+00	1.00E+00	3.16E+00	2.89E+00	1.09E+00	1.16E+00	1.98E+00
TCGA-33-4586-01	3.37E+00	3.19E+00	7.95E-01	2.52E+00	2.46E+00	6.44E-01	9.32E-01	1.49E+00
TCGA-33-4587-01	1.75E+00	1.97E+00	1.74E+00	1.83E+00	1.23E+00	1.05E+00	7.52E-01	1.70E+00
TCGA-33-4589-01	2.75E-01	9.05E-01	1.43E+00	1.18E+00	6.70E-01	7.35E-01	7.93E-01	1.39E+00
TCGA-33-6737-01	4.12E+00	4.37E+00	3.75E+00	1.97E+00	1.21E+00	1.10E+00	8.11E-01	3.97E+00
TCGA-33-6738-01	2.35E+00	2.96E+00	1.32E+00	2.62E+00	2.21E+00	8.36E-01	7.29E-01	1.25E+00
TCGA-33-A4WN-01	1.37E+00	1.54E+00	1.70E+00	1.73E+00	1.46E+00	6.66E-01	7.72E-01	1.77E+00
TCGA-33-A5GW-01	1.15E+00	1.76E+00	1.27E+00	2.24E+00	1.68E+00	8.18E-01	5.67E-01	1.31E+00
TCGA-33-AAS8-01	2.17E+00	2.52E+00	8.25E-01	2.34E+00	2.27E+00	5.36E-01	1.01E+00	5.10E-01
TCGA-33-AASB-01	4.91E+00	5.28E+00	9.15E-01	2.12E+00	1.68E+00	9.49E-01	7.04E-01	1.26E+00
TCGA-33-AASD-01	3.14E+00	3.88E+00	8.36E-01	2.82E+00	2.34E+00	9.67E-01	7.25E-01	1.26E+00
TCGA-33-AASI-01	4.15E+00	3.87E+00	1.65E+00	2.39E+00	1.87E+00	8.97E-01	7.55E-01	1.39E+00
TCGA-33-AASJ-01	1.14E+00	1.11E+00	2.12E+00	6.92E-01	1.16E+00	7.72E-01	7.52E-01	2.13E+00
TCGA-33-AASL-01	2.89E+00	3.12E+00	1.34E+00	3.03E+00	2.19E+00	8.16E-01	6.65E-01	1.68E+00
TCGA-34-2596-01	2.21E+00	2.76E+00	1.14E+00	1.91E+00	2.19E+00	8.51E-01	6.36E-01	1.34E+00
TCGA-34-2600-01	2.28E+00	2.64E+00	5.54E+00	2.10E+00	1.64E+00	1.10E+00	9.82E-01	5.35E+00
TCGA-34-2604-01	6.64E+00	6.16E+00	1.02E+00	3.75E+00	2.73E+00	1.12E+00	9.47E-01	1.85E+00
TCGA-34-2605-01	3.01E+00	2.39E+00	2.04E+00	2.28E+00	2.10E+00	7.56E-01	8.07E-01	2.02E+00
TCGA-34-2608-01	1.14E+00	1.61E+00	9.91E-01	1.63E+00	1.50E+00	6.86E-01	8.09E-01	1.03E+00
TCGA-34-2609-01	3.06E+00	2.70E+00	4.97E-01	1.85E+00	1.79E+00	6.40E-01	7.75E-01	9.45E-01
TCGA-34-5231-01	4.22E+00	4.02E+00	1.62E+00	4.24E+00	3.53E+00	1.26E+00	1.26E+00	2.63E+00
TCGA-34-5232-01	1.60E+00	2.14E+00	6.38E-01	1.84E+00	1.48E+00	8.94E-01	1.00E+00	8.92E-01
TCGA-34-5234-01	2.34E+00	2.41E+00	2.89E-01	1.56E+00	1.73E+00	4.71E-01	6.11E-01	1.18E+00
TCGA-34-5236-01	1.99E+00	2.06E+00	8.74E-01	2.15E+00	1.81E+00	6.32E-01	6.31E-01	9.29E-01
TCGA-34-5239-01	2.53E+00	2.46E+00	7.50E-01	1.79E+00	1.50E+00	6.79E-01	8.71E-01	1.20E+00
TCGA-34-5240-01	1.95E+00	1.75E+00	1.04E+00	1.34E+00	1.10E+00	6.77E-01	6.16E-01	1.10E+00
TCGA-34-5241-01	2.17E+00	2.04E+00	8.08E-01	1.70E+00	1.49E+00	6.42E-01	8.36E-01	1.11E+00
TCGA-34-5927-01	2.49E+00	2.44E+00	1.24E+00	1.99E+00	1.75E+00	8.13E-01	1.10E+00	1.15E+00
TCGA-34-5928-01	1.63E+00	2.01E+00	3.25E+00	2.32E+00	1.84E+00	9.19E-01	8.70E-01	3.27E+00
TCGA-34-5929-01	2.03E+00	2.07E+00	1.56E+00	1.89E+00	1.64E+00	2.27E-01	6.10E-01	1.52E+00
TCGA-34-7107-01	1.81E+00	2.29E+00	1.29E+00	2.48E+00	1.97E+00	8.96E-01	1.03E+00	1.64E+00
TCGA-34-8454-01	3.68E+00	3.76E+00	4.63E+00	2.73E+00	1.96E+00	6.93E-01	6.73E-01	4.81E+00
TCGA-34-8455-01	5.91E+00	6.56E+00	8.44E-01	3.63E+00	2.35E+00	9.39E-01	5.33E-01	8.99E-01
TCGA-34-8456-01	4.80E-01	5.92E-01	3.51E-01	7.40E-01	7.48E-01	4.73E-01	3.34E-01	5.24E-01
TCGA-34-A5IX-01	2.82E+00	2.73E+00	9.84E-01	2.06E+00	1.78E+00	6.34E-01	8.83E-01	1.40E+00
TCGA-37-3783-01	1.75E+00	1.73E+00	4.69E+00	1.78E+00	1.87E+00	9.65E-01	8.98E-01	4.90E+00
TCGA-37-3789-01	1.94E+00	1.90E+00	2.25E+00	1.99E+00	1.60E+00	6.22E-01	7.24E-01	2.48E+00
TCGA-37-3792-01	8.12E+00	8.19E+00	1.60E+00	5.51E+00	4.22E+00	1.34E+00	9.93E-01	2.03E+00
TCGA-37-4129-01	1.71E-02	8.05E-02	0.00E+00	1.32E-01	2.34E-01	0.00E+00	1.75E-01	2.16E-01
TCGA-37-4130-01	1.41E+01	1.39E+01	1.16E+00	5.96E+00	4.15E+00	1.32E+00	1.39E+00	2.17E+00
TCGA-37-4132-01	3.57E+00	3.49E+00	6.83E-01	2.44E+00	2.24E+00	9.04E-01	7.08E-01	1.29E+00
TCGA-37-4133-01	1.76E+00	2.51E+00	9.54E-01	2.55E+00	2.46E+00	7.91E-01	1.26E+00	1.49E+00
TCGA-37-4135-01	2.71E+00	3.09E+00	8.04E-01	2.73E+00	3.02E+00	8.16E-01	9.24E-01	1.04E+00
TCGA-37-4141-01	3.08E+00	3.14E+00	7.25E-01	2.51E+00	1.93E+00	7.48E-01	9.32E-01	1.15E+00
TCGA-37-5819-01	1.00E+01	9.56E+00	1.09E+00	3.91E+00	2.59E+00	1.41E+00	1.27E+00	1.85E+00
TCGA-37-A5EL-01	3.66E+00	3.81E+00	1.37E+00	2.59E+00	1.72E+00	1.03E+00	1.01E+00	1.48E+00
TCGA-37-A5EM-01	3.02E+00	3.37E+00	1.04E+00	2.71E+00	2.37E+00	1.01E+00	7.85E-01	1.41E+00
TCGA-37-A5EN-01	2.05E+00	1.93E+00	7.47E-01	2.22E+00	2.01E+00	7.57E-01	8.41E-01	1.34E+00
TCGA-39-5011-01	9.36E+00	9.66E+00	1.71E+00	2.56E+00	1.46E+00	1.16E+00	7.87E-01	1.66E+00
TCGA-39-5016-01	3.06E+00	3.21E+00	8.02E-01	2.78E+00	2.26E+00	1.04E+00	1.16E+00	1.12E+00
TCGA-39-5019-01	2.05E+00	2.08E+00	6.71E-01	1.95E+00	1.51E+00	5.73E-01	8.04E-01	1.07E+00
TCGA-39-5021-01	1.77E+00	1.72E+00	7.28E-01	1.51E+00	1.42E+00	6.80E-01	5.68E-01	8.67E-01
TCGA-39-5022-01	8.67E-01	9.97E-01	1.88E+00	1.48E+00	1.24E+00	3.95E-01	4.26E-01	2.14E+00
TCGA-39-5024-01	5.57E-01	1.77E+00	1.41E+00	2.10E+00	1.88E+00	8.16E-01	6.71E-01	1.35E+00
TCGA-39-5028-01	1.18E+00	1.19E+00	1.99E+00	9.98E-01	1.09E+00	5.56E-01	6.53E-01	2.26E+00
TCGA-39-5029-01	9.44E-01	1.20E+00	9.72E-01	1.00E+00	1.55E+00	6.62E-01	6.89E-01	1.09E+00
TCGA-39-5030-01	1.34E+00	1.67E+00	1.25E+00	1.38E+00	1.17E+00	4.98E-01	1.41E+00	1.11E+00
TCGA-39-5031-01	2.66E+00	3.13E+00	1.07E+01	1.75E+00	1.33E+00	1.12E+00	8.39E-01	1.16E+01
TCGA-39-5034-01	6.30E+00	7.07E+00	1.15E+00	3.85E+00	2.68E+00	1.08E+00	1.24E+00	1.21E+00
TCGA-39-5035-01	8.36E-01	1.43E+00	1.16E+00	1.58E+00	1.28E+00	7.65E-01	7.82E-01	1.31E+00
TCGA-39-5036-01	1.61E+00	2.19E+00	9.04E-01	2.16E+00	1.90E+00	6.93E-01	9.68E-01	1.67E+00
TCGA-39-5037-01	2.19E+00	2.30E+00	8.32E-01	2.01E+00	1.77E+00	9.15E-01	8.99E-01	1.09E+00
TCGA-39-5039-01	1.68E+00	2.17E+00	3.99E-01	1.72E+00	1.50E+00	5.98E-01	6.56E-01	8.46E-01
TCGA-39-5040-01	4.36E+00	4.66E+00	9.53E-01	2.79E+00	2.42E+00	9.11E-01	9.75E-01	1.15E+00
TCGA-43-2576-01	5.37E+00	5.77E+00	9.33E-01	3.48E+00	2.51E+00	1.10E+00	4.52E-01	1.65E+00
TCGA-43-2578-01	4.06E+00	3.45E+00	7.89E-01	2.82E+00	2.35E+00	8.64E-01	3.81E-01	1.11E+00
TCGA-43-2581-01	1.27E+01	1.40E+01	9.89E-01	4.85E+00	3.42E+00	9.89E-01	9.53E-01	1.15E+00
TCGA-43-3394-01	1.27E+00	1.51E+00	5.26E-01	1.34E+00	1.61E+00	3.75E-01	6.47E-01	1.27E+00
TCGA-43-3920-01	2.37E+00	2.48E+00	1.74E+00	2.58E+00	1.84E+00	7.03E-01	6.71E-01	1.68E+00
TCGA-43-5668-01	6.90E+00	7.48E+00	9.84E-01	3.97E+00	3.20E+00	1.26E+00	1.03E+00	1.46E+00
TCGA-43-5670-01	3.98E-01	1.34E+00	1.64E+00	1.50E+00	1.40E+00	2.50E-01	6.11E-01	1.74E+00
TCGA-43-6143-01	2.34E+00	2.47E+00	1.08E+00	2.74E+00	2.49E+00	8.24E-01	8.17E-01	1.37E+00
TCGA-43-6647-01	1.84E+00	1.70E+00	6.07E-01	1.68E+00	1.34E+00	5.53E-01	5.88E-01	8.80E-01
TCGA-43-6770-01	1.92E+00	1.76E+00	7.79E-01	2.25E+00	1.92E+00	5.65E-01	7.06E-01	1.25E+00
TCGA-43-6771-01	3.14E+00	3.15E+00	5.82E-01	1.63E+00	1.20E+00	5.89E-01	5.55E-01	8.07E-01
TCGA-43-6773-01	6.37E-02	7.96E-01	5.21E-01	1.09E+00	9.81E-01	5.84E-01	4.64E-01	6.80E-01
TCGA-43-7656-01	2.68E+00	2.78E+00	7.36E-01	2.81E+00	2.24E+00	8.84E-01	8.68E-01	1.32E+00
TCGA-43-7657-01	1.08E+00	1.30E+00	4.59E-01	1.44E+00	1.35E+00	4.48E-01	7.15E-01	7.69E-01
TCGA-43-7658-01	2.55E+00	2.39E+00	7.40E-01	1.64E+00	1.53E+00	8.26E-01	7.98E-01	9.66E-01
TCGA-43-8115-01	1.49E+00	1.72E+00	8.75E-01	1.54E+00	1.77E+00	6.76E-01	8.30E-01	1.25E+00
TCGA-43-8116-01	3.12E+00	3.28E+00	1.27E+00	2.67E+00	2.25E+00	8.88E-01	9.16E-01	1.60E+00
TCGA-43-8118-01	5.74E+00	5.79E+00	2.93E+00	3.41E+00	2.79E+00	1.17E+00	1.02E+00	2.62E+00
TCGA-43-A474-01	5.11E+00	4.90E+00	1.02E+00	2.20E+00	1.95E+00	8.77E-01	1.29E+00	1.11E+00
TCGA-43-A475-01	2.21E+00	2.56E+00	8.39E-01	1.83E+00	1.61E+00	6.01E-01	7.15E-01	8.38E-01
TCGA-43-A56U-01	2.10E+00	2.08E+00	2.10E+00	1.65E+00	1.35E+00	4.80E-01	6.67E-01	1.92E+00
TCGA-43-A56V-01	2.88E+00	2.84E+00	6.86E-01	1.50E+00	1.33E+00	5.26E-01	6.59E-01	1.16E+00
TCGA-46-3765-01	1.64E+00	1.87E+00	1.72E+00	2.02E+00	1.53E+00	8.17E-01	7.17E-01	1.67E+00
TCGA-46-3767-01	1.34E+00	1.68E+00	5.37E-01	1.69E+00	1.49E+00	4.70E-01	2.97E-01	6.92E-01
TCGA-46-3768-01	1.94E+00	2.52E+00	9.30E-01	2.71E+00	2.49E+00	9.59E-01	5.05E-01	1.27E+00
TCGA-46-3769-01	7.01E+00	7.45E+00	5.07E+00	4.42E+00	2.78E+00	1.23E+00	9.75E-01	5.06E+00
TCGA-46-6025-01	1.11E+00	1.68E+00	1.07E+00	2.37E+00	2.14E+00	4.69E-01	6.70E-01	1.29E+00
TCGA-46-6026-01	1.32E+00	1.42E+00	1.57E+00	1.47E+00	1.54E+00	8.53E-01	9.10E-01	1.96E+00
TCGA-51-4079-01	3.70E+00	3.40E+00	1.72E+00	2.44E+00	2.16E+00	1.05E+00	8.41E-01	1.86E+00
TCGA-51-4080-01	2.81E+00	3.09E+00	5.89E-01	2.69E+00	2.02E+00	7.13E-01	9.12E-01	6.09E-01
TCGA-51-4081-01	2.32E+00	2.19E+00	5.94E-01	1.79E+00	1.91E+00	8.23E-01	7.23E-01	7.67E-01
TCGA-51-6867-01	4.78E+00	4.46E+00	1.99E+00	4.07E+00	3.55E+00	1.17E+00	8.94E-01	2.71E+00
TCGA-52-7622-01	2.36E+00	2.53E+00	4.38E-01	2.56E+00	2.38E+00	6.40E-01	7.76E-01	1.72E+00
TCGA-52-7809-01	1.63E+00	2.15E+00	1.61E+00	2.69E+00	1.85E+00	8.68E-01	1.09E+00	1.46E+00
TCGA-52-7810-01	2.14E+00	2.52E+00	3.94E+00	2.65E+00	2.26E+00	9.02E-01	6.71E-01	4.25E+00
TCGA-52-7811-01	1.89E+00	1.72E+00	5.56E-01	1.64E+00	1.57E+00	5.93E-01	6.20E-01	1.11E+00
TCGA-52-7812-01	2.72E+00	3.06E+00	1.34E+00	2.25E+00	1.79E+00	7.75E-01	7.22E-01	1.43E+00
TCGA-56-1622-01	2.59E+00	2.25E+00	4.05E-01	1.88E+00	1.30E+00	7.37E-01	8.29E-01	1.14E+00
TCGA-56-5897-01	1.03E+00	1.17E+00	8.92E-01	1.26E+00	1.20E+00	2.39E-01	3.67E-01	9.76E-01
TCGA-56-5898-01	2.26E+00	2.05E+00	6.17E-01	1.48E+00	1.38E+00	5.32E-01	5.21E-01	1.11E+00
TCGA-56-6545-01	2.74E+00	2.59E+00	1.69E+00	2.45E+00	1.71E+00	8.59E-01	5.86E-01	1.61E+00
TCGA-56-6546-01	3.05E+00	3.30E+00	6.21E-01	2.66E+00	1.88E+00	7.60E-01	7.19E-01	1.08E+00
TCGA-56-7221-01	2.60E+00	2.66E+00	1.63E+00	2.29E+00	1.72E+00	8.46E-01	7.92E-01	1.64E+00
TCGA-56-7222-01	2.87E+00	2.81E+00	9.16E-01	2.77E+00	2.11E+00	7.43E-01	9.29E-01	1.94E+00
TCGA-56-7223-01	2.37E+00	2.77E+00	8.90E-01	3.03E+00	2.33E+00	1.05E+00	1.00E+00	1.41E+00
TCGA-56-7579-01	2.20E+00	2.30E+00	1.00E+00	1.71E+00	2.19E+00	8.90E-01	7.23E-01	1.38E+00
TCGA-56-7580-01	1.52E+00	1.95E+00	5.12E-01	1.84E+00	1.66E+00	3.82E-01	8.69E-01	4.86E-01
TCGA-56-7582-01	1.79E+00	2.27E+00	5.72E-01	2.09E+00	1.90E+00	7.17E-01	9.30E-01	8.84E-01
TCGA-56-7730-01	3.54E+00	3.08E+00	6.77E-01	2.30E+00	1.96E+00	1.07E+00	1.04E+00	1.04E+00
TCGA-56-7731-01	3.21E+00	3.52E+00	9.37E-01	3.33E+00	2.76E+00	5.83E-01	6.57E-01	1.83E+00
TCGA-56-7822-01	2.13E+00	2.45E+00	2.92E+00	2.30E+00	2.15E+00	8.82E-01	7.31E-01	2.98E+00
TCGA-56-7823-01	2.76E+00	2.74E+00	6.95E-01	2.24E+00	2.00E+00	8.10E-01	7.23E-01	1.08E+00
TCGA-56-8082-01	2.05E+00	2.18E+00	7.28E-01	1.71E+00	1.68E+00	8.04E-01	9.30E-01	1.20E+00
TCGA-56-8083-01	2.06E+00	2.02E+00	4.17E-01	1.57E+00	1.41E+00	5.10E-01	7.03E-01	1.00E+00
TCGA-56-8201-01	1.55E+00	1.63E+00	7.88E-01	1.53E+00	1.50E+00	5.56E-01	6.59E-01	1.12E+00
TCGA-56-8304-01	3.01E+00	3.20E+00	8.72E-01	2.04E+00	2.00E+00	7.58E-01	5.65E-01	1.08E+00
TCGA-56-8305-01	4.09E+00	4.14E+00	1.29E+00	2.72E+00	2.51E+00	1.24E+00	8.05E-01	1.75E+00
TCGA-56-8307-01	3.98E+00	4.22E+00	8.96E-01	2.92E+00	2.59E+00	7.79E-01	7.35E-01	1.44E+00
TCGA-56-8308-01	3.08E+00	3.01E+00	1.07E+00	2.19E+00	1.89E+00	8.96E-01	1.10E+00	1.32E+00
TCGA-56-8309-01	1.37E+00	1.58E+00	5.62E-01	1.47E+00	1.62E+00	4.17E-01	5.11E-01	9.01E-01
TCGA-56-8503-01	1.02E+00	1.28E+00	1.47E+00	1.66E+00	1.22E+00	5.85E-01	1.37E-01	1.63E+00
TCGA-56-8504-01	1.99E+00	2.54E+00	4.94E-01	2.29E+00	1.86E+00	6.80E-01	6.86E-01	1.22E+00
TCGA-56-8622-01	2.37E+00	2.18E+00	9.65E-01	1.63E+00	1.65E+00	8.08E-01	8.91E-01	1.34E+00
TCGA-56-8624-01	1.52E+00	1.40E+00	9.47E-01	6.51E-01	9.06E-01	4.45E-01	5.64E-01	7.91E-01
TCGA-56-8625-01	3.29E+00	3.06E+00	4.85E+00	2.29E+00	1.78E+00	1.28E+00	1.07E+00	5.01E+00
TCGA-56-8626-01	1.89E+00	2.69E+00	9.06E-01	2.28E+00	2.02E+00	7.13E-01	8.50E-01	1.07E+00
TCGA-56-8628-01	4.83E+00	4.68E+00	5.23E-01	2.85E+00	2.60E+00	8.76E-01	8.10E-01	1.81E+00
TCGA-56-8629-01	1.74E+00	1.90E+00	8.33E-01	2.40E+00	2.24E+00	5.61E-01	6.89E-01	1.02E+00
TCGA-56-A49D-01	2.00E+00	2.23E+00	1.55E+00	2.09E+00	2.17E+00	8.59E-01	9.06E-01	1.49E+00
TCGA-56-A4BW-01	2.29E+00	2.05E+00	1.31E+00	2.21E+00	1.52E+00	6.08E-01	6.46E-01	1.18E+00
TCGA-56-A4BY-01	1.53E+00	1.71E+00	4.80E-01	1.75E+00	1.84E+00	6.81E-01	5.89E-01	1.25E+00
TCGA-56-A4ZJ-01	1.44E+00	1.51E+00	4.42E-01	1.19E+00	1.16E+00	5.30E-01	3.61E-01	9.55E-01
TCGA-56-A4ZK-01	1.94E+00	2.21E+00	9.18E-01	2.43E+00	2.16E+00	7.04E-01	6.47E-01	1.21E+00
TCGA-56-A5DS-01	1.69E+00	1.83E+00	1.38E+00	1.64E+00	1.69E+00	7.56E-01	8.02E-01	1.51E+00
TCGA-56-A62T-01	5.61E+00	5.27E+00	8.73E-01	3.12E+00	2.72E+00	1.01E+00	1.04E+00	9.79E-01
TCGA-58-8386-01	2.39E+00	2.29E+00	8.05E-01	2.06E+00	2.04E+00	8.30E-01	8.77E-01	1.39E+00
TCGA-58-8387-01	1.23E+00	1.34E+00	1.52E+00	1.62E+00	1.19E+00	5.78E-01	8.23E-01	1.36E+00
TCGA-58-8388-01	1.73E+00	1.91E+00	6.09E-01	1.92E+00	1.58E+00	6.74E-01	7.58E-01	8.82E-01
TCGA-58-8391-01	3.02E+00	2.74E+00	8.27E-01	3.16E+00	3.07E+00	8.79E-01	9.04E-01	1.36E+00
TCGA-58-8393-01	7.09E-01	6.12E-01	4.84E+00	2.54E-01	3.71E-01	9.42E-01	6.25E-01	4.95E+00
TCGA-58-A46J-01	1.96E+00	1.98E+00	5.83E-01	1.61E+00	1.44E+00	5.62E-01	6.44E-01	7.87E-01
TCGA-58-A46K-01	8.19E-01	1.18E+00	2.02E+00	1.26E+00	1.24E+00	2.87E-01	6.37E-01	1.95E+00
TCGA-58-A46L-01	2.63E+00	2.72E+00	9.41E-01	2.15E+00	1.95E+00	5.77E-01	6.97E-01	8.92E-01
TCGA-58-A46M-01	2.88E+00	3.63E+00	1.60E+00	2.58E+00	2.52E+00	1.33E+00	1.14E+00	2.19E+00
TCGA-58-A46N-01	1.89E+00	2.37E+00	6.29E-01	2.26E+00	1.91E+00	8.12E-01	8.05E-01	1.23E+00
TCGA-60-2695-01	2.06E+00	1.72E+00	7.51E-01	2.18E+00	1.78E+00	6.08E-01	8.32E-01	1.14E+00
TCGA-60-2697-01	3.77E-01	3.15E-01	0.00E+00	2.69E-01	1.62E-01	6.04E-02	1.26E-01	1.61E-01
TCGA-60-2698-01	3.57E+00	3.91E+00	1.23E+01	4.29E+00	3.25E+00	1.55E+00	1.10E+00	1.38E+01
TCGA-60-2703-01	2.53E+00	2.40E+00	1.50E+00	2.56E+00	1.96E+00	8.60E-01	7.11E-01	1.48E+00
TCGA-60-2704-01	1.40E+00	1.74E+00	9.58E-01	1.44E+00	1.51E+00	7.35E-01	8.77E-01	1.28E+00
TCGA-60-2707-01	1.13E+00	1.27E+00	1.00E+00	6.36E-01	1.26E+00	4.36E-01	4.94E-01	1.26E+00
TCGA-60-2708-01	1.43E+00	1.75E+00	8.97E-01	1.83E+00	1.53E+00	6.84E-01	7.83E-01	9.99E-01
TCGA-60-2709-01	1.75E+00	1.83E+00	6.17E-01	1.87E+00	1.82E+00	8.57E-01	5.63E-01	1.22E+00
TCGA-60-2710-01	1.46E+00	1.71E+00	5.69E-01	1.82E+00	1.85E+00	7.78E-01	1.09E+00	1.06E+00
TCGA-60-2711-01	1.24E+00	1.32E+00	6.15E-01	1.49E+00	1.35E+00	6.00E-01	6.98E-01	7.77E-01
TCGA-60-2712-01	9.67E-01	1.02E+00	6.51E-01	1.15E+00	9.27E-01	4.52E-01	5.37E-01	7.34E-01
TCGA-60-2713-01	1.79E+00	2.09E+00	8.63E-01	3.01E+00	2.51E+00	7.97E-01	7.77E-01	1.22E+00
TCGA-60-2714-01	1.04E+01	1.03E+01	2.09E+00	4.28E+00	2.90E+00	1.29E+00	1.63E+00	1.84E+00
TCGA-60-2715-01	1.14E+00	1.45E+00	6.20E-01	1.62E+00	1.19E+00	4.50E-01	9.29E-01	1.15E+00
TCGA-60-2716-01	1.38E-01	2.54E-01	1.76E-01	2.78E-01	2.29E-01	0.00E+00	3.02E-01	1.42E-01
TCGA-60-2719-01	1.62E+00	1.90E+00	6.81E-01	1.81E+00	2.17E+00	6.74E-01	1.04E+00	1.39E+00
TCGA-60-2720-01	3.45E+00	3.35E+00	1.88E+00	3.15E+00	2.78E+00	8.76E-01	2.94E-01	1.87E+00
TCGA-60-2721-01	6.64E-01	1.31E+00	2.32E+00	1.83E+00	1.70E+00	7.33E-01	5.71E-01	2.52E+00
TCGA-60-2722-01	2.17E+00	2.85E+00	1.38E+00	2.46E+00	2.34E+00	1.01E+00	7.81E-01	1.79E+00
TCGA-60-2723-01	2.82E+00	2.63E+00	6.31E-01	2.82E+00	2.41E+00	7.14E-01	7.32E-01	1.02E+00
TCGA-60-2724-01	3.82E+00	3.80E+00	7.34E-01	2.67E+00	2.55E+00	8.02E-01	7.34E-01	1.22E+00
TCGA-60-2725-01	1.62E+00	1.81E+00	6.31E-01	1.80E+00	1.89E+00	3.04E-01	3.59E-01	6.46E-01
TCGA-60-2726-01	2.40E+00	2.52E+00	1.20E+00	2.63E+00	2.46E+00	8.48E-01	1.02E+00	1.42E+00
TCGA-63-5128-01	2.68E+00	2.64E+00	7.72E-01	2.50E+00	2.30E+00	7.19E-01	7.31E-01	1.42E+00
TCGA-63-5131-01	2.23E+00	2.37E+00	1.22E+00	2.94E+00	2.24E+00	7.87E-01	8.13E-01	1.30E+00
TCGA-63-6202-01	4.04E+00	4.46E+00	7.85E-01	1.93E+00	1.56E+00	8.81E-01	8.79E-01	9.12E-01
TCGA-63-7020-01	2.07E+00	1.92E+00	7.04E-01	1.86E+00	1.63E+00	5.48E-01	6.43E-01	1.03E+00
TCGA-63-7021-01	2.10E+00	2.27E+00	9.79E-01	2.25E+00	2.24E+00	6.85E-01	7.28E-01	1.79E+00
TCGA-63-7022-01	1.54E+00	1.88E+00	9.24E-01	1.95E+00	1.91E+00	6.70E-01	8.43E-01	1.31E+00
TCGA-63-7023-01	1.45E+00	1.42E+00	6.12E-01	1.31E+00	1.73E+00	4.98E-01	6.06E-01	1.61E+00
TCGA-63-A5M9-01	9.14E-01	9.99E-01	5.73E-01	1.12E+00	1.07E+00	6.71E-01	7.09E-01	9.15E-01
TCGA-63-A5MB-01	2.87E+00	3.01E+00	1.03E+00	3.20E+00	2.75E+00	8.68E-01	9.77E-01	1.42E+00
TCGA-63-A5MG-01	1.58E+00	1.84E+00	4.64E-01	1.30E+00	1.43E+00	3.84E-01	6.64E-01	4.55E-01
TCGA-63-A5MH-01	1.47E+00	1.64E+00	1.91E+00	1.88E+00	1.70E+00	7.14E-01	6.36E-01	1.98E+00
TCGA-63-A5MI-01	1.25E+00	1.40E+00	1.28E+00	1.92E+00	1.73E+00	8.63E-01	9.60E-01	1.25E+00
TCGA-63-A5MJ-01	1.73E+00	1.75E+00	5.24E-01	1.72E+00	1.59E+00	6.46E-01	9.44E-01	9.25E-01
TCGA-63-A5ML-01	2.00E+00	2.07E+00	9.74E-01	1.88E+00	1.69E+00	8.51E-01	8.84E-01	1.07E+00
TCGA-63-A5MM-01	3.22E+00	2.31E+00	1.44E+00	1.03E+00	4.22E+00	1.32E+00	4.79E+00	2.16E+00
TCGA-63-A5MN-01	2.34E-01	5.52E-01	3.33E-01	7.20E-01	4.74E-01	4.48E-01	3.07E-01	6.11E-01
TCGA-63-A5MP-01	1.45E+00	2.09E+00	2.32E-01	1.97E+00	1.71E+00	7.95E-01	1.05E+00	1.07E+00
TCGA-63-A5MR-01	1.11E+00	1.34E+00	1.93E+00	1.40E+00	1.27E+00	1.02E+00	6.53E-01	2.14E+00
TCGA-63-A5MS-01	2.40E+00	2.76E+00	1.75E+00	2.81E+00	2.24E+00	8.45E-01	7.02E-01	1.86E+00
TCGA-63-A5MT-01	1.93E+00	1.97E+00	1.54E+00	2.08E+00	2.29E+00	3.92E-01	9.19E-01	2.04E+00
TCGA-63-A5MU-01	1.81E+00	2.21E+00	1.51E+00	2.03E+00	2.18E+00	8.44E-01	6.76E-01	1.61E+00
TCGA-63-A5MV-01	1.72E+00	1.78E+00	8.39E-01	1.21E+00	1.14E+00	6.28E-01	7.14E-01	1.11E+00
TCGA-63-A5MW-01	3.43E+00	3.45E+00	1.39E+00	3.44E+00	2.70E+00	1.09E+00	1.22E+00	1.78E+00
TCGA-63-A5MY-01	1.74E+00	1.58E+00	6.48E-01	1.83E+00	1.62E+00	5.41E-01	7.82E-01	7.31E-01
TCGA-66-2727-01	1.59E+00	2.20E+00	8.38E-01	1.87E+00	1.79E+00	6.56E-01	7.74E-01	1.06E+00
TCGA-66-2734-01	2.36E+00	2.50E+00	3.59E-01	1.68E+00	1.47E+00	7.20E-01	5.10E-01	1.19E+00
TCGA-66-2742-01	2.22E+00	1.94E+00	5.22E-01	2.09E+00	2.18E+00	3.33E-01	8.86E-01	1.77E+00
TCGA-66-2744-01	1.63E+00	1.56E+00	8.80E-01	1.80E+00	1.48E+00	6.62E-01	6.35E-01	9.65E-01
TCGA-66-2754-01	1.76E+00	2.38E+00	1.06E+00	2.63E+00	2.57E+00	9.51E-01	9.66E-01	1.73E+00
TCGA-66-2755-01	2.60E+00	2.62E+00	5.83E-01	2.00E+00	1.81E+00	5.60E-01	5.46E-01	1.18E+00
TCGA-66-2756-01	5.30E+00	4.92E+00	9.42E-01	3.04E+00	2.21E+00	8.27E-01	9.69E-01	1.64E+00
TCGA-66-2757-01	3.28E+00	3.24E+00	7.10E-01	2.33E+00	2.05E+00	6.37E-01	5.61E-01	1.01E+00
TCGA-66-2758-01	1.92E+00	2.88E+00	1.34E+00	3.87E+00	3.56E+00	7.56E-01	7.55E-01	1.23E+00
TCGA-66-2759-01	2.86E+00	3.00E+00	1.67E+00	3.59E+00	2.49E+00	1.01E+00	1.29E+00	1.77E+00
TCGA-66-2763-01	3.22E+00	3.79E+00	1.08E+00	2.59E+00	2.08E+00	9.15E-01	8.99E-01	1.25E+00
TCGA-66-2765-01	8.76E-01	1.23E+00	3.84E-01	1.37E+00	1.05E+00	5.34E-01	6.15E-01	5.70E-01
TCGA-66-2766-01	3.06E+00	2.90E+00	3.06E+00	2.21E+00	1.83E+00	1.21E+00	9.62E-01	3.02E+00
TCGA-66-2767-01	2.84E+00	2.87E+00	9.66E-01	2.60E+00	2.01E+00	1.01E+00	1.18E+00	1.21E+00
TCGA-66-2769-01	1.98E+00	3.31E+00	1.26E+00	4.29E+00	3.78E+00	7.71E-01	8.52E-01	1.79E+00
TCGA-66-2770-01	2.40E+00	2.35E+00	9.44E-01	2.02E+00	1.75E+00	9.21E-01	1.00E+00	1.34E+00
TCGA-66-2771-01	1.56E+00	1.68E+00	2.06E+00	2.17E+00	1.77E+00	7.52E-01	6.59E-01	1.83E+00
TCGA-66-2773-01	2.38E+00	2.54E+00	9.76E+00	2.22E+00	1.80E+00	1.49E+00	1.14E+00	1.11E+01
TCGA-66-2777-01	1.38E+00	1.81E+00	6.87E-01	1.82E+00	1.66E+00	9.25E-01	7.28E-01	1.06E+00
TCGA-66-2778-01	3.24E-01	1.06E+00	1.64E+00	1.38E+00	1.42E+00	5.95E-01	6.86E-01	1.65E+00
TCGA-66-2780-01	1.40E+00	1.63E+00	7.93E-01	1.62E+00	1.51E+00	5.90E-01	5.51E-01	9.68E-01
TCGA-66-2781-01	1.67E+00	1.50E+00	8.73E-01	1.44E+00	1.39E+00	5.66E-01	4.95E-01	8.90E-01
TCGA-66-2782-01	3.87E+00	3.89E+00	1.53E+00	2.49E+00	2.15E+00	1.15E+00	7.74E-01	1.72E+00
TCGA-66-2783-01	2.10E+00	2.49E+00	9.87E-01	2.08E+00	1.73E+00	9.63E-01	6.93E-01	9.55E-01
TCGA-66-2785-01	2.60E+00	3.76E+00	7.45E+00	5.42E+00	3.76E+00	7.21E-01	1.15E+00	9.00E+00
TCGA-66-2786-01	1.35E+00	1.89E+00	1.34E+00	1.92E+00	1.88E+00	7.15E-01	6.86E-01	1.48E+00
TCGA-66-2787-01	5.05E+00	4.48E+00	9.63E-01	2.73E+00	2.81E+00	9.44E-01	5.70E-01	1.53E+00
TCGA-66-2788-01	2.11E+00	1.72E+00	1.03E+00	1.70E+00	1.44E+00	8.24E-01	6.40E-01	1.07E+00
TCGA-66-2789-01	2.72E+00	3.49E+00	9.52E-01	3.09E+00	2.63E+00	8.75E-01	7.75E-01	1.13E+00
TCGA-66-2791-01	1.94E+00	2.57E+00	1.44E+00	2.75E+00	2.92E+00	9.00E-01	9.19E-01	1.66E+00
TCGA-66-2792-01	1.28E+00	1.72E+00	4.56E-01	1.79E+00	1.20E+00	6.75E-01	8.20E-01	8.00E-01
TCGA-66-2793-01	2.06E+00	2.55E+00	6.28E-01	3.47E+00	2.78E+00	7.54E-01	7.91E-01	1.81E+00
TCGA-66-2794-01	1.19E+00	1.16E+00	1.13E+00	1.30E+00	1.06E+00	6.45E-01	8.87E-01	1.12E+00
TCGA-66-2795-01	2.51E+00	2.66E+00	1.06E+00	2.28E+00	1.81E+00	9.18E-01	9.72E-01	1.13E+00
TCGA-66-2800-01	1.99E+00	2.28E+00	5.09E-01	1.73E+00	1.56E+00	9.03E-01	6.73E-01	7.64E-01
TCGA-68-7755-01	2.35E+00	2.34E+00	7.39E-01	2.11E+00	2.12E+00	8.90E-01	1.01E+00	9.32E-01
TCGA-68-7756-01	1.18E+00	1.34E+00	4.69E-01	9.77E-01	9.43E-01	3.81E-01	6.60E-01	7.30E-01
TCGA-68-7757-01	3.48E+00	3.45E+00	7.12E-01	2.27E+00	1.50E+00	5.05E-01	7.72E-01	1.30E+00
TCGA-68-8250-01	2.32E+00	2.92E+00	7.58E-01	2.52E+00	2.37E+00	7.34E-01	7.06E-01	1.64E+00
TCGA-68-8251-01	1.38E+00	2.04E+00	2.70E+00	2.03E+00	1.32E+00	9.03E-01	1.72E+00	2.64E+00
TCGA-68-A59J-01	3.05E+00	3.36E+00	1.98E+00	2.66E+00	2.07E+00	9.28E-01	7.84E-01	2.14E+00
TCGA-6A-AB49-01	4.34E+00	4.06E+00	8.61E-01	3.30E+00	2.72E+00	8.88E-01	7.10E-01	9.77E-01
TCGA-70-6722-01	3.41E+00	3.75E+00	9.55E-01	1.99E+00	9.80E-01	7.40E-01	5.65E-01	1.03E+00
TCGA-70-6723-01	1.47E+00	1.78E+00	2.91E-01	1.22E+00	1.16E+00	5.93E-01	5.89E-01	8.31E-01
TCGA-77-6842-01	2.71E+00	2.85E+00	1.11E+00	2.62E+00	2.45E+00	7.84E-01	8.16E-01	1.46E+00
TCGA-77-6843-01	1.32E+00	1.72E+00	9.38E-01	2.04E+00	2.00E+00	5.37E-01	6.70E-01	1.15E+00
TCGA-77-6844-01	1.49E+00	1.64E+00	9.34E-01	1.81E+00	1.44E+00	9.84E-01	9.04E-01	9.46E-01
TCGA-77-6845-01	1.74E+00	1.81E+00	7.96E-01	2.11E+00	1.94E+00	7.22E-01	6.12E-01	1.17E+00
TCGA-77-7139-01	1.97E+00	2.25E+00	7.89E-01	1.66E+00	1.70E+00	7.92E-01	8.44E-01	1.43E+00
TCGA-77-7140-01	1.26E+00	2.25E+00	8.85E-01	2.69E+00	2.38E+00	7.25E-01	6.97E-01	1.21E+00
TCGA-77-7141-01	2.70E+00	3.35E+00	3.94E+00	3.74E+00	3.63E+00	1.04E+00	1.03E+00	4.17E+00
TCGA-77-7142-01	2.43E+00	2.66E+00	1.05E+00	1.86E+00	1.60E+00	8.35E-01	1.05E+00	1.24E+00
TCGA-77-7335-01	1.19E+00	1.98E+00	1.30E+00	2.02E+00	1.78E+00	7.90E-01	9.92E-01	1.28E+00
TCGA-77-7337-01	2.27E+00	2.78E+00	1.14E+00	2.78E+00	2.55E+00	1.03E+00	7.34E-01	1.36E+00
TCGA-77-7338-01	1.05E+00	1.20E+00	8.82E-01	1.39E+00	1.38E+00	1.30E-01	6.83E-01	8.89E-01
TCGA-77-7463-01	4.23E+00	4.09E+00	8.05E-01	2.30E+00	2.24E+00	8.54E-01	8.69E-01	1.54E+00
TCGA-77-7465-01	2.99E+00	3.00E+00	9.13E-01	2.77E+00	2.35E+00	8.65E-01	9.02E-01	1.34E+00
TCGA-77-8007-01	1.24E+00	1.39E+00	5.31E-01	1.11E+00	1.11E+00	4.64E-01	5.98E-01	7.93E-01
TCGA-77-8008-01	2.02E+00	1.97E+00	1.16E-01	1.75E+00	1.68E+00	6.83E-01	6.55E-01	1.13E+00
TCGA-77-8009-01	1.15E+00	1.36E+00	1.03E+00	1.25E+00	1.29E+00	8.07E-01	8.88E-01	1.23E+00
TCGA-77-8128-01	2.70E+00	2.53E+00	7.81E-01	2.67E+00	2.09E+00	7.09E-01	1.12E+00	1.44E+00
TCGA-77-8130-01	1.35E+00	1.74E+00	5.26E-01	2.04E+00	1.82E+00	6.21E-01	7.70E-01	1.22E+00
TCGA-77-8131-01	7.19E-01	8.06E-01	5.68E-01	1.45E+00	1.01E+00	4.28E-01	5.05E-01	2.15E-01
TCGA-77-8133-01	3.12E+00	3.94E+00	7.29E-01	2.58E+00	2.33E+00	1.13E+00	9.48E-01	1.45E+00
TCGA-77-8136-01	2.53E+00	2.47E+00	3.65E+00	2.50E+00	1.93E+00	7.62E-01	8.35E-01	3.91E+00
TCGA-77-8138-01	1.15E+00	1.22E+00	4.09E-01	1.25E+00	1.17E+00	4.57E-01	4.90E-01	7.18E-01
TCGA-77-8139-01	1.58E+00	2.14E+00	8.16E-01	2.33E+00	1.58E+00	7.08E-01	8.03E-01	1.01E+00
TCGA-77-8140-01	2.97E+00	3.28E+00	2.04E+00	3.33E+00	2.48E+00	8.11E-01	5.77E-01	2.19E+00
TCGA-77-8143-01	1.46E+00	1.47E+00	6.05E-01	1.59E+00	1.74E+00	6.21E-01	7.54E-01	1.01E+00
TCGA-77-8144-01	4.03E+00	3.93E+00	1.29E+00	2.73E+00	2.33E+00	9.76E-01	9.22E-01	1.57E+00
TCGA-77-8145-01	9.52E-01	1.27E+00	6.23E-01	1.36E+00	1.29E+00	5.91E-01	7.17E-01	7.41E-01
TCGA-77-8146-01	1.88E+00	1.75E+00	5.57E-01	1.58E+00	1.50E+00	6.98E-01	5.95E-01	5.77E-01
TCGA-77-8148-01	1.98E+00	2.16E+00	6.17E-01	2.51E+00	1.66E+00	9.50E-01	1.21E+00	1.21E+00
TCGA-77-8150-01	1.65E+00	1.76E+00	5.05E-01	1.64E+00	1.29E+00	4.18E-01	6.77E-01	6.45E-01
TCGA-77-8153-01	1.62E+00	1.67E+00	6.08E-01	1.60E+00	1.74E+00	5.12E-01	7.30E-01	1.36E+00
TCGA-77-8154-01	1.76E+00	1.86E+00	7.77E-01	1.90E+00	1.48E+00	7.68E-01	8.09E-01	1.12E+00
TCGA-77-8156-01	1.85E+00	2.16E+00	5.38E-01	1.93E+00	1.59E+00	7.42E-01	8.51E-01	8.44E-01
TCGA-77-A5FZ-01	4.29E-02	4.23E-02	0.00E+00	1.00E-02	0.00E+00	0.00E+00	0.00E+00	0.00E+00
TCGA-77-A5G1-01	1.62E+00	1.76E+00	7.64E-01	1.72E+00	1.60E+00	5.48E-01	5.03E-01	1.23E+00
TCGA-77-A5G3-01	5.01E+00	5.23E+00	1.71E+00	3.35E+00	3.19E+00	1.42E+00	1.01E+00	1.90E+00
TCGA-77-A5G6-01	5.18E+00	4.72E+00	1.04E+00	3.04E+00	2.33E+00	9.40E-01	1.14E+00	1.16E+00
TCGA-77-A5G7-01	8.98E-01	1.10E+00	6.77E-01	1.12E+00	1.37E+00	3.85E-01	5.66E-01	1.09E+00
TCGA-77-A5G8-01	2.32E+00	2.70E+00	6.31E-01	2.26E+00	2.22E+00	7.19E-01	7.59E-01	5.85E-01
TCGA-77-A5GA-01	1.68E+00	1.70E+00	6.51E-01	1.39E+00	1.35E+00	7.39E-01	8.08E-01	1.10E+00
TCGA-77-A5GB-01	5.18E-01	7.28E-01	1.78E+00	9.10E-01	1.01E+00	5.02E-01	6.31E-01	1.65E+00
TCGA-77-A5GF-01	9.75E-01	1.30E+00	7.52E-01	1.48E+00	1.00E+00	5.63E-01	5.78E-01	6.70E-01
TCGA-77-A5GH-01	2.00E+00	1.95E+00	1.70E+00	2.09E+00	1.73E+00	8.06E-01	8.67E-01	1.62E+00
TCGA-79-5596-01	1.59E+00	2.02E+00	4.11E-01	2.06E+00	1.66E+00	5.87E-01	6.13E-01	1.03E+00
TCGA-85-6175-01	2.97E-01	7.33E-01	3.18E-01	7.93E-01	4.25E-01	4.80E-01	6.09E-01	4.91E-01
TCGA-85-6560-01	2.64E+00	2.57E+00	1.08E+00	3.06E+00	2.68E+00	7.83E-01	1.16E+00	2.06E+00
TCGA-85-6561-01	2.19E+00	2.14E+00	1.16E+00	2.29E+00	1.78E+00	6.97E-01	6.45E-01	1.42E+00
TCGA-85-6798-01	1.75E+00	2.14E+00	9.06E-01	2.32E+00	2.50E+00	6.77E-01	8.26E-01	1.27E+00
TCGA-85-7696-01	1.35E+00	1.79E+00	1.07E+00	2.08E+00	1.74E+00	1.12E+00	1.07E+00	1.30E+00
TCGA-85-7697-01	1.91E+00	2.42E+00	1.02E+00	2.17E+00	1.88E+00	9.20E-01	7.42E-01	1.45E+00
TCGA-85-7698-01	1.04E+00	1.56E+00	7.15E-01	1.66E+00	1.34E+00	6.73E-01	5.90E-01	9.82E-01
TCGA-85-7699-01	1.56E+00	2.55E+00	6.80E-01	2.13E+00	1.91E+00	5.46E-01	1.01E+00	1.14E+00
TCGA-85-7710-01	1.63E+00	1.93E+00	1.35E+00	1.86E+00	1.67E+00	7.98E-01	6.03E-01	1.67E+00
TCGA-85-7843-01	1.90E+00	1.96E+00	1.04E+00	1.80E+00	1.82E+00	6.57E-01	7.89E-01	9.65E-01
TCGA-85-7844-01	1.58E+00	1.75E+00	1.32E-01	1.69E+00	1.76E+00	6.05E-01	6.90E-01	1.17E+00
TCGA-85-7950-01	2.15E+00	2.34E+00	1.37E+00	1.88E+00	1.79E+00	7.45E-01	6.85E-01	1.34E+00
TCGA-85-8048-01	1.23E+00	1.51E+00	6.18E-01	1.33E+00	1.25E+00	6.06E-01	7.45E-01	7.21E-01
TCGA-85-8049-01	2.43E+00	2.48E+00	8.22E-01	1.90E+00	1.81E+00	8.67E-01	7.88E-01	1.45E+00
TCGA-85-8052-01	1.01E+00	1.23E+00	4.95E-01	1.42E+00	1.24E+00	5.54E-01	6.52E-01	1.13E+00
TCGA-85-8070-01	1.83E+00	1.81E+00	7.88E-01	1.94E+00	1.81E+00	5.91E-01	7.97E-01	1.11E+00
TCGA-85-8071-01	3.63E+00	3.55E+00	9.00E-01	2.96E+00	2.63E+00	1.05E+00	9.35E-01	1.53E+00
TCGA-85-8072-01	1.41E+00	1.86E+00	5.33E-01	2.05E+00	1.84E+00	6.24E-01	1.03E+00	1.03E+00
TCGA-85-8276-01	2.15E+00	2.33E+00	9.65E-01	2.50E+00	2.66E+00	9.60E-01	7.32E-01	1.50E+00
TCGA-85-8277-01	2.25E+00	2.27E+00	1.50E+00	2.10E+00	1.54E+00	9.83E-01	9.14E-01	1.52E+00
TCGA-85-8287-01	1.92E+00	2.46E+00	9.26E-01	2.41E+00	1.97E+00	7.85E-01	8.77E-01	1.59E+00
TCGA-85-8288-01	2.07E+00	2.14E+00	7.69E-01	2.04E+00	2.03E+00	8.54E-01	1.01E+00	1.25E+00
TCGA-85-8350-01	3.51E+00	3.50E+00	1.30E+00	2.11E+00	2.03E+00	9.76E-01	6.99E-01	1.46E+00
TCGA-85-8351-01	1.54E+00	1.78E+00	7.00E-01	1.45E+00	1.73E+00	4.67E-01	8.33E-01	1.11E+00
TCGA-85-8352-01	2.17E+00	2.50E+00	1.02E+00	2.40E+00	1.92E+00	8.87E-01	6.35E-01	9.95E-01
TCGA-85-8353-01	1.88E+00	1.78E+00	6.24E-01	1.55E+00	1.56E+00	6.09E-01	6.45E-01	1.39E+00
TCGA-85-8354-01	1.18E+00	1.90E+00	1.63E+00	1.89E+00	1.61E+00	5.85E-01	9.53E-01	1.63E+00
TCGA-85-8355-01	1.72E+00	2.78E+00	6.55E-01	2.69E+00	2.43E+00	9.90E-01	1.03E+00	1.11E+00
TCGA-85-8479-01	1.04E+00	1.46E+00	5.01E-01	1.33E+00	1.08E+00	7.72E-01	8.49E-01	8.84E-01
TCGA-85-8481-01	3.35E+00	3.44E+00	9.13E-01	2.06E+00	2.59E+00	8.09E-01	7.10E-01	1.82E+00
TCGA-85-8580-01	2.57E+00	2.19E+00	5.34E-01	1.98E+00	2.26E+00	9.05E-01	9.56E-01	1.85E+00
TCGA-85-8582-01	3.33E+00	3.67E+00	7.87E-01	2.54E+00	1.98E+00	6.64E-01	7.81E-01	8.69E-01
TCGA-85-8584-01	3.11E+00	2.92E+00	7.78E-01	1.70E+00	1.39E+00	7.88E-01	6.67E-01	8.18E-01
TCGA-85-8664-01	1.96E+00	1.81E+00	8.86E-01	2.15E+00	1.57E+00	5.84E-01	7.67E-01	9.16E-01
TCGA-85-8666-01	2.43E+00	2.15E+00	8.59E-01	2.01E+00	1.51E+00	8.64E-01	6.96E-01	9.50E-01
TCGA-85-A4CL-01	1.92E+00	2.08E+00	1.48E+01	2.23E+00	1.31E+00	1.92E+00	9.72E-01	1.71E+01
TCGA-85-A4CN-01	1.87E+00	2.09E+00	6.93E-01	1.84E+00	1.84E+00	5.49E-01	8.68E-01	1.59E+00
TCGA-85-A4JB-01	4.12E+00	3.81E+00	8.91E-01	3.11E+00	2.94E+00	8.96E-01	6.67E-01	2.12E+00
TCGA-85-A4JC-01	1.87E+00	2.13E+00	1.83E+00	2.18E+00	1.72E+00	8.98E-01	5.47E-01	1.76E+00
TCGA-85-A4PA-01	1.76E-01	1.60E-01	0.00E+00	1.30E-01	2.04E-01	0.00E+00	2.41E-01	2.03E-01
TCGA-85-A4QQ-01	1.38E+00	1.48E+00	3.29E+00	1.74E+00	1.70E+00	9.25E-01	7.16E-01	3.27E+00
TCGA-85-A4QR-01	1.48E+00	1.62E+00	9.38E-01	1.70E+00	1.68E+00	6.94E-01	9.66E-01	1.39E+00
TCGA-85-A50M-01	8.64E-01	9.67E-01	5.93E-01	9.34E-01	6.61E-01	4.94E-01	5.73E-01	6.73E-01
TCGA-85-A50Z-01	3.42E+00	3.90E+00	1.14E+00	3.20E+00	2.90E+00	9.00E-01	8.11E-01	1.66E+00
TCGA-85-A510-01	2.63E+00	2.52E+00	3.10E-01	1.35E+00	9.08E-01	5.47E-01	7.35E-01	4.37E-01
TCGA-85-A511-01	2.28E+00	2.30E+00	9.72E-01	1.77E+00	1.45E+00	8.30E-01	6.76E-01	1.17E+00
TCGA-85-A512-01	1.57E+00	1.65E+00	7.90E-01	1.71E+00	1.58E+00	5.94E-01	4.53E-01	1.11E+00
TCGA-85-A513-01	7.83E-02	3.60E-01	1.69E-01	5.63E-01	2.01E-01	3.15E-01	3.74E-01	3.07E-01
TCGA-85-A53L-01	1.88E+00	1.93E+00	5.21E-01	2.58E+00	2.43E+00	5.28E-01	6.18E-01	6.06E-01
TCGA-85-A5B5-01	2.99E+00	3.45E+00	8.45E-01	3.28E+00	2.57E+00	8.32E-01	8.22E-01	1.56E+00
TCGA-90-7766-01	1.01E+00	1.36E+00	8.67E-01	1.35E+00	1.27E+00	4.62E-01	5.88E-01	1.25E+00
TCGA-90-7767-01	1.03E+00	1.14E+00	6.38E-01	1.16E+00	1.18E+00	6.40E-01	6.64E-01	1.01E+00
TCGA-90-7769-01	4.15E+00	4.33E+00	1.14E+00	3.91E+00	3.01E+00	1.27E+00	9.04E-01	1.40E+00
TCGA-90-7964-01	4.81E+00	4.48E+00	2.85E+00	2.27E+00	2.28E+00	1.33E+00	9.40E-01	3.15E+00
TCGA-90-A4ED-01	5.32E-01	2.21E-01	3.24E-01	2.31E-01	5.31E-01	9.34E+00	9.85E-01	9.47E+00
TCGA-90-A4EE-01	2.02E+00	2.28E+00	3.05E+00	2.54E+00	2.21E+00	1.23E+00	7.63E-01	3.44E+00
TCGA-90-A59Q-01	4.08E+00	3.97E+00	4.93E-01	2.05E+00	1.38E+00	7.94E-01	7.27E-01	8.60E-01
TCGA-92-7340-01	2.53E+00	3.19E+00	2.03E+00	3.58E+00	2.63E+00	1.19E+00	1.21E+00	2.13E+00
TCGA-92-7341-01	1.46E+00	1.57E+00	6.79E-01	1.46E+00	1.73E+00	6.73E-01	9.67E-01	1.03E+00
TCGA-92-8063-01	3.25E+00	3.08E+00	9.06E-01	3.14E+00	2.41E+00	7.69E-01	6.63E-01	1.60E+00
TCGA-92-8064-01	2.03E+00	2.31E+00	4.92E-01	2.30E+00	1.76E+00	7.75E-01	7.77E-01	1.15E+00
TCGA-92-8065-01	1.82E-01	1.02E+00	5.53E+00	1.33E+00	7.26E-01	8.80E-01	6.22E-01	6.01E+00
TCGA-94-7033-01	4.29E-01	1.19E+00	7.14E-01	1.87E+00	1.69E+00	6.09E-01	7.37E-01	5.25E-01
TCGA-94-7557-01	2.32E-01	7.81E-01	1.15E+00	7.02E-01	1.03E+00	6.81E-01	6.23E-01	1.10E+00
TCGA-94-7943-01	1.12E+00	1.42E+00	3.07E+00	1.52E+00	1.20E+00	9.37E-01	6.27E-01	3.37E+00
TCGA-94-8035-01	1.56E+00	1.63E+00	1.19E+00	1.82E+00	1.65E+00	7.65E-01	6.46E-01	1.14E+00
TCGA-94-8490-01	3.96E+00	5.14E+00	1.70E+00	4.77E+00	1.18E+01	1.32E+00	3.43E+00	1.18E+01
TCGA-94-8491-01	3.12E+00	4.40E+00	1.56E+00	5.12E+00	4.49E+00	9.68E-01	1.03E+00	2.33E+00
TCGA-94-A4VJ-01	4.02E+00	3.61E+00	9.77E-01	2.82E+00	2.36E+00	7.99E-01	8.79E-01	1.15E+00
TCGA-94-A5I4-01	2.31E+00	2.19E+00	7.16E-01	2.02E+00	1.92E+00	8.15E-01	8.34E-01	1.45E+00
TCGA-94-A5I6-01	1.51E+00	1.70E+00	7.06E-01	1.56E+00	1.47E+00	5.88E-01	7.42E-01	9.09E-01
TCGA-96-7544-01	2.73E+00	2.80E+00	1.32E+00	3.33E+00	2.56E+00	6.37E-01	1.04E+00	1.59E+00
TCGA-96-7545-01	1.15E+00	1.35E+00	5.75E-01	1.34E+00	1.54E+00	6.23E-01	6.88E-01	9.76E-01
TCGA-96-8169-01	1.44E+00	2.20E+00	6.18E-01	1.93E+00	2.02E+00	7.30E-01	9.42E-01	8.81E-01
TCGA-96-8170-01	2.12E+00	2.52E+00	1.78E+00	1.86E+00	1.71E+00	6.79E-01	5.96E-01	1.55E+00
TCGA-96-A4JK-01	3.83E+00	3.59E+00	2.05E+00	3.70E+00	3.30E+00	1.22E+00	1.13E+00	2.07E+00
TCGA-96-A4JL-01	3.25E-01	4.72E-01	3.50E-01	6.58E-01	5.06E-01	5.19E-01	6.30E-01	5.00E-01
TCGA-98-7454-01	2.08E+00	2.10E+00	1.04E+00	1.75E+00	1.39E+00	7.96E-01	6.30E-01	8.86E-01
TCGA-98-8020-01	5.44E-01	1.18E+00	1.10E+00	1.39E+00	7.21E-01	2.27E-01	6.92E-01	1.02E+00
TCGA-98-8021-01	3.29E+00	3.34E+00	1.68E+01	2.79E+00	2.51E+00	1.72E+00	8.92E-01	1.85E+01
TCGA-98-8022-01	1.48E+00	2.01E+00	9.75E-01	2.19E+00	1.97E+00	7.65E-01	8.57E-01	1.01E+00
TCGA-98-8023-01	2.02E+00	1.97E+00	4.56E-01	1.99E+00	2.03E+00	6.57E-01	6.77E-01	1.18E+00
TCGA-98-A538-01	6.48E+00	5.70E+00	2.46E+00	4.30E+00	3.56E+00	1.15E+00	8.41E-01	2.43E+00
TCGA-98-A539-01	1.68E+00	1.68E+00	9.30E-01	1.30E+00	1.14E+00	7.92E-01	6.43E-01	6.82E-01
TCGA-98-A53A-01	2.80E+00	2.82E+00	6.69E-01	2.21E+00	2.03E+00	8.53E-01	8.31E-01	1.77E+00
TCGA-98-A53B-01	1.25E+00	1.81E+00	8.47E-01	1.66E+00	1.72E+00	6.01E-01	6.61E-01	1.03E+00
TCGA-98-A53C-01	7.04E-02	8.93E-02	0.00E+00	5.10E-02	1.58E-01	0.00E+00	1.21E-01	1.23E-01
TCGA-98-A53H-01	5.42E-01	6.36E-01	1.40E-01	3.79E-01	3.32E-01	1.70E-01	4.11E-02	1.71E-01
TCGA-98-A53I-01	3.05E+00	2.60E+00	1.20E+00	3.21E+00	2.62E+00	1.04E+00	9.61E-01	1.40E+00
TCGA-98-A53J-01	1.14E+00	1.45E+00	1.27E+00	1.35E+00	9.73E-01	7.88E-01	8.57E-01	1.39E+00
TCGA-J1-A4AH-01	1.10E+00	1.45E+00	1.59E+00	1.56E+00	1.46E+00	7.88E-01	8.04E-01	1.50E+00
TCGA-L3-A4E7-01	1.16E+00	1.22E+00	2.30E-01	1.06E+00	1.01E+00	3.35E-01	6.52E-01	8.11E-01
TCGA-L3-A524-01	3.31E+00	3.05E+00	6.82E-01	2.59E+00	2.34E+00	7.54E-01	8.96E-01	1.60E+00
TCGA-LA-A446-01	3.25E+00	3.34E+00	1.42E+00	2.32E+00	1.78E+00	1.07E+00	1.06E+00	1.42E+00
TCGA-LA-A7SW-01	3.12E-01	8.89E-01	6.52E-01	1.29E+00	1.13E+00	3.00E-02	6.98E-01	1.05E+00
TCGA-MF-A522-01	1.95E+00	2.64E+00	9.40E+00	2.94E+00	2.59E+00	1.69E+00	1.07E+00	9.92E+00
TCGA-NC-A5HD-01	3.61E+00	3.38E+00	1.15E+00	3.89E+00	2.79E+00	1.00E+00	7.20E-01	1.58E+00
TCGA-NC-A5HE-01	2.02E+00	2.32E+00	6.92E-01	1.62E+00	1.45E+00	7.55E-01	6.98E-01	8.84E-01
TCGA-NC-A5HF-01	2.15E+00	2.45E+00	7.78E-01	2.74E+00	2.22E+00	4.52E-01	7.93E-01	1.07E+00
TCGA-NC-A5HG-01	2.85E+00	4.41E+00	1.91E+00	4.82E+00	4.49E+00	1.89E+00	1.39E+00	2.31E+00
TCGA-NC-A5HH-01	2.34E+00	2.82E+00	8.12E-01	2.69E+00	2.06E+00	1.17E+00	1.11E+00	1.47E+00
TCGA-NC-A5HI-01	4.37E+00	4.52E+00	1.93E+00	2.24E+00	2.25E+00	8.67E-01	1.07E+00	1.87E+00
TCGA-NC-A5HJ-01	4.92E+00	4.71E+00	8.56E-01	2.74E+00	2.05E+00	8.01E-01	8.09E-01	1.41E+00
TCGA-NC-A5HK-01	2.79E+00	3.20E+00	7.96E-01	2.53E+00	1.86E+00	6.76E-01	8.13E-01	1.06E+00
TCGA-NC-A5HL-01	1.84E+00	2.16E+00	7.43E-01	2.16E+00	1.71E+00	8.33E-01	7.81E-01	1.42E+00
TCGA-NC-A5HM-01	2.57E+00	2.49E+00	7.74E-01	2.45E+00	2.10E+00	8.20E-01	6.91E-01	9.89E-01
TCGA-NC-A5HN-01	3.96E+00	3.57E+00	1.11E+00	4.39E+00	3.91E+00	1.54E+00	1.07E+00	2.56E+00
TCGA-NC-A5HO-01	1.82E+00	2.43E+00	8.01E-01	2.41E+00	2.55E+00	6.86E-01	6.83E-01	1.53E+00
TCGA-NC-A5HP-01	4.35E+00	3.95E+00	1.61E+00	2.34E+00	2.08E+00	9.13E-01	9.34E-01	1.61E+00
TCGA-NC-A5HQ-01	2.64E+00	3.21E+00	9.83E-01	2.66E+00	2.19E+00	9.88E-01	1.07E+00	1.20E+00
TCGA-NC-A5HR-01	3.69E+00	3.31E+00	7.53E-01	3.01E+00	2.33E+00	8.29E-01	6.40E-01	1.41E+00
TCGA-NC-A5HT-01	3.03E+00	2.94E+00	7.64E-01	2.14E+00	2.00E+00	9.07E-01	8.84E-01	1.03E+00
TCGA-NK-A5CR-01	2.39E+00	2.62E+00	9.49E-01	2.33E+00	2.02E+00	9.50E-01	8.11E-01	1.21E+00
TCGA-NK-A5CT-01	2.98E+00	3.38E+00	1.48E+00	2.34E+00	1.89E+00	8.07E-01	8.07E-01	1.65E+00
TCGA-NK-A5CX-01	2.20E+00	2.40E+00	3.23E-01	1.65E+00	1.66E+00	4.47E-01	5.84E-01	5.56E-01
TCGA-NK-A5D1-01	1.20E+00	1.57E+00	7.61E-01	1.62E+00	1.63E+00	7.71E-01	7.19E-01	9.44E-01
TCGA-NK-A7XE-01	3.43E-01	4.84E-01	1.88E+00	4.64E-01	8.76E-01	4.01E-01	5.48E-01	1.87E+00
TCGA-O2-A52N-01	4.12E+00	3.96E+00	1.39E+00	3.59E+00	2.72E+00	8.55E-01	8.15E-01	1.60E+00
TCGA-O2-A52Q-01	1.07E+01	1.15E+01	4.78E+00	5.04E+00	3.49E+00	1.53E+00	1.15E+00	4.88E+00
TCGA-O2-A52S-01	2.23E+00	2.67E+00	2.08E+00	2.73E+00	2.12E+00	9.58E-01	8.09E-01	1.92E+00
TCGA-O2-A52V-01	2.65E+00	2.54E+00	8.00E-01	1.94E+00	1.42E+00	1.07E+00	7.82E-01	1.31E+00
TCGA-O2-A52W-01	1.04E+00	1.01E+00	5.37E-01	8.14E-01	1.28E+00	5.11E-01	6.20E-01	8.89E-01
TCGA-O2-A5IB-01	2.33E+00	2.38E+00	7.22E-01	2.28E+00	2.27E+00	8.36E-01	3.07E-01	1.35E+00
TCGA-XC-AA0X-01	1.92E+00	1.79E+00	9.00E-01	1.58E+00	1.73E+00	8.52E-01	6.61E-01	1.31E+00
