MutationType	SBS96A	SBS96B	SBS96C	SBS96D	SBS96E	SBS96F	SBS96G	SBS96H	SBS96I	SBS96J	SBS96K	SBS96L	SBS96M	SBS96N	SBS96O	SBS96P	SBS96Q	SBS96R
A[C>A]A	7.240759504022132e-05	0.0007001301756987033	0.08638681158423424	0.009068105979466381	7.620528629373346e-05	0.0018999540596475128	0.007841612131818039	1.4132446522125974e-05	0.0017037241980235507	0.00908812844193398	0.0008792613407899808	0.005234716033072146	0.00010677328687904719	0.014219301386180857	0.00789898857843622	0.0010296462541550967	0.0007654434463773186	0.0007183790972216286
A[C>A]C	2.1680293755821367e-06	1.704401158804103e-05	0.05115727326052969	0.015393838948907087	0.0006440808089047282	0.002685240585205406	0.010281488993279027	0.0003191730568130424	0.002734803075119956	0.011365358647014417	0.00044885380373848704	0.013532081440422701	0.0005323923800652608	0.017596954296501544	0.016147659328562155	0.003935174600524078	0.0006956032113239985	0.0032869999684771757
A[C>A]G	7.2303327047507085e-06	3.382062926959861e-07	0.02701219773757643	0.012020317918326851	4.506132606572066e-06	0.0009058044224192941	0.0024534330466342525	4.546264165044e-06	2.255856187072247e-08	0.011282583111180048	2.5005083798770866e-05	0.0029414238326198124	0.0001850651545176163	0.0029145124847125992	0.000834370405537257	0.0009657104119899129	0.00021953168943376512	0.0011012857957243937
A[C>A]T	3.9453009034957634e-05	9.759653400408297e-05	0.035251912668738894	0.01397661919719893	1.4085459755506296e-05	0.0018064461029140943	0.007113886278170369	0.0023228255817048194	0.00030514194199843925	0.007163670629524932	4.1172522262513663e-05	0.004714330825164552	0.0002998108172931779	0.0072277036737215285	0.005662011254414665	0.00194248761972311	0.0001687407795299123	0.008474420379649246
A[C>G]A	7.600567310944717e-15	1.823550782929211e-05	0.004231719211253822	0.0031721918573095562	2.27036409341963e-05	0.0001872636411999906	0.0018661216295882857	0.00038758230442148626	0.0002463689957957982	0.0025371324846639354	0.0021200058088570017	0.002073627279738455	0.0005002270963036182	0.05507512937609192	0.0053307014729136945	0.0008611629660081377	4.328882585724614e-11	0.0002704324247315526
A[C>G]C	4.580645811745427e-05	7.09801422332295e-05	0.004224490532722984	0.0008826111902391199	0.00022647521813264643	0.0015148843275859531	0.0022520540287555946	7.225176281467682e-05	0.0007830834743383974	0.003985262201341299	0.0013552518442709438	0.002920581256876975	0.0011453887912028903	0.04628984263015491	0.008038896233954792	0.0013345148250078864	0.0004968474125291777	0.00031653807224302
A[C>G]G	0.00047960911420088793	6.914844675009136e-05	0.0023411100462344308	0.0007445292992475671	2.644407064199328e-05	0.0021121781674742126	0.0013794897976138287	5.4023219623644535e-06	0.00020212468736865218	0.004770176904996957	0.0005647629888036931	0.005327871797531891	5.025007553172145e-06	0.02617706388864427	0.003291294978472461	0.002206025977213702	7.146358909126414e-05	0.00013699858977664903
A[C>G]T	7.45129705586578e-05	3.174366399946393e-05	0.0037348520764199124	0.0009641646101741141	0.00023801541133423144	0.0004844539157754468	0.002135176772605476	0.00031664126548671236	0.0017121663936880793	0.001781198126574921	0.002858215771734649	0.0016233872890585488	0.0011100115478348016	0.05396317020893889	0.00449973605356206	0.0005773802558960739	0.0003696945813610952	4.8771429179392814e-05
A[C>T]A	4.6242849322718966e-46	0.0006128670149496431	0.007910513476144465	0.009680222277250934	0.0008205542695512508	0.0037951945140957833	0.010859156656952109	0.006141893780127989	0.02938694636526634	0.015886418431533683	0.005190946927323239	0.01852023705105239	0.005888152393912955	0.018547181501097954	0.03669526200617952	0.009416542167309676	0.003050738750898745	0.001395734207221011
A[C>T]C	0.003077686187250569	0.050826875117462436	0.0006938157501308773	0.0010623919575328223	1.1070496765910321e-05	0.0010674598948788728	0.018062382117704598	0.007319098920640457	0.008341307599956736	0.02046279902189763	2.635882998696104e-06	0.044150183012618915	0.002964372688222383	0.004690209656454672	0.016021105864623665	0.11864886913463295	0.0002974326476645217	0.002382637899856661
A[C>T]G	5.536020034924149e-07	8.95973935263006e-06	0.004154246911892426	0.00032827162238470084	4.8415145398847425e-05	0.017803717925027857	0.0019513932598086454	0.03333466501327308	0.40132849199612364	0.0004866735404044847	0.00030294463435645027	0.0029089079419402706	0.0013709886570753087	0.007544705996729454	0.013699658190449071	0.002070397236956367	0.0022591123236715303	0.012229455579664261
A[C>T]T	0.0004192767843312595	0.008166640755374708	0.004382592647848939	0.002742247835462663	0.0007418474992099915	0.003118667046750829	0.013625582415829545	0.0035233480449509713	0.01115863057008795	0.017005389588883233	0.00015296443130836365	0.03427914750842774	0.0017921343311317628	0.011873695402363769	0.015066896462123652	0.04860886597407287	0.0015044544805736847	0.004732138928937104
A[T>A]A	0.00021756254402179116	0.0010798893215202554	0.0031108848016346614	0.0015603466144809275	1.0592187624922644e-05	0.0009355958637512174	0.00768437517472929	1.8003601582972095e-06	0.0007305936657513712	0.004870320935646006	9.839824311768552e-05	0.003218351151329769	0.003162661690707189	0.0020006162018647265	0.017354379784313777	0.01584762327804425	5.701164381785695e-05	0.00017256449562888076
A[T>A]C	0.0002581362900954353	0.00017580235829767866	0.004046322071428537	0.0017971648987748017	0.0004268100492403093	0.002146489914680032	0.008181668733356242	0.002764323921031846	0.0015155822834701383	0.0018771980523087707	0.00023660929048738004	0.003105939092039094	0.010941600090788518	0.004065059782278873	0.028877354271153878	0.016934340089683177	0.0004192370877308349	0.00016182513929770436
A[T>A]G	0.0008847937134839868	0.00010043419137360545	0.017907744064885236	0.00192815056431332	0.00028900526414098795	0.0016342027620295458	0.007710619819258457	2.0784580444441758e-05	0.000493369907882304	0.007884189364974257	7.61963885752337e-05	0.006936788254873516	0.0004766831691139828	0.006658322537501391	0.024390839202265938	0.004966983032254255	0.00029177071765836617	0.00047079302529962064
A[T>A]T	0.0016048765773206649	0.0016159558946421272	0.0002999601953370279	0.0008099079542508036	2.3179530576271645e-05	0.0005732741099019023	0.013523341868837324	0.002511245602800045	0.0020240810702355817	0.012964226257935892	1.0841060316124639e-09	0.015753252411133758	0.005008060626069828	0.0004588231288092828	0.011092969826740812	0.020105389974099167	0.0009972294364558878	0.0003969093824318293
A[T>C]A	3.478248948340479e-05	0.00022103560280811507	0.0103069549225701	0.0009222047592198379	7.919239280194112e-06	0.0010294190229033129	0.0037335313279726013	0.0006357799436071332	0.0009714476425580188	0.0058078219587087785	0.00013777964081008065	0.005461171642167528	0.036232167342677715	0.013892567011807043	0.061224445374682544	0.003431739811858563	3.85207771721241e-06	0.007780107842991129
A[T>C]C	7.985591862961883e-05	0.00018312803919100077	0.0012017624606024677	8.527340753062343e-05	1.1361655779182911e-05	0.0022963394372345646	0.001991195388036431	0.001570851682934022	0.0065315173735143615	0.0022495534572180512	0.0005547945082471983	0.0020487649308051914	0.027010062681511043	0.01210815005513723	0.013445225901086821	0.003726025457330877	0.005656322404975072	0.012529935782076791
A[T>C]G	7.361259790741315e-06	0.00082957156155937	0.009160069176045909	0.0022849169935395606	2.2336671245568597e-05	0.003367750911764631	0.00620827788436543	0.00018030009099080147	0.008353890525685302	0.00717410882199971	5.7454596253307954e-05	0.008123941200598778	0.05876021647766379	0.00726999441529139	0.06865653846579506	0.004957520610862218	0.0001358538508543461	0.0056827907775812035
A[T>C]T	0.0003675143278394444	2.1788407439657932e-05	0.004505526936641928	2.6840708703730342e-05	9.316012251474604e-05	0.0006380567334438325	0.0038101180014881207	0.00011930153243714159	0.0049983864291670696	0.0027796695603436207	0.00020246687771532378	0.014568097607722734	0.01315080299435067	0.011219326477815207	0.07742104587840316	0.014047926974969087	0.0013030760300848558	0.0044980299536049985
A[T>G]A	0.00013995338568452808	3.0656683610335026e-05	0.00030216701279632384	6.633628511167445e-05	0.0002610318862434065	8.324960751465938e-05	0.0027899267227813594	6.479390415154995e-06	0.0003189634881548109	0.00279888424874148	0.00013543726210244245	0.004139992966538255	8.289704411446072e-05	0.002747702932270642	0.008962875769343839	0.0029479089334025943	0.0017065971008446484	0.00035260291888938866
A[T>G]C	6.418120516173076e-05	0.0005523046841381133	0.0007758206071289919	3.003215841090423e-05	1.6025116892706137e-05	0.0011258519629145961	0.001361340843059793	1.8140329055000847e-05	0.0013062289683658434	0.0012434948836699178	0.00016626615487439267	0.0019838651752206744	0.002156559337724957	0.003493401419561337	0.00500347133389198	0.002776869787626598	0.007470930247545766	0.005304924184456467
A[T>G]G	0.0010583049268356951	0.00043028926499903973	0.001060715924005393	0.0007587408797361661	2.275005686840359e-06	0.00022304212059281347	0.007889698356390784	0.00012147634807751828	0.00018939014097377083	0.005817571575986893	3.251807426281061e-05	0.008254592734884554	0.0007415890312695695	0.009224280841698795	0.005446270516883614	0.007583357292561814	0.0010292345844221983	0.0019779231614950278
A[T>G]T	3.649811955381388e-05	0.00030114597385871633	0.0008897121523987305	7.513710730648882e-05	2.96578877012621e-10	0.0013225223787594587	0.00031911678857149184	6.179172868854721e-05	0.0001130883655027759	0.001830242437138807	3.153081339490882e-06	0.0014319946729328915	0.00079967882173122	0.00037485941558728085	0.0008985048182117694	0.0024787972546832294	0.03637253675609827	0.02680964128315203
C[C>A]A	0.0013818834792243707	0.0009221077857450493	0.04120739688855743	0.1623585059528789	9.465172921254839e-09	0.0001138910433581232	0.025032811060566068	0.0009974803889786178	0.0011752868458366095	0.008109431989654447	0.00019806092825034075	0.007109164722254629	0.0014864873797930044	0.005616091059710584	0.010718746332233735	0.019017262039915616	0.0011302593488104406	0.001303627107863221
C[C>A]C	0.00048047875878687307	0.0007519647058268526	0.006287591719348828	0.1780137935653329	1.205541337867565e-09	0.000193812348700817	0.0029031546727973988	0.004467248896487082	0.0005269984205806235	0.00698043583233385	5.845792951353346e-06	0.0026365990854576448	0.0071106355749271264	5.5114120863173644e-05	0.008355376761152975	0.0038185998480512228	0.0006076551900063976	0.0012420086055355787
C[C>A]G	2.0480380147351325e-09	0.0010316981158715066	0.009836974603659262	0.09842291479930282	5.9717920564139605e-09	0.0003617822258332026	0.0027233792191499974	0.0011901075115541104	0.00033973886283038545	0.007601999622771629	3.991906367328824e-06	0.0034219200918114722	0.00462382874680003	1.0076124308255885e-07	0.0027932704430330964	0.002403738583401136	6.117952811024451e-11	0.0007987462247304932
C[C>A]T	7.840234877685589e-06	0.003236340149927841	0.0012993973787425572	0.16189622301608325	3.562443867566323e-08	8.575664893383462e-05	0.009092168606155724	0.04571682861200607	9.275504400373694e-05	0.003386002287287848	1.910737350563352e-08	0.0013639425327350895	0.016815546283249282	2.852784133366981e-08	0.023695925034606685	0.008077278296336981	6.47296438671674e-10	0.005535273138167014
C[C>G]A	7.106156864140049e-05	2.6029637278673176e-05	0.007382767435427695	0.0021170236985198266	6.881615608392622e-05	0.0008281462438892184	0.0034310082720934963	8.625839109299705e-07	7.70033262388381e-05	0.006410363303714525	0.006002259844475475	0.005451280669058308	8.862185253164511e-06	0.050205096480571004	0.0032079422223456077	0.0011030128869603572	0.0005639988689404163	0.00012596828673176576
C[C>G]C	0.0003003302360136739	0.00021847958178871542	0.007858392573596192	0.0018068289154622291	0.000742465324146911	0.003949473128864067	0.004474253094850127	1.4265357979823534e-05	0.000411579832491622	0.008393182287205932	0.00017494280126511885	0.006554471095667722	1.043872333466034e-06	0.04071643470489221	0.003860142286657016	0.000923729972357421	9.115489628187312e-05	4.7636538731410386e-08
C[C>G]G	0.0004346807110233447	0.0011123676596545807	0.005894080290652548	0.0021655127783628283	3.6447955503149387e-06	0.003277002491174983	0.003412845123605621	2.2733101471334726e-05	0.0005368219624117287	0.006987954079979062	1.2362759128786981e-05	0.009636903929521812	9.16788245369915e-05	0.03403798657688835	0.004495735527626547	0.0026056139418665224	6.080944886843298e-05	0.0002451228269163508
C[C>G]T	5.488635482073789e-06	0.0003430187522732819	0.006821025051272657	0.0017480204048925074	0.0005331928244520867	9.037783095585894e-05	0.004324503043143579	8.206487483035652e-06	0.00030290273929143294	0.005104934554536058	0.004603028054919207	0.004309684449439104	6.190719720144955e-05	0.07409091231280016	0.0016366004165611514	0.0008367928406000047	0.00014862445490833342	5.1459443906054504e-08
C[C>T]A	0.04317646447956819	0.08327153360390639	0.004881332635034701	0.009761648898978825	0.008909202022009554	0.003834215342014764	0.042004942330097335	3.85506667856612e-05	0.0015948611175296815	0.003369721425102164	0.0020273574922500094	0.3426739435223862	7.73975584335318e-05	0.0014030454796996094	0.007281391641573887	0.003169234910694625	0.0014727172535795464	6.099926572964876e-05
C[C>T]C	0.0029083631413095506	0.42298488326370715	4.142043959137125e-06	0.0008879586736287592	1.4348677229055824e-06	0.00016120227197879533	0.003828557337390913	0.00011776056233205878	0.00011291004913547737	0.0008701714490542045	6.686553419328334e-06	0.0064226311359299616	0.002674119660783205	1.4557737990653074e-07	2.491058852095088e-05	0.008312447873003488	0.00015092236733523772	0.0007210256811860788
C[C>T]G	0.0005783424049648077	0.07874247309158315	0.0017541688813460785	0.0032478462321036483	0.0009400126550303562	0.0028629670606909467	0.03173077180865086	0.023063348771858064	0.3624056671699748	0.059869414216807276	0.002851362660346091	0.010889841554623737	0.0021910766603200097	0.0008674438045100175	0.004163860459057815	0.03349604589608248	0.0016322477377099978	0.003000447993701294
C[C>T]T	0.002056221790678038	0.15625788874542285	0.0021167467723121904	0.005018913260069409	0.00047048041215678625	0.005598449152100844	0.2969978680431863	0.0003016825532561996	0.0024683991335873	0.004312344035792785	0.0016188676913580127	0.02049742506308925	0.0005782211151572691	0.007712882041232767	0.002431108505753983	0.004875773878153293	0.0013522368393825701	0.0018633289217383719
C[T>A]A	0.00019706733569194057	0.0001712535440676044	0.007781889059301816	0.0023447244282305845	1.8944720979305883e-05	0.0011427801638314605	0.005633043094408094	1.397224147858367e-05	8.173570322729029e-05	0.0081941936950534	0.00022334919142863896	0.00548677289285588	0.0002869476779053315	0.004281903968659364	0.00402501834084589	0.0038677576451125917	0.0008819867915592283	0.00017691280623694184
C[T>A]C	0.0011712627845599855	0.00035860930470562436	0.006837378454493828	0.004055444993840114	0.0005091358062615825	0.0026360681977894273	0.011479161173551234	0.0013104819032378145	0.00042963844864836177	0.0099910486896988	0.00020743842170219294	0.006139194349816535	0.004750979116170129	0.01235070295394067	0.00844871157511628	0.004923297809182368	0.014028924817685038	0.000229580128507223
C[T>A]G	0.0002307102928474627	7.892809519180588e-05	0.029851817760529472	0.015556955621311349	1.4447663136700761e-05	0.002839620538658494	0.009547162361915836	3.0373211964769276e-05	0.0004486628978210927	0.025929929116634085	1.5619973601772584e-05	0.010618260196920809	0.001475266235477255	0.008429412861192453	0.015755576435959748	0.005773331686847065	0.008028732022285111	0.0008150024567535219
C[T>A]T	0.000616016800528818	0.0005019763929185217	0.007842819141943166	0.003652788559407867	1.4326676821295806e-05	0.0009829729286568068	0.016926098281326175	2.802596928649634e-47	0.0012263595725411137	0.01719551748461356	2.7130431794830656e-06	0.008365203243689525	0.0002062719204740837	0.010276370079096183	0.004902927988029395	0.0078846436226965	0.03882686320692301	0.00013238054962130263
C[T>C]A	0.0007844864604087176	0.00051820376146452	0.006251194647666978	0.0013131225615545061	4.203895392974451e-46	0.0015456429603527854	0.004532527015387586	1.377839180349838e-07	0.0005297452102487909	0.004635311790433175	6.747229634505914e-05	0.0072496283953463305	0.03244545959867537	0.002187258218586496	0.012673068891583199	0.01043311045789359	0.008386572104645893	0.00040715043698298815
C[T>C]C	0.0005134683531510376	0.00017718675785431516	0.0019471693779787459	0.0014301811101790013	7.88212180802006e-05	0.0021309408528271236	0.003187118455551504	0.0004779629868479596	0.004664739379453522	0.005255796463297888	7.756571039475812e-05	0.00546632049838081	0.019826214980215796	0.015219200427340436	0.010128581121092438	0.011445275753656005	0.06201955258846283	0.00026102172843877724
C[T>C]G	1.746751522375689e-05	0.0013405925550711074	0.004337155103236264	0.009299839733494651	6.612828222785083e-09	0.004495391260605217	0.008634116044545977	0.0003768956699565962	0.008695145341307083	0.010055216922911291	1.6026131625324069e-07	0.005102670597309942	0.07523730023553812	0.0027517959723323314	0.035247089394495994	0.006491140943682154	0.04016332337060703	0.0014049469424594462
C[T>C]T	0.0015109183523664177	0.0022010214235358037	0.002516216117262662	0.0005430370591833444	4.484155085839415e-46	0.0009456303862426552	0.01690855816253105	3.116487732768291e-08	0.000610311502479206	0.011603169069791761	0.00012646163358070339	0.020777797310392712	0.021757970790347372	0.00222574217255179	0.021622969477466433	0.019265409806430895	0.12578962177038192	0.00013712854823097587
C[T>G]A	8.801078454920036e-05	9.212501274290997e-05	0.0007349180468448325	4.3222930798947345e-05	7.543945976067335e-06	0.000536076449600813	0.000754661808935424	8.851241907409602e-05	0.0004268558734489147	0.0008589381491466952	2.2072732923543726e-05	0.0010423436792571295	0.0009053279948295767	0.005897325551943915	0.0044568971967403215	0.0017816287954013888	0.003747504580533132	0.003714246085146442
C[T>G]C	0.000569730917486595	0.0004630209146230658	0.000745339850345772	0.00011652778397547081	6.385577526089037e-05	0.0010820586344033245	0.0035739626593740475	0.0006122706537653677	0.004379429241897555	0.003049957591624093	0.00010582904114549789	0.0017305261210430168	0.0050031910730467645	0.005987093052535784	0.0059014557962757406	0.004842471664887853	0.024092953586950898	0.002750041891558794
C[T>G]G	0.0004947861598418512	0.0005509327772474007	0.0019641269305947164	0.005397306328522973	0.0	0.0010290384122755825	0.008195148287294956	0.00031390877405996777	0.002046517735409452	0.0067122201240272265	0.0	0.0058749315152806505	0.009826761848958086	0.022284374735103255	0.009830706004431563	0.008129864079407972	0.01662628512829542	0.006160262886987766
C[T>G]T	7.006492321624086e-47	5.984554122262509e-09	1.5782392026153503e-07	1.5384350238178968e-10	2.019960691167482e-09	1.0228103300069514e-06	1.565972325323628e-07	5.587514644048497e-05	6.772300612478688e-06	8.937021326094196e-08	9.029062408849598e-09	1.9022499309073737e-09	4.980467271487043e-08	4.203895392974451e-47	2.4492968124789628e-08	9.750789594420439e-08	0.3357640131442895	0.0038180991743233506
G[C>A]A	2.802596928649634e-47	2.158413538566606e-08	0.1088262363499318	0.010311008284285208	2.802596928649634e-47	0.0012065442649281622	0.004942038793048429	0.0014772682646326106	0.0039273794163705135	0.0030335236564623357	0.00017443591335208897	0.001893378370150458	2.8190470728857165e-05	0.009310356074150247	0.020267694682806772	0.0008001868915557964	0.003674101335224691	0.0017840096904481583
G[C>A]C	2.300519510754384e-05	3.005195540491279e-05	0.057419797003742695	0.02210008461537427	4.536441440865957e-05	0.00163540994718673	0.003524537592378536	0.00757314404239878	0.0002138415150787497	0.0140489389544175	0.0007914188673652234	0.007474800029259825	0.003928468711180812	0.008417173990318255	0.008551747871619497	0.001974103258799005	0.00047538632918076474	0.0027682264102890032
G[C>A]G	0.0	4.203895392974451e-47	0.04476325370966725	0.015991329798477665	0.0	0.000663938707496996	0.0020473962955203716	0.001663900205066966	0.0009112978966553342	0.010428278946007835	7.630895823571571e-05	0.003589642738254497	0.0005278830622329167	4.110234428367221e-09	0.0020749303711210844	0.00013571068066019264	9.560581484535646e-06	0.0010670915986588625
G[C>A]T	2.802596928649634e-47	9.162936476059258e-07	0.045646543515760814	0.016347386166447677	6.814029493398266e-06	0.003198396559575256	0.004070941055557213	0.02786498594913155	2.6212416017834533e-05	0.005416036362788006	0.00023356343431199856	0.002476348855106778	0.0009647968470198008	0.010717678833694393	0.004722523848391061	0.0013693962220774835	0.00021427198472494523	0.009967568802026108
G[C>G]A	9.124267563720422e-11	2.2612732664128997e-09	0.009793879647582476	0.0024100896767620837	2.802596928649634e-47	0.00034948869199184605	0.002215247475348008	0.00029740412715142386	0.0002889064170063094	0.002609983733963759	0.0019005356475827284	0.001490438773267755	0.00038566828334253957	0.027913620262335143	0.0043218809032113704	0.0009066104107364481	0.0009915552934398875	0.0003756786520341393
G[C>G]C	4.803122239536606e-05	0.000136088266090732	0.009287330876168993	0.0038613638170907193	0.00037550688130977603	0.0027728656788644913	0.0021442465515736854	0.00015972239901401974	0.0025981944922773914	0.004386357969904875	0.0008414304600216837	0.003166551295653335	0.004764699385850691	0.03727041067976614	0.006923319905825451	0.0010629845654790415	1.631550840102136e-05	0.00015394705930386722
G[C>G]G	0.00011025117591934475	0.00023297019797620917	0.007164850272876053	0.0032309104084855844	9.985091900719389e-06	0.0008794242691121746	0.0018150658656327324	1.7870504516537266e-06	0.0001399839627339894	0.00509003205486966	0.0006109472403387883	0.0038749512610070534	1.3015823874476093e-05	0.012051764096587475	0.0033047268372039616	0.0018354767729900933	7.947246194817125e-06	5.6723789984971514e-05
G[C>G]T	0.0	1.173355457240177e-10	0.00503360190513412	0.0016708524594400943	6.928313118947926e-05	0.0010657655455421455	0.0017068892565248461	0.00034862144545627416	0.00036568435307739124	0.0006578037292997862	0.002850372359644098	0.0018644575508177752	0.0014879804696528254	0.05095111570431868	0.0022412062795452315	0.0002803836139401028	0.00016654273265206854	0.0006585256451509735
G[C>T]A	3.0461864644948378e-05	0.0009558176434075022	0.006702103459998625	0.007293321299033262	0.00026589233109205264	0.0024447723598294145	0.012074088115615857	0.05728974120961936	0.010599915660027577	0.00418287022009963	0.009991343263891395	0.005883345598862206	0.018924058177684343	0.021351728953220288	0.05668788498896447	0.007936773811438229	0.0002710008850301904	0.003938108935147753
G[C>T]C	0.00977492186856914	0.053402838499747245	0.0001440715076736865	0.004609131771326988	0.0006312266185498662	0.004961195448360627	0.028512282321729452	0.10924687854979936	0.00013870609414794898	0.012615750890586619	0.0003474795422425814	0.015191807615740637	0.04331957162177304	0.0003826254592786249	0.013202155039482199	0.07810951904422382	5.0793271138687145e-05	0.01753512314319675
G[C>T]G	5.823198367949089e-11	5.821003767891853e-10	0.0001508138190655648	0.00013958949456732592	2.3489429921141892e-08	0.004998470406539326	5.797719602951279e-07	0.5608333092927933	0.04287864368438477	0.00017041770198154892	0.00019456186104344853	4.472880780703736e-07	0.0003008587750770175	0.0005874597432500074	0.0002951920444766737	0.00014756750525725339	0.00329226206960915	0.019971778347203772
G[C>T]T	0.008746024212554212	0.016887326245416955	0.003131990429917767	0.00430112273794549	0.001799181736157607	0.012985994947868918	0.046227449591592064	0.059223321290535154	0.0003027487096147752	0.009163243198085678	4.749516847368795e-08	0.007080680803570658	0.019839789309417738	0.01014077541412945	0.01939836490231869	0.026136067904621755	0.0004994049814558821	0.042112499438226224
G[T>A]A	0.0005729122198641435	7.874219831307982e-05	0.008975105013421124	0.0017953767742987824	0.000362326153579913	0.0011306822712302278	0.0036062828986706207	2.1150095576274453e-05	0.00013587789063311816	0.004615855988782807	0.00010127661825419225	0.002871843969870014	0.0026178682317620884	0.004394241108303518	0.009259643381030002	0.0033941686845281537	2.5693214666944187e-10	0.0005655828670282403
G[T>A]C	9.358760144095868e-06	6.38741035277235e-05	0.0031268031366460704	0.0034183563732013062	0.0004286626518425862	0.0018441306061615136	0.00635011019434305	0.0015316410172343353	0.0010013445327003011	0.0026240598838992673	0.0003306259531393252	0.002816903303431104	0.008871081264783526	0.005056229664353537	0.01687407081612932	0.009307796554638514	0.0029977921706904453	2.608148497529328e-06
G[T>A]G	0.0003944098806383929	0.0016107542068209036	0.009840947069863689	0.004314730883498683	9.167280410338208e-09	0.0008903494409602786	0.0064208058328464645	1.5919720408996697e-05	0.0002600547979182011	0.010059075379052445	2.4480501672456966e-05	0.00785890906261983	0.0012178188939374124	0.011132814400310255	0.01182265825390552	0.010549319951036864	0.0005715446476636998	0.0002277526594587087
G[T>A]T	0.0002836110375396573	0.00013529079354733517	0.003938190839800949	0.0013744549340300694	5.643823424179573e-06	0.0007162674059964757	0.009587637260139772	0.0008493975268356735	0.0006538081588448108	0.009553456735588953	1.857098930127421e-05	0.007281960725235024	0.0012140339864622264	0.00351840044806643	0.007878651176077653	0.009390595644565706	0.005473458059859695	6.82468176819384e-05
G[T>C]A	1.401298464324817e-47	2.521419766310373e-09	0.0005796026141920487	0.0017037951717430813	2.8974450983554336e-06	0.0005225136549317261	4.237200082412419e-05	7.769747139881657e-05	3.7684217524253775e-07	0.00026761303479311494	3.901334245322019e-06	4.426100483405193e-05	0.1524732394516468	1.1786692410116888e-07	0.00022451505551520173	9.033767368972646e-07	1.476882304629612e-07	0.01919077929646335
G[T>C]C	1.2356893239484635e-06	4.3971794248331974e-06	0.0010257358962025486	1.498028434070875e-05	2.850764957429419e-10	0.0022807077318429945	1.7416752408472292e-06	0.012942714729288127	1.354705936762457e-08	0.0006094199362721043	2.2860241032240937e-06	1.6241802752556823e-05	0.0666240891592156	9.298729553311347e-05	5.140523935542873e-07	0.0029307080642125526	0.008472279078445838	0.05119853613194323
G[T>C]G	3.9721460182626354e-05	8.719676950306623e-05	0.0007198856987876291	0.002113375722374702	1.7915712784422056e-08	0.00046586362555487424	0.0012375704213289573	0.000441748987741164	1.0962865064190197e-07	0.002167138525822345	4.8289238988026286e-05	0.0005017204769057279	0.12181399799883366	8.691924169237808e-05	0.008343547861903531	0.002517057029966878	0.006772037778864615	0.010719733135970983
G[T>C]T	0.007653132758076993	0.00157524135960645	0.0004890776089809278	3.4399677062424415e-09	7.908271282275336e-10	0.0005770610571912463	0.0027503781628043277	6.8842265062940554e-06	0.0004873463676433687	0.0045718773091442165	2.802596928649634e-47	0.03204755409781376	0.05451693263343998	8.468783565319882e-05	0.0014541280970168558	0.13124637423955499	0.002994973460185584	0.014342899027070501
G[T>G]A	5.444188953262597e-05	6.227659494470572e-05	0.0011871904194052263	6.412907536575752e-05	9.424446829378041e-06	0.00027447080187886997	0.0028895972942956406	4.872735785539817e-05	0.0004026431599991334	0.001852972141527367	8.021453324253968e-05	0.0016892508551543982	0.0002539754000422079	0.0072218672572831365	0.003012850743044293	0.0026778180157748465	0.0010942705418583642	0.0029361966363988757
G[T>G]C	0.00020583799105040158	0.0002476696791434667	0.0006834122036525514	1.469199780785857e-05	5.1585066638182296e-06	0.0010610894253045445	0.002301931252581255	0.0021098015996540197	0.00028970792598911996	0.000966806442296786	2.4803812830214157e-05	0.0011960677921328512	0.0006496718552671155	0.005040641851948991	0.004414957685843616	0.0025136747242868298	0.00994803931331262	0.005429796613175313
G[T>G]G	0.002278647352909083	0.0009302213985424216	0.001937552658553585	0.0008979252030375213	1.401298464324817e-47	0.0020570876732346477	0.008003615513492832	0.0006639447533048327	0.0006355575573361705	0.005582749161199913	2.6355368998309814e-11	0.010964075997170149	0.0009585856700749673	0.013303184949123761	0.0073027060090974415	0.014107926082691052	0.003191703559211021	0.001899442238429856
G[T>G]T	0.0004227119477693364	0.0004500585915005925	8.14595464508372e-05	0.00028594047797526006	0.0	6.767709263016285e-05	0.0016061997342688094	0.00200274808708059	7.428225302785752e-06	0.0005480510727921484	0.0	0.0019684946856294515	0.0009448181774108805	0.0001632126281124968	0.000219714787357832	0.0047687966750590135	0.08589256044477224	0.0006750196587254465
T[C>A]A	7.459858159251099e-05	0.0002783036639471767	0.059179416319925904	0.015425612465130783	0.001465237875091816	0.002006322962144793	0.00952971619411347	7.726436131278547e-05	0.0008116568485177212	0.010319617557518902	0.0561308378171816	0.014230366632739546	1.599987110694201e-06	0.00041972634636234575	0.005879291813237284	0.00527670767309599	0.0007902221702593692	0.0372341838479042
T[C>A]C	0.0016296334595405021	0.0012976382858420831	0.06391017075908081	0.03620084055000916	0.0015114037001835356	0.003456594723920432	0.01291234607214676	0.0019581518107092675	0.0022917395267123292	0.04272270775400102	0.02567173697636463	0.019793209155358937	2.288460300434281e-05	0.007664501544138034	0.008470111997155527	0.010721851610153115	0.00012156629862147383	0.013351307950157433
T[C>A]G	7.154310904553541e-05	9.666951227700337e-06	0.033632157673672294	0.007421646710039516	0.00044882195154048136	0.0009825329228857526	0.0032018649764408735	0.000754021179332085	0.000671376360641176	0.010422320459408638	0.009099055798724293	0.005731614405641762	3.415598009482323e-05	0.0008342896354241702	0.0078059944836002156	0.0029400855115341074	0.00017451034571539355	0.0015501668960496318
T[C>A]T	9.80908925027372e-47	0.0001826041005551815	0.006718706378457462	0.06441063271580276	0.00032787387801588077	0.005016080845569384	0.001235309693845501	0.0015714997790361018	1.991490461499712e-05	0.004287421379451537	0.017483043366596007	0.0010465988463030658	7.227296131087079e-05	3.071841825353497e-08	0.0010937183552034214	0.0017855783118923823	0.001822031783364384	0.324492865158245
T[C>G]A	1.2811218752517561e-10	2.6589171753244047e-10	0.005965999429306379	3.9788569489278556e-05	3.485183129340604e-05	1.715637731436459e-07	1.5889481573871934e-06	1.3431328049762215e-09	1.3490478963262832e-07	0.0131396866844848	0.28668361185447794	8.012830070924792e-07	2.2129748303819154e-08	0.00013751410574116106	1.6364150117897935e-06	0.01451674377071333	1.0884976988840833e-05	4.40260551082261e-08
T[C>G]C	0.0007391021061120084	0.0005517794491277398	0.012847921573441903	0.002019660783768688	0.0005194063972788854	0.0011256384958799786	0.003564235491691827	4.146596766076982e-06	0.0006614867705017391	0.013612098405826601	0.09504507489390221	0.006647674644962933	0.00026989579840611453	0.044322487976411654	0.004652712735751551	0.0024813407908807505	8.424520953838055e-05	0.00010917342500263772
T[C>G]G	0.00011580106539784428	0.00024002984207600365	0.003307194599182699	0.0005951506844587761	7.668899253218342e-05	0.0009448525620674353	0.0021975066940675657	2.658996683678083e-05	6.913557560986661e-05	0.005793463021845895	0.03323411391306763	0.005131094469106305	2.389146357018035e-06	0.014442775055005566	0.0015502733695213421	0.0028803261118027735	0.00011681410271556558	0.0002182272325187995
T[C>G]T	5.4884224841158514e-05	1.551092653836683e-05	0.00015077339484200367	0.00011056226019448445	0.0043309361377311005	0.0002493937730652249	0.0011941013625596853	2.3361965738075696e-05	1.8661556193677597e-08	0.0028875388905014736	0.3832557198405266	0.00024280499052451284	0.0006052778338362508	0.0042308603754988286	0.00036757705371610183	0.0003205182772148873	0.0006862328621492253	0.0006798134188962024
T[C>T]A	0.03008023371748769	0.0030384040908331485	0.0009072217806729313	0.0011148702946209754	0.7147580188512802	0.012707717061840797	0.00485693754357797	0.0002589541015776518	2.2672180418490703e-06	0.010158558737607492	0.024664309339967397	0.0023142228148091562	0.001620671387553756	0.0003305333330309429	0.00028993466127772647	0.0011664834224403454	0.0008026924045358896	0.000549576868269171
T[C>T]C	0.8098344883322716	0.007842057039953491	0.0003121429445562035	0.0025976057145721825	0.010351163349178547	0.004691349126606145	0.00445680656840608	2.7740419595550928e-06	8.746820912601922e-07	0.0032644660314989997	0.0016618496697462571	0.004822349298690831	9.197306656902882e-05	8.459891997603848e-07	5.758880740576483e-05	0.0015127632487513432	0.00012706279723250446	0.0010564189231757127
T[C>T]G	0.040446917225958195	0.0009292518594798338	4.947889543504557e-06	0.00010894042635030132	0.02365247577155565	0.8058899717836961	0.00044775386107614166	0.0021603830573363515	0.03258886949343262	0.00456375206867692	0.0004642903315775726	0.0006671112325597229	5.034674220780744e-06	8.643841601818636e-08	3.6094721576063196e-07	0.0003216429777982556	0.00037785510575851335	0.06851459777367928
T[C>T]T	0.0072600084543581	0.08207082280452306	0.0008627051239100536	0.0005842649891468355	0.22163480974644692	0.006136187327376055	0.02744325784905499	4.339509014728491e-06	9.28185791187186e-05	0.2737695982602441	0.012839867156757272	0.00851194407584134	3.2062201200250273e-06	6.712314875681367e-05	0.002552824548355321	0.00427289149268347	0.0006313696119750745	0.0375897898596276
T[T>A]A	0.0005626908079332323	0.00020449997116045896	0.003643109661317112	0.00172571753489704	8.891517861968623e-06	0.0004542783188141186	0.008731158646173527	0.00022249003729712057	0.0011113821775136934	0.006377241497796575	0.00010075865591273457	0.0079997748386441	0.0009939115052157276	0.0018378241843520727	0.01457198142680152	0.01100623695961124	0.0001156611086818144	0.00021549094070820728
T[T>A]C	0.0006472331568096844	0.0002811859678716256	0.004748193189316757	0.0006434013766313361	0.00011101151982586543	0.0005743706178397989	0.016407072169049252	0.0004907915245212962	0.0014582949496490015	0.010159333411500633	5.492756468028386e-05	0.010575801563151528	0.0008360229111055517	0.004100108179081161	0.010019488819668538	0.010334209843086625	0.0013844124019601622	0.00022694702372660913
T[T>A]G	0.0005539831953773344	0.000292992516161128	0.006658268069735556	0.0030883609443465576	5.205226989346556e-06	0.0004888835786843515	0.007089131692086709	6.511231485397673e-06	0.00024243618099223596	0.008954099771361967	5.302574801113736e-07	0.008408983890783404	0.00035737782387489146	0.005522697432614861	0.004779657030546128	0.005440307454489179	0.0006256058576457768	0.0005949927848955383
T[T>A]T	0.003192284831216341	0.001340225202994887	0.0019502911019844136	0.0005205534103154565	4.205690850511701e-07	0.0005173436776273486	0.030165093993240463	7.62579986030687e-06	0.0025539363921105716	0.01901562979312466	0.0	0.017933450072283676	1.120035128511887e-05	0.0020361315382898403	0.004522487551131107	0.012296955645983812	0.004250617719426089	0.0012967666263568845
T[T>C]A	0.0015680253551225577	0.00019007729335953626	0.001261526709181599	0.001194108543652985	6.18821111252999e-05	0.0008258965056782364	0.005430124209269423	0.00010403566637799657	0.0007215845525490749	0.008024038303868724	0.00011025241060991676	0.015023521883818135	0.029320621779025374	0.002156899835729931	0.0067945660245029415	0.03437174433297634	0.000948252758822719	0.003545881841707796
T[T>C]C	0.0009939885152907555	0.00017160026985948206	0.0014226001134375111	2.668346685823053e-05	0.00018508291179392052	0.0013832606034702621	0.007879989339271561	0.0026609318887125077	0.0041232757299937495	0.008092446419614135	0.0002440149349371268	0.005299675327853238	0.028473094892688094	0.004173601820948545	0.006696337206458818	0.031422088117979	0.009877198026515543	0.01416201526076975
T[T>C]G	0.0006988045062051381	0.0007118842548080195	0.0008959981144550966	0.0015883684487412364	1.1839847721555399e-05	0.0007126900976906645	0.0068251304709244405	0.0015124997932635153	0.0021957191417018864	0.013087675825100033	0.00019285167997551867	0.012144432570319169	0.030565048677169672	0.0005480861552524464	0.016204042867364734	0.023358562667300475	0.00408080608840919	0.002289049750211234
T[T>C]T	0.0007997765689049174	0.0010447054694236613	0.0013969644497342415	0.00012498402411438293	4.689621637226083e-06	0.000564708711574724	0.010096726311389055	0.00035353013928940614	0.0025747891558589673	0.011944955731364644	3.636610161294129e-05	0.005786071623505791	0.017368979981641816	0.0043752586713597455	0.015507502120501736	0.025726106086896648	0.006512236540474987	0.011237268003169447
T[T>G]A	0.0002632983631075092	7.533431625898145e-05	0.0007545614443233103	5.1747879479080435e-06	6.8994049245318935e-06	0.0005638268522047329	0.0037738511346093163	8.54599198504502e-06	0.0005284577864649975	0.003243234636857988	0.00010447309684014528	0.004106061955774818	5.8767335531229035e-09	0.004793658277053421	0.0030864652637666713	0.0034988434800437003	0.001465504016629211	0.00905230363028295
T[T>G]C	0.000673881881305151	0.0003817221750755077	0.0006735614512501797	6.327739117066855e-06	1.3443972231153012e-05	0.000801510058585464	0.007154049071241033	1.2242342710404586e-05	0.0008120767683877527	0.006376060648145696	0.00014838870619258442	0.003576711932132355	0.0005232958249601083	0.0013628518320508414	0.003774866897005964	0.007320829924142344	0.011666714073784163	0.02174047097776331
T[T>G]G	0.00028789774169027296	0.0003695230949519157	0.0041257689613654145	0.0005950442811179365	4.7024747397585996e-05	0.0019297654185387357	0.006741429542730231	9.34986927643422e-05	0.0011617623982346358	0.004097244607655952	0.00013046543019250124	0.004686742406039457	0.00031409199799971256	0.011223016889815654	0.006902380510028934	0.005067801180289279	0.0036873562415712514	0.004305631902796705
T[T>G]T	0.0022345874045082326	7.320399939729923e-05	0.002816990815175062	8.810890446988573e-06	4.3255225534721834e-09	0.005445106335818046	0.00023285467556310148	9.250819301698243e-09	1.8605465239573958e-08	0.0024750821127394306	1.401298464324817e-47	1.4246272389328851e-07	1.6119644463685746e-09	3.778077026339588e-08	9.450156454482439e-08	0.0029806388577253884	0.06165254218867631	0.1022058863399281
