MutationType	SBS96A	SBS96B	SBS96C	SBS96D	SBS96E	SBS96F	SBS96G	SBS96H	SBS96I	SBS96J	SBS96K	SBS96L	SBS96M	SBS96N	SBS96O	SBS96P	SBS96Q	SBS96R
A[C>A]A	2.48E-05	6.44E-05	4.64E-03	1.46E-03	3.13E-05	9.53E-04	3.06E-03	1.16E-05	4.61E-04	2.06E-03	7.31E-05	1.68E-03	2.64E-05	1.75E-03	1.92E-03	3.45E-04	7.94E-05	3.83E-04
A[C>A]C	1.59E-06	8.43E-06	4.57E-03	1.93E-03	8.51E-05	1.26E-03	3.88E-03	5.65E-05	6.45E-04	2.44E-03	6.23E-05	4.11E-03	8.43E-05	2.38E-03	2.99E-03	2.38E-03	7.41E-05	1.34E-03
A[C>A]G	3.89E-06	2.56E-07	2.71E-03	1.79E-03	4.48E-06	6.42E-04	1.37E-03	1.98E-06	1.15E-08	2.36E-03	1.29E-05	1.28E-03	2.53E-05	6.11E-04	3.69E-04	6.80E-04	2.74E-05	7.16E-04
A[C>A]T	1.10E-05	5.32E-05	2.51E-03	1.12E-03	9.77E-06	1.35E-03	2.22E-03	1.50E-04	1.29E-04	2.14E-03	1.21E-05	1.62E-03	4.75E-05	9.10E-04	1.01E-03	7.03E-04	5.52E-05	1.02E-03
A[C>G]A	7.60E-15	1.09E-05	7.62E-04	3.37E-04	2.03E-05	1.52E-04	6.99E-04	3.65E-05	1.65E-04	6.19E-04	1.05E-04	8.65E-04	5.63E-05	1.91E-03	1.43E-03	6.64E-04	4.33E-11	1.69E-04
A[C>G]C	1.15E-05	2.04E-05	1.26E-03	1.79E-04	4.48E-05	7.34E-04	6.30E-04	2.36E-05	2.77E-04	1.41E-03	8.18E-05	9.48E-04	9.20E-05	2.18E-03	1.50E-03	2.73E-04	4.66E-05	3.57E-05
A[C>G]G	4.73E-05	3.19E-05	4.41E-04	1.35E-04	1.68E-05	1.27E-03	4.21E-04	2.83E-06	9.20E-05	1.28E-03	4.18E-05	1.11E-03	3.27E-06	1.30E-03	7.30E-04	5.92E-04	1.74E-05	1.92E-05
A[C>G]T	1.67E-05	1.43E-05	1.24E-03	1.76E-04	4.30E-05	3.78E-04	8.68E-04	4.13E-05	3.00E-04	5.90E-04	1.29E-04	7.27E-04	8.42E-05	2.13E-03	1.27E-03	2.94E-04	5.46E-05	3.74E-05
A[C>T]A	9.35E-47	4.81E-04	1.77E-03	1.30E-03	1.90E-04	1.93E-03	2.99E-03	5.56E-04	1.28E-03	4.02E-03	2.34E-04	4.89E-03	5.17E-04	1.78E-03	3.83E-03	1.67E-03	1.71E-04	7.59E-04
A[C>T]C	6.02E-04	3.98E-03	2.49E-04	2.05E-04	7.52E-06	3.83E-04	7.17E-03	6.13E-04	1.27E-03	6.35E-03	2.64E-06	7.16E-03	4.05E-04	8.60E-04	4.52E-03	1.70E-02	8.05E-05	2.66E-04
A[C>T]G	5.54E-07	8.96E-06	1.06E-03	1.12E-04	4.69E-05	9.33E-03	1.07E-03	6.44E-03	1.50E-02	4.56E-04	9.22E-05	1.26E-03	3.84E-04	1.70E-03	3.45E-03	1.36E-03	2.05E-04	9.63E-04
A[C>T]T	1.45E-04	8.01E-04	1.12E-03	4.35E-04	1.22E-04	7.39E-04	2.39E-03	3.36E-04	1.29E-03	3.68E-03	4.42E-05	4.26E-03	2.36E-04	1.40E-03	2.20E-03	6.35E-03	1.52E-04	3.57E-04
A[T>A]A	5.08E-05	1.03E-04	4.69E-04	2.54E-04	6.28E-06	6.56E-04	1.58E-03	1.10E-06	3.98E-04	8.48E-04	1.85E-05	6.34E-04	3.37E-04	4.93E-04	2.03E-03	1.86E-03	1.84E-05	2.96E-05
A[T>A]C	5.22E-05	4.21E-05	1.15E-03	2.10E-04	5.86E-05	1.75E-03	2.53E-03	1.95E-04	6.87E-04	7.58E-04	5.14E-05	8.94E-04	9.34E-04	8.59E-04	3.39E-03	2.62E-03	6.13E-05	7.25E-05
A[T>A]G	8.24E-05	2.94E-05	1.97E-03	4.57E-04	4.70E-05	1.04E-03	2.13E-03	7.62E-06	2.71E-04	1.58E-03	2.12E-05	1.29E-03	6.27E-05	9.73E-04	2.24E-03	1.11E-03	4.69E-05	2.01E-04
A[T>A]T	1.96E-04	2.31E-04	1.31E-04	1.13E-04	1.33E-05	3.41E-04	2.41E-03	1.38E-04	7.05E-04	2.57E-03	1.08E-09	2.47E-03	3.14E-04	1.46E-04	1.52E-03	2.44E-03	1.35E-04	7.06E-05
A[T>C]A	1.44E-05	1.21E-04	1.51E-03	2.10E-04	4.97E-06	6.91E-04	1.73E-03	1.04E-04	3.90E-04	1.29E-03	2.95E-05	1.38E-03	8.36E-04	1.92E-03	4.47E-03	7.79E-04	3.85E-06	3.94E-04
A[T>C]C	1.86E-05	3.60E-05	4.74E-04	3.84E-05	1.14E-05	6.60E-04	6.10E-04	1.66E-04	4.43E-04	6.89E-04	5.20E-05	6.20E-04	4.76E-04	9.37E-04	1.30E-03	7.02E-04	1.82E-04	4.83E-04
A[T>C]G	7.17E-06	7.56E-04	1.43E-03	9.04E-04	1.25E-05	1.65E-03	1.73E-03	1.03E-04	8.25E-04	1.89E-03	1.49E-05	1.77E-03	2.99E-03	1.39E-03	4.46E-03	1.62E-03	4.50E-05	8.19E-04
A[T>C]T	7.03E-05	1.43E-05	1.89E-03	2.06E-05	2.91E-05	1.91E-04	1.40E-03	4.44E-05	1.23E-03	9.43E-04	3.71E-05	3.33E-03	7.96E-04	2.05E-03	6.23E-03	2.30E-03	1.21E-04	2.58E-04
A[T>G]A	2.58E-05	1.05E-05	9.28E-05	2.61E-05	3.61E-05	3.91E-05	7.08E-04	3.73E-06	2.20E-04	7.31E-04	3.04E-05	7.28E-04	1.91E-05	4.29E-04	1.09E-03	6.29E-04	9.55E-05	3.58E-05
A[T>G]C	2.02E-05	6.04E-05	3.93E-04	8.45E-06	8.93E-06	3.73E-04	3.38E-04	9.30E-06	2.38E-04	3.91E-04	2.01E-05	4.05E-04	1.10E-04	4.04E-04	6.82E-04	7.07E-04	1.88E-04	2.51E-04
A[T>G]G	1.10E-04	1.11E-04	5.08E-04	9.02E-05	2.27E-06	8.20E-05	1.72E-03	2.11E-05	1.38E-04	1.46E-03	1.08E-05	1.58E-03	7.41E-05	9.53E-04	1.27E-03	1.49E-03	1.02E-04	1.15E-04
A[T>G]T	1.46E-05	3.89E-05	8.54E-04	1.66E-05	2.13E-10	6.83E-04	9.93E-05	1.69E-05	3.46E-05	8.86E-04	2.82E-06	3.18E-04	7.43E-05	1.19E-04	2.77E-04	1.20E-03	6.05E-04	1.14E-03
C[C>A]A	1.53E-04	2.77E-04	7.88E-03	1.02E-02	5.17E-09	5.88E-05	1.18E-02	2.13E-04	5.04E-04	4.97E-03	5.72E-05	1.58E-03	2.72E-04	1.12E-03	2.37E-03	9.15E-03	1.24E-04	1.87E-04
C[C>A]C	7.16E-05	6.76E-04	2.21E-03	6.44E-03	8.89E-10	1.48E-04	1.19E-03	7.27E-04	1.84E-04	2.59E-03	5.79E-06	1.25E-03	8.36E-04	5.45E-05	1.92E-03	1.71E-03	6.44E-05	6.98E-04
C[C>A]G	1.42E-09	2.56E-04	1.87E-03	3.45E-03	3.84E-09	2.44E-04	1.12E-03	2.09E-04	1.01E-04	1.86E-03	3.15E-06	1.24E-03	4.17E-04	4.62E-08	7.30E-04	1.38E-03	6.12E-11	5.13E-04
C[C>A]T	4.88E-06	1.91E-03	9.43E-04	8.52E-03	1.79E-08	8.57E-05	3.60E-03	3.26E-03	6.51E-05	2.12E-03	5.10E-09	1.36E-03	1.70E-03	1.90E-08	5.23E-03	4.26E-03	4.83E-10	2.79E-03
C[C>G]A	1.41E-05	9.12E-06	1.01E-03	3.95E-04	2.52E-05	4.91E-04	1.19E-03	8.63E-07	7.60E-05	1.56E-03	1.76E-04	1.78E-03	4.04E-06	2.18E-03	1.08E-03	8.69E-04	5.08E-05	1.26E-04
C[C>G]C	4.84E-05	4.64E-05	1.18E-03	3.59E-04	8.27E-05	2.09E-03	1.29E-03	4.83E-06	2.72E-04	1.84E-03	4.54E-05	2.18E-03	7.09E-07	2.33E-03	1.26E-03	4.51E-04	1.79E-05	4.65E-08
C[C>G]G	6.55E-05	1.18E-04	9.94E-04	3.69E-04	3.64E-06	2.05E-03	1.16E-03	6.30E-06	4.61E-04	1.84E-03	8.72E-06	2.29E-03	1.73E-05	2.32E-03	1.50E-03	1.18E-03	1.36E-05	1.82E-04
C[C>G]T	5.32E-06	4.91E-05	1.15E-03	2.48E-04	9.99E-05	8.90E-05	1.52E-03	4.58E-06	3.01E-04	1.76E-03	1.85E-04	1.54E-03	1.44E-05	2.38E-03	6.04E-04	4.26E-04	3.05E-05	5.13E-08
C[C>T]A	4.41E-03	8.38E-03	1.03E-03	1.18E-03	1.09E-03	1.34E-03	9.61E-03	1.88E-05	2.84E-04	1.06E-03	3.42E-04	2.82E-02	6.70E-05	5.97E-04	2.55E-03	1.32E-03	2.50E-04	3.01E-05
C[C>T]C	1.79E-03	1.02E-02	2.70E-06	2.78E-04	1.34E-06	1.12E-04	2.23E-03	5.63E-05	8.61E-05	4.29E-04	3.61E-06	2.08E-03	3.63E-04	3.50E-08	2.13E-05	3.78E-03	6.17E-05	1.42E-04
C[C>T]G	3.31E-04	4.45E-03	5.90E-04	4.92E-04	2.22E-04	8.91E-04	5.72E-03	5.35E-03	1.48E-02	1.83E-02	2.71E-04	3.16E-03	6.14E-04	7.31E-04	1.02E-03	9.49E-03	2.62E-04	8.37E-04
C[C>T]T	9.57E-04	1.26E-02	7.67E-04	6.30E-04	1.79E-04	1.09E-03	2.95E-02	6.84E-05	1.45E-03	2.28E-03	2.31E-04	6.09E-03	1.66E-04	1.40E-03	7.85E-04	1.74E-03	2.03E-04	2.99E-04
C[T>A]A	4.32E-05	3.58E-05	8.18E-04	4.21E-04	8.44E-06	7.28E-04	1.09E-03	4.45E-06	6.01E-05	1.24E-03	2.55E-05	9.71E-04	3.82E-05	5.38E-04	9.84E-04	7.21E-04	7.24E-05	1.09E-04
C[T>A]C	1.26E-04	8.91E-05	9.33E-04	5.41E-04	8.03E-05	1.15E-03	1.94E-03	8.11E-05	3.95E-04	1.81E-03	3.81E-05	1.22E-03	2.14E-04	1.20E-03	1.49E-03	1.23E-03	3.69E-04	1.81E-04
C[T>A]G	4.65E-05	2.27E-05	3.46E-03	2.31E-03	8.77E-06	1.46E-03	2.85E-03	8.90E-06	3.18E-04	4.48E-03	7.07E-06	2.88E-03	1.26E-04	1.55E-03	3.21E-03	2.12E-03	2.57E-04	8.02E-04
C[T>A]T	1.22E-04	1.07E-04	1.06E-03	4.83E-04	7.40E-06	5.57E-04	2.26E-03	2.80E-47	8.69E-04	2.51E-03	1.90E-06	1.69E-03	3.86E-05	1.04E-03	1.16E-03	1.70E-03	4.46E-04	1.29E-04
C[T>C]A	9.42E-05	1.81E-04	7.03E-04	2.35E-04	1.17E-46	8.09E-04	1.10E-03	1.38E-07	1.88E-04	9.51E-04	1.32E-05	9.32E-04	7.64E-04	4.05E-04	1.47E-03	1.47E-03	2.77E-04	1.68E-04
C[T>C]C	6.49E-05	1.67E-04	6.58E-04	2.64E-04	2.39E-05	1.21E-03	8.52E-04	1.11E-04	4.55E-04	1.46E-03	1.80E-05	1.21E-03	7.98E-04	1.02E-03	1.56E-03	1.89E-03	1.16E-03	2.35E-04
C[T>C]G	1.23E-05	1.16E-03	7.46E-04	1.69E-03	4.95E-09	3.61E-03	2.26E-03	1.67E-04	8.58E-04	3.55E-03	1.41E-07	1.90E-03	4.76E-03	5.92E-04	6.58E-03	2.29E-03	1.01E-03	1.30E-03
C[T>C]T	2.25E-04	3.06E-04	5.63E-04	1.43E-04	9.93E-47	7.58E-04	2.71E-03	3.12E-08	6.04E-04	2.50E-03	2.17E-05	2.67E-03	8.08E-04	5.95E-04	2.52E-03	2.97E-03	1.79E-03	1.12E-04
C[T>G]A	1.36E-05	1.59E-05	2.94E-04	2.41E-05	4.20E-06	2.37E-04	2.87E-04	1.57E-05	1.02E-04	2.42E-04	5.29E-06	2.64E-04	7.35E-05	4.67E-04	5.75E-04	4.74E-04	9.58E-05	1.80E-04
C[T>G]C	7.99E-05	1.01E-04	3.01E-04	1.07E-04	1.95E-05	3.23E-04	6.04E-04	9.23E-05	3.10E-04	6.81E-04	1.75E-05	4.39E-04	3.60E-04	5.27E-04	7.98E-04	1.13E-03	3.28E-04	1.93E-04
C[T>G]G	8.65E-05	2.07E-04	6.21E-04	5.05E-04	0.00E+00	4.68E-04	1.50E-03	7.54E-05	3.11E-04	1.56E-03	0.00E+00	1.08E-03	6.78E-04	1.19E-03	1.61E-03	1.66E-03	3.27E-04	2.92E-04
C[T>G]T	5.76E-47	5.61E-09	1.56E-07	1.13E-10	8.95E-10	5.19E-07	1.13E-07	2.60E-05	5.00E-06	7.82E-08	2.90E-09	1.12E-09	1.80E-08	3.12E-47	6.27E-09	6.02E-08	3.89E-03	3.35E-03
G[C>A]A	1.97E-47	2.15E-08	6.93E-03	1.60E-03	1.97E-47	1.05E-03	2.89E-03	1.27E-04	9.67E-04	1.87E-03	3.66E-05	9.89E-04	1.05E-05	1.72E-03	3.63E-03	4.41E-04	2.16E-04	1.79E-04
G[C>A]C	9.10E-06	8.66E-06	3.53E-03	2.44E-03	2.53E-05	8.42E-04	1.28E-03	2.28E-04	1.28E-04	2.98E-03	6.73E-05	2.79E-03	1.88E-04	1.05E-03	1.58E-03	1.34E-03	5.98E-05	1.20E-03
G[C>A]G	0.00E+00	4.20E-47	3.54E-03	2.17E-03	0.00E+00	6.46E-04	1.21E-03	1.28E-04	1.24E-04	2.56E-03	1.95E-05	1.82E-03	7.96E-05	2.01E-09	6.05E-04	8.21E-05	8.60E-06	7.43E-04
G[C>A]T	1.97E-47	9.16E-07	3.09E-03	1.46E-03	4.72E-06	2.52E-03	1.42E-03	6.63E-04	2.38E-05	2.06E-03	3.52E-05	1.36E-03	1.33E-04	1.19E-03	1.25E-03	5.52E-04	4.40E-05	8.21E-04
G[C>G]A	9.12E-11	2.26E-09	1.18E-03	3.17E-04	1.97E-47	2.39E-04	9.64E-04	3.58E-05	1.10E-04	6.91E-04	7.83E-05	6.48E-04	4.54E-05	1.47E-03	1.14E-03	5.02E-04	5.13E-05	1.73E-04
G[C>G]C	1.31E-05	6.84E-05	1.14E-03	4.64E-04	6.34E-05	1.45E-03	6.28E-04	4.15E-05	1.94E-04	1.22E-03	6.19E-05	1.08E-03	2.03E-04	1.61E-03	1.14E-03	4.28E-04	9.39E-06	9.02E-05
G[C>G]G	2.43E-05	3.07E-05	9.83E-04	3.95E-04	8.85E-06	4.55E-04	7.25E-04	1.60E-06	3.04E-05	1.02E-03	4.07E-05	9.00E-04	7.19E-06	9.05E-04	8.86E-04	7.09E-04	5.68E-06	5.40E-05
G[C>G]T	0.00E+00	1.17E-10	1.12E-03	2.46E-04	2.36E-05	6.66E-04	8.93E-04	4.34E-05	1.20E-04	2.69E-04	1.18E-04	8.32E-04	8.93E-05	1.81E-03	6.05E-04	1.46E-04	3.43E-05	4.54E-05
G[C>T]A	1.37E-05	9.52E-04	1.27E-03	1.24E-03	7.56E-05	1.16E-03	3.60E-03	2.00E-03	1.06E-03	1.44E-03	2.91E-04	1.81E-03	1.50E-03	1.92E-03	4.24E-03	2.55E-03	6.70E-05	2.24E-03
G[C>T]C	1.04E-03	3.02E-03	6.64E-05	5.85E-04	1.44E-04	1.14E-03	9.87E-03	3.89E-03	1.39E-04	5.07E-03	7.96E-05	3.33E-03	2.10E-03	1.55E-04	2.99E-03	1.31E-02	3.64E-05	1.34E-03
G[C>T]G	5.82E-11	5.82E-10	9.52E-05	9.88E-05	1.60E-08	2.55E-03	4.19E-07	1.19E-02	5.76E-03	1.22E-04	5.95E-05	2.61E-07	1.43E-04	4.17E-04	2.52E-04	1.39E-04	2.87E-04	3.37E-03
G[C>T]T	8.90E-04	1.72E-03	8.28E-04	8.21E-04	2.60E-04	1.62E-03	6.45E-03	2.38E-03	2.50E-04	4.57E-03	4.75E-08	2.04E-03	1.33E-03	9.74E-04	3.06E-03	6.58E-03	9.97E-05	1.49E-03
G[T>A]A	4.94E-05	2.89E-05	7.85E-04	3.34E-04	4.65E-05	7.27E-04	8.28E-04	7.23E-06	1.36E-04	8.73E-04	2.25E-05	6.91E-04	1.58E-04	5.80E-04	1.28E-03	6.06E-04	2.57E-10	1.90E-04
G[T>A]C	7.07E-06	1.96E-05	5.86E-04	3.57E-04	5.58E-05	1.32E-03	1.89E-03	1.14E-04	4.88E-04	5.39E-04	3.80E-05	8.90E-04	5.39E-04	6.63E-04	2.13E-03	1.68E-03	1.23E-04	2.61E-06
G[T>A]G	7.75E-05	1.59E-04	1.18E-03	7.12E-04	8.01E-09	4.99E-04	1.70E-03	6.27E-06	2.60E-04	1.73E-03	8.30E-06	1.06E-03	1.24E-04	1.25E-03	1.84E-03	1.45E-03	6.13E-05	2.26E-04
G[T>A]T	6.03E-05	3.26E-05	5.68E-04	2.20E-04	4.39E-06	3.62E-04	1.40E-03	5.34E-05	3.45E-04	1.52E-03	6.46E-06	1.23E-03	1.14E-04	4.80E-04	1.10E-03	1.27E-03	2.06E-04	5.49E-05
G[T>C]A	1.40E-47	2.02E-09	1.41E-04	2.47E-04	2.87E-06	3.67E-04	3.91E-05	6.88E-05	7.03E-08	1.01E-04	1.99E-06	3.71E-05	4.44E-03	3.33E-08	2.24E-04	6.67E-07	1.09E-07	1.46E-03
G[T>C]C	7.67E-07	2.57E-06	9.94E-04	7.63E-06	2.01E-10	1.17E-03	1.49E-06	4.13E-04	5.56E-09	6.09E-04	2.28E-06	1.62E-05	2.25E-03	9.27E-05	3.36E-07	1.62E-03	3.02E-04	1.88E-03
G[T>C]G	1.15E-05	8.71E-05	2.61E-04	3.78E-04	9.95E-09	3.10E-04	6.78E-04	1.35E-04	4.47E-08	9.51E-04	9.71E-06	4.47E-04	2.07E-03	8.63E-05	1.88E-03	1.24E-03	2.27E-04	8.88E-04
G[T>C]T	8.99E-04	7.03E-04	4.88E-04	2.38E-09	5.32E-10	3.45E-04	1.23E-03	5.14E-06	4.87E-04	2.23E-03	2.80E-47	4.99E-03	4.06E-03	8.46E-05	8.93E-04	1.73E-02	2.93E-04	1.20E-03
G[T>G]A	1.37E-05	1.40E-05	3.44E-04	1.72E-05	4.95E-06	9.91E-05	6.61E-04	9.66E-06	2.22E-04	4.97E-04	1.32E-05	3.26E-04	3.28E-05	5.40E-04	5.55E-04	4.89E-04	7.41E-05	1.51E-04
G[T>G]C	3.39E-05	3.95E-05	2.71E-04	6.80E-06	3.89E-06	3.74E-04	6.45E-04	8.19E-05	1.13E-04	3.84E-04	8.44E-06	2.84E-04	9.46E-05	4.35E-04	6.82E-04	5.73E-04	1.77E-04	2.58E-04
G[T>G]G	2.20E-04	2.03E-04	8.14E-04	1.20E-04	1.40E-47	1.09E-03	2.49E-03	6.60E-05	5.26E-04	1.92E-03	2.64E-11	2.14E-03	1.17E-04	1.36E-03	1.69E-03	2.41E-03	1.93E-04	1.21E-04
G[T>G]T	6.03E-05	6.54E-05	2.92E-05	4.44E-05	0.00E+00	3.44E-05	4.54E-04	8.97E-05	6.91E-06	2.70E-04	0.00E+00	4.06E-04	1.16E-04	8.69E-05	1.29E-04	7.02E-04	7.35E-04	4.06E-04
T[C>A]A	3.64E-05	6.36E-05	3.43E-03	1.57E-03	8.69E-04	8.39E-04	2.53E-03	2.44E-05	4.41E-04	1.93E-03	1.56E-03	3.91E-03	1.57E-06	2.66E-04	1.33E-03	1.48E-03	2.00E-04	1.18E-03
T[C>A]C	2.34E-04	2.10E-04	4.88E-03	2.62E-03	3.51E-04	1.83E-03	2.79E-03	2.01E-04	5.01E-04	9.54E-03	8.29E-04	3.33E-03	1.47E-05	1.38E-03	1.90E-03	2.03E-03	4.50E-05	2.72E-03
T[C>A]G	1.78E-05	7.87E-06	2.51E-03	9.53E-04	1.51E-04	5.64E-04	1.17E-03	5.36E-05	4.51E-04	2.23E-03	2.78E-04	1.62E-03	1.18E-05	3.11E-04	1.27E-03	1.10E-03	3.37E-05	2.89E-04
T[C>A]T	5.72E-47	1.83E-04	1.56E-03	3.02E-03	3.28E-04	3.40E-03	7.99E-04	3.27E-04	1.96E-05	1.25E-03	6.94E-04	6.36E-04	4.42E-05	1.21E-08	3.64E-04	8.18E-04	1.28E-03	9.99E-03
T[C>G]A	1.28E-10	2.66E-10	5.93E-03	2.34E-05	2.82E-05	7.28E-08	9.43E-07	6.27E-10	4.71E-08	9.30E-03	6.93E-03	1.34E-07	6.56E-09	7.58E-05	1.65E-07	1.02E-02	6.98E-06	2.69E-08
T[C>G]C	8.39E-05	1.02E-04	5.36E-03	3.22E-04	2.97E-04	7.26E-04	1.00E-03	4.15E-06	3.42E-04	4.69E-03	2.23E-03	1.12E-03	3.81E-05	2.07E-03	1.22E-03	5.92E-04	2.35E-05	2.69E-05
T[C>G]G	2.94E-05	4.32E-05	7.32E-04	1.26E-04	2.94E-05	5.50E-04	5.20E-04	6.27E-06	6.91E-05	1.88E-03	8.20E-04	9.21E-04	1.21E-06	1.05E-03	4.92E-04	1.26E-03	2.63E-05	4.68E-05
T[C>G]T	1.72E-05	8.64E-06	7.42E-05	4.33E-05	3.00E-03	1.54E-04	3.87E-04	7.24E-06	9.93E-09	1.26E-03	8.23E-03	1.19E-04	6.62E-05	9.43E-04	1.74E-04	1.35E-04	8.04E-05	4.82E-05
T[C>T]A	5.36E-03	2.69E-03	3.14E-04	2.42E-04	1.33E-02	5.93E-03	2.25E-03	7.03E-05	1.18E-06	4.15E-03	3.95E-03	1.07E-03	2.56E-04	1.57E-04	1.29E-04	6.49E-04	2.66E-04	2.06E-04
T[C>T]C	1.00E-02	2.18E-03	1.71E-04	6.78E-04	2.74E-03	1.25E-03	2.34E-03	8.57E-07	1.77E-07	1.26E-03	4.58E-04	1.97E-03	4.40E-05	1.29E-07	4.01E-05	6.02E-04	8.33E-05	4.09E-04
T[C>T]G	8.85E-03	3.15E-04	3.69E-06	4.72E-05	4.42E-03	3.19E-02	1.99E-04	6.89E-04	5.33E-03	2.17E-03	2.01E-04	3.14E-04	3.82E-06	3.55E-08	2.03E-07	2.09E-04	1.00E-04	9.96E-03
T[C>T]T	2.45E-03	6.95E-03	4.94E-04	1.82E-04	1.39E-02	2.43E-03	7.67E-03	3.07E-06	9.25E-05	4.04E-02	2.83E-03	4.09E-03	3.12E-06	6.63E-05	7.87E-04	1.80E-03	2.67E-04	2.78E-03
T[T>A]A	8.75E-05	7.74E-05	5.33E-04	2.16E-04	7.07E-06	1.08E-04	1.58E-03	3.28E-05	2.85E-04	1.14E-03	2.15E-05	1.18E-03	1.26E-04	4.04E-04	1.78E-03	1.50E-03	2.64E-05	7.24E-05
T[T>A]C	1.20E-04	8.18E-05	6.27E-04	1.28E-04	3.02E-05	3.36E-04	2.16E-03	4.33E-05	7.46E-04	1.82E-03	1.18E-05	1.65E-03	9.44E-05	6.22E-04	1.28E-03	1.71E-03	1.38E-04	1.49E-04
T[T>A]G	7.01E-05	6.44E-05	7.91E-04	4.91E-04	3.56E-06	2.72E-04	1.36E-03	3.49E-06	1.57E-04	1.26E-03	5.30E-07	1.05E-03	4.60E-05	6.96E-04	7.96E-04	1.08E-03	7.17E-05	1.55E-04
T[T>A]T	3.77E-04	2.86E-04	4.65E-04	9.82E-05	4.18E-07	2.69E-04	4.61E-03	3.65E-06	1.78E-03	3.91E-03	0.00E+00	3.38E-03	6.24E-06	6.02E-04	1.07E-03	2.97E-03	3.47E-04	8.95E-05
T[T>C]A	2.03E-04	8.91E-05	2.87E-04	1.62E-04	2.34E-05	4.87E-04	1.18E-03	3.88E-05	4.25E-04	2.30E-03	2.50E-05	1.64E-03	1.38E-03	3.90E-04	1.15E-03	4.32E-03	9.55E-05	3.29E-04
T[T>C]C	1.28E-04	8.85E-05	7.37E-04	2.06E-05	4.64E-05	3.60E-04	1.44E-03	1.87E-04	5.63E-04	1.68E-03	3.51E-05	9.30E-04	1.14E-03	6.46E-04	1.22E-03	3.37E-03	3.29E-04	6.31E-04
T[T>C]G	1.28E-04	3.50E-04	3.15E-04	3.52E-04	7.57E-06	2.89E-04	1.27E-03	2.02E-04	3.12E-04	2.56E-03	2.63E-05	1.60E-03	9.38E-04	2.20E-04	2.07E-03	2.50E-03	2.34E-04	4.38E-04
T[T>C]T	1.32E-04	1.67E-04	5.42E-04	6.73E-05	4.27E-06	2.70E-04	1.83E-03	6.99E-05	8.91E-04	2.53E-03	1.04E-05	1.13E-03	7.36E-04	6.98E-04	1.82E-03	3.03E-03	2.38E-04	4.77E-04
T[T>G]A	4.39E-05	2.75E-05	3.42E-04	5.17E-06	3.80E-06	2.49E-04	7.70E-04	2.80E-06	2.41E-04	8.00E-04	1.84E-05	6.87E-04	4.99E-09	4.92E-04	5.87E-04	7.19E-04	1.18E-04	4.42E-04
T[T>G]C	8.78E-05	8.84E-05	6.24E-04	4.37E-06	1.13E-05	3.93E-04	1.17E-03	5.43E-06	4.91E-04	1.31E-03	2.13E-05	7.67E-04	5.87E-05	3.15E-04	7.03E-04	1.63E-03	3.37E-04	9.36E-04
T[T>G]G	5.86E-05	6.88E-05	8.75E-04	1.00E-04	1.83E-05	9.30E-04	1.28E-03	2.00E-05	5.15E-04	1.11E-03	2.14E-05	9.66E-04	4.14E-05	1.10E-03	1.13E-03	1.20E-03	1.72E-04	1.81E-04
T[T>G]T	7.99E-05	3.50E-05	2.82E-03	8.81E-06	2.88E-09	2.74E-03	1.66E-04	6.17E-09	6.55E-09	2.47E-03	1.40E-47	2.45E-08	7.55E-10	1.16E-08	3.25E-08	2.98E-03	1.52E-03	3.51E-03
