MutationType	DBS78A	DBS78B	DBS78C	DBS78D
AC>CA	4.92E-04	7.35E-04	7.12E-04	1.21E-03
AC>CG	1.33E-04	4.42E-04	5.88E-04	1.83E-04
AC>CT	3.96E-04	8.57E-04	1.60E-04	8.13E-04
AC>GA	1.09E-03	7.86E-04	2.87E-04	1.36E-03
AC>GG	5.44E-05	4.71E-04	2.42E-04	6.16E-04
AC>GT	2.44E-04	3.46E-04	1.46E-04	4.97E-04
AC>TA	5.24E-04	1.61E-03	2.15E-04	2.13E-03
AC>TG	4.55E-04	4.41E-04	5.79E-08	7.37E-04
AC>TT	4.82E-04	1.04E-03	8.94E-04	1.06E-03
AT>CA	4.04E-04	8.39E-04	2.76E-04	1.19E-03
AT>CC	4.35E-08	1.22E-07	5.90E-08	1.69E-07
AT>CG	4.35E-08	1.22E-07	5.90E-08	1.69E-07
AT>GA	6.03E-04	3.72E-04	4.26E-04	6.39E-04
AT>GC	4.35E-08	1.22E-07	5.90E-08	1.69E-07
AT>TA	4.81E-04	6.05E-04	1.43E-04	5.41E-04
CC>AA	4.33E-03	5.87E-03	1.52E-03	7.46E-03
CC>AG	1.77E-03	2.66E-03	9.35E-04	3.09E-03
CC>AT	2.32E-03	2.00E-03	1.76E-03	3.19E-03
CC>GA	1.22E-03	1.83E-03	3.21E-04	2.08E-03
CC>GG	1.87E-04	5.95E-04	6.98E-08	6.98E-04
CC>GT	7.57E-04	2.65E-03	2.84E-03	2.67E-03
CC>TA	1.03E-03	8.09E-04	1.94E-03	1.29E-03
CC>TG	3.37E-04	6.16E-04	7.58E-04	4.83E-04
CC>TT	2.10E-03	1.62E-03	4.06E-03	2.38E-03
CG>AT	1.76E-04	2.66E-04	7.15E-08	3.17E-04
CG>GC	4.35E-08	1.22E-07	5.90E-08	1.69E-07
CG>GT	3.94E-04	4.66E-04	3.82E-04	9.70E-04
CG>TA	3.74E-04	1.06E-03	6.58E-04	2.15E-03
CG>TC	4.35E-08	1.22E-07	5.90E-08	1.69E-07
CG>TT	4.35E-08	1.22E-07	5.90E-08	1.69E-07
CT>AA	1.64E-03	1.57E-03	1.00E-03	2.52E-03
CT>AC	5.78E-04	2.40E-04	6.61E-08	3.13E-04
CT>AG	1.07E-03	2.30E-03	6.77E-04	2.59E-03
CT>GA	6.85E-04	8.87E-04	5.49E-08	6.85E-04
CT>GC	2.04E-04	6.88E-04	8.60E-04	6.71E-04
CT>GG	3.89E-04	6.81E-04	7.26E-04	6.30E-04
CT>TA	9.46E-04	1.01E-03	2.32E-03	2.11E-03
CT>TC	6.60E-04	7.78E-04	1.07E-03	1.09E-03
CT>TG	5.32E-04	1.48E-03	7.22E-04	1.50E-03
GC>AA	2.43E-03	2.75E-03	1.44E-03	4.10E-03
GC>AG	1.59E-03	1.24E-03	1.71E-03	2.56E-03
GC>AT	9.20E-04	1.69E-03	4.13E-04	2.35E-03
GC>CA	2.64E-04	1.48E-03	9.36E-04	1.26E-03
GC>CG	4.35E-08	1.22E-07	5.90E-08	1.69E-07
GC>TA	5.08E-04	5.79E-04	3.74E-04	7.20E-04
TA>AT	6.61E-04	1.60E-03	6.84E-04	2.14E-03
TA>CG	1.64E-04	6.41E-04	2.53E-04	7.08E-04
TA>CT	8.68E-04	2.30E-03	4.62E-04	2.06E-03
TA>GC	4.35E-08	1.22E-07	5.90E-08	1.69E-07
TA>GG	1.35E-04	4.60E-04	2.72E-04	5.99E-04
TA>GT	7.21E-04	5.40E-04	4.10E-04	1.63E-03
TC>AA	3.36E-03	4.32E-03	1.06E-03	5.15E-03
TC>AG	1.36E-03	1.34E-03	2.46E-03	2.07E-03
TC>AT	1.93E-03	2.42E-03	3.97E-03	3.79E-03
TC>CA	2.05E-03	2.55E-03	6.99E-04	2.65E-03
TC>CG	5.90E-04	9.76E-04	4.54E-04	6.99E-04
TC>CT	1.35E-03	1.23E-03	1.42E-03	1.56E-03
TC>GA	1.73E-03	1.75E-03	8.34E-05	2.35E-03
TC>GG	3.61E-04	5.68E-04	5.71E-04	2.86E-04
TC>GT	6.28E-04	1.23E-03	1.16E-03	2.04E-03
TG>AA	6.36E-04	1.20E-03	5.47E-08	6.00E-04
TG>AC	3.11E-04	2.44E-04	2.63E-04	1.39E-04
TG>AT	1.11E-03	2.33E-03	1.10E-07	1.95E-03
TG>CA	1.44E-03	2.38E-03	1.10E-03	2.42E-03
TG>CC	6.84E-04	1.19E-03	8.69E-04	2.65E-03
TG>CT	2.15E-03	3.71E-03	1.73E-04	5.37E-03
TG>GA	1.33E-04	6.86E-04	1.62E-04	6.11E-04
TG>GC	1.63E-04	9.03E-04	2.77E-04	9.31E-04
TG>GT	5.99E-04	1.27E-03	1.21E-03	1.58E-03
TT>AA	6.20E-04	2.11E-03	1.14E-03	1.52E-03
TT>AC	4.58E-05	5.14E-04	7.57E-08	3.57E-04
TT>AG	4.53E-04	8.81E-04	6.30E-04	1.37E-03
TT>CA	6.52E-08	1.26E-07	5.37E-04	1.57E-07
TT>CC	3.56E-04	1.11E-04	6.02E-04	1.62E-04
TT>CG	3.58E-04	6.52E-04	5.05E-04	9.77E-04
TT>GA	4.35E-08	1.22E-07	5.90E-08	1.69E-07
TT>GC	2.50E-04	6.93E-04	4.71E-04	1.01E-03
TT>GG	2.36E-04	1.68E-04	6.77E-08	3.57E-04
