MutationType	DBS78A	DBS78B	DBS78C	DBS78D
AC>CA	0.002482157965533105	0.004441152915475612	0.004663956479381	0.009542658161994098
AC>CG	0.0003095323590957122	0.0036933320943260384	0.006020428973398566	0.0005921864347990891
AC>CT	0.0026008834466323093	0.008365447730340066	0.00029566542107303914	0.006309040162682891
AC>GA	0.017491276792124495	0.0024774632057329173	0.000594586007311193	0.006246910965446091
AC>GG	7.71453377089415e-05	0.0024608487535567746	0.0005303604183259836	0.003107851752807278
AC>GT	0.001106176576572011	0.001138269676200707	0.00014724930467991727	0.0025441863913883366
AC>TA	0.0040429088514084555	0.021219764214406495	0.0004171910456763328	0.018662370806402463
AC>TG	0.003230914039266395	0.0012511639068003434	1.2233076165557577e-06	0.003828544197022552
AC>TT	0.0025880404773103295	0.008748833196812527	0.012792346293043337	0.008387180920503567
AT>CA	0.001587687317149289	0.005918921344564794	0.0007456263277450858	0.007541388514590039
AT>CC	1.6193321334867505e-06	3.001745239998854e-06	2.0691290461627433e-06	3.6598773283458285e-06
AT>CG	1.6193321334867505e-06	3.001745239998854e-06	2.0691290461627433e-06	3.6598773283458285e-06
AT>GA	0.00575803731228973	0.0011365492828264224	0.0016782974680501184	0.0022875984542684693
AT>GC	1.6193321334867505e-06	3.001745239998854e-06	2.0691290461627433e-06	3.6598773283458285e-06
AT>TA	0.0039377867666878785	0.005013679491660241	0.0001443223417476247	0.002710029508740064
CC>AA	0.26015669777989386	0.07557193648345902	0.026321475662871307	0.07925799963084729
CC>AG	0.038076717412804724	0.035829592239377345	0.009309104269942872	0.036674514514992325
CC>AT	0.08965212973766029	0.022679786974460256	0.03115607753313384	0.03454287926620623
CC>GA	0.02426293145865202	0.02996915306006656	0.00042259041216321516	0.022074469172612226
CC>GG	0.0005471791419786598	0.005984129596555476	1.1665482469425114e-06	0.003754366202010715
CC>GT	0.0045517504402138795	0.020173328312280317	0.0481164734959826	0.022245645241672208
CC>TA	0.013007565366150402	0.002762621041069089	0.04657995531335473	0.007728304874999807
CC>TG	0.002626469827781932	0.004262123542220247	0.005761484867022446	0.001738461836495233
CC>TT	0.02529880481252519	0.013175902037289688	0.2523987489938736	0.01647486874732465
CG>AT	0.0007879281567036145	0.0010338860627052782	1.6728300568047415e-06	0.0012094511193225799
CG>GC	1.6193321334867505e-06	3.001745239998854e-06	2.0691290461627433e-06	3.6598773283458285e-06
CG>GT	0.0032097662982727114	0.0019456654106059545	0.001182470580732229	0.004480461595897367
CG>TA	0.0011046773408597943	0.0069666436058474805	0.003338256055646127	0.015416578645930663
CG>TC	1.6193321334867505e-06	3.001745239998854e-06	2.0691290461627433e-06	3.6598773283458285e-06
CG>TT	1.6193321334867505e-06	3.001745239998854e-06	2.0691290461627433e-06	3.6598773283458285e-06
CT>AA	0.02738658127968506	0.015677501244828952	0.013055333896445446	0.030241566072600107
CT>AC	0.007073908717549102	0.0006970674743759275	1.3337490975118272e-06	0.0010307088828864152
CT>AG	0.009772960930606018	0.030747533637417064	0.0009212810583610497	0.026628330851021075
CT>GA	0.004710218489181272	0.009023830155028919	8.495382054007905e-07	0.0029626423288991077
CT>GC	0.0006488532287368276	0.005582923575024523	0.010147181128854186	0.0033722935075030593
CT>GG	0.0027394233397456703	0.006011351040234559	0.006549756993162248	0.0036230622934714774
CT>TA	0.009512737453644888	0.0043886092053132585	0.06972464265301824	0.014145844139600232
CT>TC	0.004315380731231535	0.004383726149282338	0.009613211257716898	0.005727824616648575
CT>TG	0.0015102893496621306	0.013764002209009476	0.004317177353309915	0.009366640584824566
GC>AA	0.06747940762899816	0.028685718317008196	0.0237609949573266	0.04423643005751245
GC>AG	0.03192026451835773	0.007246009959063855	0.02147061360861457	0.027554047538870065
GC>AT	0.0073528306609044235	0.013305735871377636	0.0010664565308653095	0.023263185977534278
GC>CA	0.0012347663464832691	0.020454862950103632	0.008468611174612235	0.008149925933988627
GC>CG	1.6193321334867505e-06	3.001745239998854e-06	2.0691290461627433e-06	3.6598773283458285e-06
GC>TA	0.0037080679966108223	0.004496923116997209	0.001476241123554587	0.0036613411647347504
TA>AT	0.0040148727337142275	0.011889529932390418	0.0059227077510193024	0.018764676013704146
TA>CG	0.0005513081994445202	0.006399423390595302	0.0005173966101875749	0.003694748811186059
TA>CT	0.003959561273239948	0.02911423451445984	0.001022594376178887	0.02007960538361317
TA>GC	1.6193321334867505e-06	3.001745239998854e-06	2.0691290461627433e-06	3.6598773283458285e-06
TA>GG	0.00031207769449238755	0.0023409920596492383	0.0006315971306707979	0.002862929960580232
TA>GT	0.007729040266183063	0.0017053908654901307	0.0014200123562704903	0.01048681956475562
TC>AA	0.061053803879630095	0.14462854012846946	0.009699076929168556	0.07822888437242455
TC>AG	0.008121254236575552	0.01109747110674192	0.05200963626615703	0.013367431416210707
TC>AT	0.03727756064037749	0.019406179420813886	0.17880572393536567	0.050060643832453025
TC>CA	0.028462159963005433	0.036300488936221884	0.007448366549603236	0.022807573738588084
TC>CG	0.003411727967437059	0.009933841962514407	0.0030805459829353053	0.0029750431280216104
TC>CT	0.02065300331588787	0.008801704259216194	0.027736281644059772	0.010323186167119828
TC>GA	0.025929748235216862	0.013708632942561394	0.00011865650468499266	0.020664187569280516
TC>GG	0.0032421911845560915	0.0038950704782581623	0.006036112806720553	0.0012088454496963408
TC>GT	0.003292767053188541	0.00803287431790011	0.01170998345668977	0.014008200133294508
TG>AA	0.007323695843506357	0.010284898113207248	7.475207353735414e-07	0.0029535171893435574
TG>AC	0.0024156913332871	0.0005036637222602281	0.00036925472167581574	0.00032958376433640525
TG>AT	0.022505921728777592	0.044052089539022746	3.457131345285802e-07	0.02186973449234074
TG>CA	0.017266189687347833	0.02701651916451567	0.010538654961732412	0.0242043900602107
TG>CC	0.003351919525172633	0.00823095230468553	0.009455814745507496	0.02121414662446739
TG>CT	0.036106966327342886	0.07497416307702849	0.00030575532087905087	0.08305017266877826
TG>GA	0.0003014374168574818	0.005681951956086664	0.0004210435380787203	0.0031555204410527436
TG>GC	0.0005000277514561446	0.009084999963427265	0.0006023516218024838	0.005262808006501771
TG>GT	0.0037179627393155103	0.01383340845917445	0.01566352886816915	0.012281754294963605
TT>AA	0.003428328129099043	0.030873260961153906	0.016201442134376406	0.00855580672925492
TT>AC	8.105856790450616e-05	0.0035274847156841816	1.5329290229715299e-06	0.000950680796752863
TT>AG	0.0016611920720713514	0.005754471443881641	0.0018240797836695322	0.012107765942777462
TT>CA	9.989200441395952e-07	2.083633017377906e-06	0.005226427334802111	2.6051407587601715e-06
TT>CC	0.0023822480516460585	0.00019581913531595773	0.006513912989001938	0.00042061957632082424
TT>CG	0.0011424733828904366	0.003710074254325626	0.0015306492470554644	0.005829828824471406
TT>GA	1.6193321624768943e-06	3.0017452354513808e-06	2.0691290291097174e-06	3.6598773431251173e-06
TT>GC	0.00048400430223765055	0.003955980860781665	0.0019712754357584573	0.005043335020058919
TT>GG	0.0014433765001240317	0.0003508030093735215	1.4575203499589407e-06	0.001880232023916051
