MutationType	SBS96A	SBS96B	SBS96C	SBS96D	SBS96E	SBS96F	SBS96G	SBS96H	SBS96I	SBS96J	SBS96K	SBS96L	SBS96M
A[C>A]A	7.147442618151517e-05	0.0008365658519102225	0.04031115138654016	0.01829967897096471	0.00020682613894270748	0.00021714439295465127	0.0077499515942639615	0.00016757094752392732	0.001182616227233666	8.40455092749437e-05	0.01698234450263744	0.0012196827494335594	0.0058608451257324565
A[C>A]C	1.9719626368441823e-05	0.00011371157517674214	0.03176862465411631	0.024315898773274967	0.0013590696028407479	0.0004859272665331441	0.009088303821044974	0.0008762709729489871	0.0006399698760105821	0.0005329842997210524	0.021342610089400294	0.0008677106507616372	0.00421071162854787
A[C>A]G	4.287790581114503e-06	1.346796663380001e-05	0.023769657718312853	0.016593266681122223	1.1291152003582993e-05	6.123941607611983e-06	0.00011172740590356333	6.220788455479464e-05	6.004129265099146e-05	0.0001752447076410313	0.0037058832774984297	0.000306493412579254	8.02491816800438e-05
A[C>A]T	9.687443055714683e-05	0.00012150836303614913	0.01912763920938782	0.01821885969955474	0.00015842315073882673	0.002625811661127955	0.0027756453486126446	0.0025697752256382956	5.433532217519663e-05	0.0003009457642103186	0.009743265756947039	0.00042490012504231345	0.005464390986619108
A[C>G]A	1.0500493923615295e-06	4.409975054272763e-05	0.004223828596257704	0.004398687163030271	1.61428809932751e-05	0.00040160406114331693	0.00043600804237591716	0.0	0.0025267334189265967	0.000624170414373566	0.036672069169580934	9.635915193939582e-06	6.896247235104624e-05
A[C>G]C	0.0001005460061629282	0.0002932755752660299	0.003163506797411806	0.002064627116124029	0.0003560556712913504	0.00019764018727652644	0.0014405390534393803	0.00016371502621154833	0.0018211151973810047	0.001517322266154224	0.03392104567959905	0.0006495511430358647	0.0008938533404205084
A[C>G]G	0.0005210765781976079	0.00023967059720803266	0.004874511512812169	0.001359912118686571	0.0002663170197073228	1.3701144652813468e-05	0.0014883687471376917	0.0001544773480605784	0.0008283729217509972	3.0039752373056673e-05	0.018983515941072254	0.00010069238031306327	0.001809541077323038
A[C>G]T	0.00012641507498624803	0.00012642207600581655	0.0012614637121235717	0.00209521412558388	0.00024026023545484733	0.0005850345510443589	0.0013227286520120884	1.1441469832789152e-05	0.0034617945761419833	0.0011876797099466786	0.03739345183596015	0.00044501098256723994	0.0001892734728821921
A[C>T]A	4.6554673062928486e-05	0.0008427475693067346	0.014276678867317968	0.009492105734534562	0.0029386711460327175	0.012886661905795335	0.024289957882162018	2.8610045046665246e-05	0.00504114005016163	0.009505682426970452	0.026129070669412613	0.003393244868493639	0.007920075999209075
A[C>T]C	0.009155512054242901	0.06041322986330716	0.011907874712693875	0.0022087322247519125	0.0027987371579967757	0.012502518512389713	0.02316687272959349	0.0023506833702521134	2.5013676931635586e-05	0.006826193620232273	0.010288638880954543	0.0005845486266974831	0.03522093272330913
A[C>T]G	8.216740388888865e-06	0.0003563631954472424	0.003941298752453654	0.000995739535616241	0.0005751396652533814	0.1003656580363193	0.2348713276205173	0.003678557978519521	0.0016210405086219738	0.0015198761978864207	0.025090696030279674	0.0038690589940506472	0.007724321986336804
A[C>T]T	0.0016685626149410388	0.014509370897430927	0.009790448039084368	0.0030940511743330133	0.0033806365935017497	0.0066126602957956495	0.019787297742441298	0.004570422682788074	0.0002080660851788707	0.00448225642030593	0.016573670549551025	0.002208556231653347	0.02057122874561694
A[T>A]A	0.0003768988979146374	0.0014723182709680317	0.012158798321932025	0.0020934927007996863	0.002442525562669431	5.651473159886677e-06	0.0036106534962661386	0.00013363776942631133	0.000146844677535789	0.0042655345846931425	0.003878835914956049	0.00012521891303391542	0.00751756754981649
A[T>A]C	0.00034053129437465745	0.0006995433139649521	0.007016993576459986	0.0015987742856941622	0.0034468289486000005	0.002223076826921897	0.005701646352505616	0.0001842516341234557	0.00018705464910453884	0.012596997004147853	0.0071592267669769605	0.0007910912102306611	0.009375963788261287
A[T>A]G	0.0008074496249312801	0.0005001918684593882	0.01840110314078629	0.00398618542019797	0.0017195351443553089	4.127295354003024e-05	0.004814429197758734	0.0001882368548918123	0.000171895562083364	0.0009225789218818579	0.012622244606739982	0.0005495983529510795	0.005240524129025061
A[T>A]T	0.0027283716879611575	0.003437573938544741	0.011671740377009248	0.001158018118242135	0.003306561020726806	0.0023320824967458975	0.008542990205534211	0.0003820098296264973	9.449863124171287e-06	0.00626378569228109	0.002615852156013716	0.0019535564524868223	0.012281126246246572
A[T>C]A	6.904870734102825e-05	0.0003530790788090599	0.016216461760564585	0.0022944279556395488	0.001835280711278414	0.0006544727509848514	0.006857125043380279	0.0038393172619726103	0.00032337513662810123	0.03427109403535724	0.02197718257175893	5.841571469339613e-05	0.008967691744919933
A[T>C]C	0.00014756431820808029	0.00042107012643920807	0.001551051559508783	0.0002665176775735887	0.0007902949974504736	0.0023354657119491673	0.005706714460684452	0.005742459695029538	0.0006905117781207082	0.024796597454696895	0.012073283116333187	0.006163102253340185	0.0063811560782778545
A[T>C]G	0.00010878545272269986	0.0004382386028828478	0.015571440192490514	0.003998975547365263	0.0027166426282201795	0.002182010977302866	0.014846851484879835	0.0022524798211088636	0.00017786357118129822	0.06607743084430695	0.01663219709456371	5.020168400221792e-05	0.007001429254752369
A[T>C]T	0.0005580591318721418	0.0007636284118286741	0.014520666863717082	4.0899453160818666e-05	0.004427265118592957	0.0001131241030111596	0.015211030234204195	0.002662473706222954	0.000427066370796183	0.01362484879384283	0.024442921095765166	0.0016443392072687858	0.016613135779478226
A[T>G]A	0.00010217174707605637	0.00030035537741355254	0.0038694458733736247	7.711144835311324e-05	0.0011527544512878762	1.4549537063750506e-05	0.0025078984776913415	0.00018691225457502015	0.0001628215074651962	0.00016464237814851402	0.004088063746571926	0.0022883048156663224	0.002824642243916955
A[T>G]C	0.00017112863294346532	0.0009447969710351601	0.001379149058823259	2.3296446983165354e-05	0.0004062415250555567	7.504295864103838e-05	0.001471805651417526	0.002677962639237421	0.00014457492589826872	0.0021404579126402725	0.004248613590025343	0.007724187113344669	0.0032440062557917313
A[T>G]G	0.0012391729152295737	0.0009369710988855217	0.005865133949185158	0.0009670317789138095	0.0015064879016984279	0.00011375623374842033	0.003175084506972219	0.0010920001855265582	6.44065794763549e-05	0.0009802153189730903	0.009126887999320843	0.0016733254645562568	0.00500500637688674
A[T>G]T	4.877459639388349e-05	0.000703693848835476	0.0007921464874375773	0.00011147352658834229	0.000235643346089347	6.917018907049765e-05	0.0009690547669162796	0.01055560814216733	8.634089549497404e-06	0.0006439717869250217	0.0002892036727964165	0.035982603318989274	0.010513487873312966
C[C>A]A	0.0018103851236790547	0.0014720019197189415	0.010004020721417444	0.1317165108025074	0.0007757954478244979	0.0025327279883546085	0.005247720409232211	0.0009346843493079859	0.00024672999439836476	0.0034229560664959992	0.005641014667913566	0.0017554216676836632	0.009792956484514831
C[C>A]C	0.0009193880430754575	6.099116027781961e-05	0.003706010705943541	0.13528809003531933	0.00010694050130417133	0.010479865397597337	0.000885154499612355	5.606609301452265e-05	3.6706364104643894e-06	0.010877838682148137	6.621786934179142e-05	0.0005974164673136783	0.0017551152424534866
C[C>A]G	5.942690462458905e-05	0.000932728955554154	0.005217004499000435	0.08311256958171725	3.953359700048509e-07	0.0028635716707680237	0.0007334352569409575	8.047445094280952e-05	1.1582268992001145e-06	0.00604829521689112	1.1591738337202173e-07	1.9043049803713074e-10	0.0009719346730550568
C[C>A]T	0.00022195247676332742	0.0019250978737460579	0.001005121306521275	0.11059842897281882	1.4783629151082778e-07	0.05573041150827489	8.248107571684927e-05	0.0005598167530979836	1.0368251186827494e-05	0.02200691449298631	1.0748133608196042e-06	6.621807475681862e-09	0.008153610896828303
C[C>G]A	8.354524484827985e-05	6.7031625367302e-05	0.009865907803061305	0.0036286627016887253	0.0001753829588346934	0.0	0.0005801284753919882	9.575413755147366e-07	0.006076071746647358	2.2020005835265975e-05	0.03390482511565097	0.0006056503801702462	0.0008064820693918459
C[C>G]C	0.0004483870791682079	0.00013916632084493713	0.010574858572136208	0.003269659668124714	0.0014879222822156634	3.788665297211224e-05	0.0009569681099399303	8.706156018334355e-10	0.00032507248350139407	3.047861134213292e-06	0.029730642908924666	0.000151496394420505	0.0016757031676100454
C[C>G]G	0.0006517933131531186	0.0009988649092870006	0.010356477007005125	0.0035036288676329975	0.00016296680074170844	4.05577114450173e-05	0.001220090754220351	2.2495732069742758e-05	0.00013568708341662016	0.00011988023122164293	0.02577039575707275	5.867721417388339e-05	0.0019056896812697814
C[C>G]T	4.558277296585089e-05	0.0005403763425008365	0.006230896060472162	0.002959940612398668	0.0004132406956882123	1.885943970606263e-05	0.0006907271916561107	1.7967225218740168e-09	0.0053253347601275895	0.00013649803544453222	0.048789059352129696	0.0003012371451406892	0.00019595593314049255
C[C>T]A	0.057847605737306365	0.10131709070854882	0.037087485759023125	0.011086697907155241	0.01422919898163011	0.00043524873975066215	0.020564870287095388	0.004184268275290207	0.0034213865583166123	9.447347982710852e-05	0.007931115810161912	0.0030206905606699765	0.08147316254426812
C[C>T]C	0.01478188865620116	0.30500593316741287	0.0015757228499088793	0.0015656929611181506	0.00014618858854047455	0.0009389408261897714	0.0030367852630997015	0.003763205786977265	8.765108345798467e-09	0.0030991705111557623	1.0845044121862887e-05	8.889889738859264e-05	0.0052713075068537485
C[C>T]G	0.002243593112599489	0.08210656136274337	0.009195980075693768	0.003951586235098468	0.0029459464962302705	0.0875867305879632	0.2361780821159482	0.005068389462437678	0.0035904411932482284	0.003162522125005013	0.007154775686937258	0.0024080572783117303	0.01271261656208407
C[C>T]T	0.011205161852421828	0.19097969551844357	0.018046147807776976	0.007012962280498093	0.0015491776785407283	0.001267132646426603	0.019817716930720014	0.008060608519239097	0.0024909683763149103	0.001313698848475253	0.015611087503370808	0.0030531435106571792	0.039742560966261775
C[T>A]A	0.00035071196523430717	0.0004210777344514275	0.012436712029601433	0.003881749790290002	0.0007149907288961366	2.0598795783239863e-05	0.0018497808797948779	2.1621058065770527e-05	0.00027323329610418057	0.0003328794813734248	0.004452078276752047	0.001205093824173673	0.0029922282668161417
C[T>A]C	0.0015909952079528012	0.0010100528029427752	0.01423321663039759	0.0053464667252009525	0.000808710309631226	0.0012746758600405883	0.0016173295271955368	5.970905302092433e-05	0.00019260155669144298	0.0054349536309018735	0.011902270545251668	0.013363450621254743	0.0018347575078951194
C[T>A]G	0.0002805908539395574	0.0006038424842193312	0.04218775038753456	0.020671196290771254	0.001015727620964242	2.2820016368747532e-05	0.004056439039894748	2.8030032699462025e-05	6.146280820800597e-05	0.0018314850627211853	0.009112195088967781	0.008174673042958602	0.003423171340046799
C[T>A]T	0.0015512541424853054	0.0020119058935974187	0.016113866584871416	0.005847780036123283	0.0016599824470590102	1.0699115647838652e-06	0.005416676713794644	8.532224798237565e-05	3.767001156083083e-06	0.00037718125022115383	0.011489290287502918	0.037105438452854286	0.005413518629916325
C[T>C]A	0.0011991497112467187	0.0014800247224502538	0.009319960508091273	0.002380638654326592	0.0011655888864805775	6.114419878777255e-05	0.0034101684564524248	0.0003001891604805329	5.5340487361803524e-05	0.0315822535008192	0.002710362364869429	0.00862880833510644	0.0034640356939326013
C[T>C]C	0.0008288342991851039	0.0019377698737662286	0.003013052839776398	0.0026811017846443976	0.001316218572807628	0.0013973513592095799	0.007165764219117917	0.0003614504921279149	0.00012215064920383155	0.02175874225795269	0.012467316217007465	0.057817675087135284	0.002110274045525955
C[T>C]G	0.00010852314986678399	0.0014903957382717005	0.007185779435123695	0.012414241735527583	0.002239671875432248	0.003937862940322912	0.010979843653460653	0.0001571660259617147	4.661909097496419e-06	0.08723969895392657	0.0027251828600967087	0.03813858499750495	0.002405777849515305
C[T>C]T	0.002447769013734846	0.0063106712349158154	0.01710733117288599	0.0010775480541778037	0.0025196511094653573	1.0849872378315695e-09	0.011013984045324143	0.0001594581571407616	0.00018172016102006695	0.02372935795225203	0.004961621526834774	0.11576340006198733	0.010221989179598694
C[T>G]A	0.00014516896859756735	0.000245901293064046	0.0011673023871088617	5.3641756985598476e-05	0.0001934861269670307	7.51034580443033e-05	0.0010596524794056399	0.0015153653423476499	3.489186547994905e-05	0.0011028464791888837	0.0057065296807559205	0.003804251249530353	0.002035487826928701
C[T>G]C	0.0005631074561551866	0.0013809293023904668	0.0018168598864997483	0.00025649299936184326	0.0006984936743856451	0.0016838300251262694	0.004606968536609202	0.0014665461173444783	0.00018996860688083928	0.0058675406104885044	0.006160487213346642	0.02269985350780189	0.002537827995869968
C[T>G]G	0.001071488612368139	0.0012565576745581896	0.003907376349379774	0.005547415504697711	0.0010128141846507787	0.0013008198973645335	0.0030992279804195277	0.002177667795913294	0.0	0.012252685321145691	0.01893368105404079	0.01633575807325542	0.005043173177145945
C[T>G]T	6.500434035494607e-10	2.2690177265083378e-07	7.533532242476326e-11	1.2449502762024167e-10	6.878080446819335e-09	2.443542738120641e-05	1.370556041413451e-06	0.0004238028821441109	9.394625273273591e-09	1.0199945975841728e-07	3.550015348352531e-09	0.3126736456155777	4.528326170891717e-06
G[C>A]A	4.203895392974451e-47	2.8272961628772465e-06	0.03864331092656787	0.020009319251801046	2.437174436636269e-05	0.001562707652744848	0.011288004862435627	0.0006848760947641517	0.0005697813464530555	1.853397417960423e-05	0.020301754900498778	0.004832868173885032	0.007434905111440457
G[C>A]C	2.2254117284319362e-05	9.526440758726343e-05	0.03676990228428622	0.030664386955249937	8.132437073072651e-05	0.005899462959496305	0.001823540851975068	0.0006724436310991197	0.0009245467461016688	0.0033397356083150953	0.013394711551372894	0.0007159306120178144	0.0029461559382616543
G[C>A]G	0.0	0.0	0.028583610185806806	0.023413784179629644	5.855398272913703e-09	0.0015637463151506382	0.0018044677123660335	0.00014507905797444209	0.00013194697582626701	0.00044465968739963556	0.00017048720230039116	0.0001167228376402818	0.0015981052533036789
G[C>A]T	1.401298464324817e-47	1.3704066714126384e-06	0.01819056927634364	0.02190200346522033	2.4903334066266324e-05	0.022340501733124254	0.0016807897223935697	0.0036984956657397563	0.0005101905163405717	0.0008269827350080305	0.013593381871818622	0.0006132451952043993	0.007651684968732297
G[C>G]A	1.487453391746385e-07	2.559755928814411e-05	0.005585847107194581	0.0037297525989789648	8.60008052768535e-05	0.0004296065565722529	0.000648267444043995	4.1244994808948834e-05	0.0022220317099709065	0.0005328271223794445	0.021154830995947123	0.0009861113557053615	0.0004566644985107082
G[C>G]C	9.133517352939432e-05	0.0002157416937846654	0.007026760979694018	0.004878875348074061	0.0005945485542917189	0.0008752184838067478	0.0023118494186201133	0.00013424809090793177	0.0011036556031467626	0.004728505534585565	0.027900081221014263	1.8216880036222623e-46	0.001012366739539079
G[C>G]G	0.00015322969551519349	0.0003626289274508511	0.009021231215195158	0.004210798646276288	4.991420550565451e-05	2.5429920677391137e-05	0.0006021293246178061	8.312055808330499e-06	0.0007199857638806862	1.7812813688371508e-05	0.009075101183566261	3.783247518533983e-06	0.0008670767532722045
G[C>G]T	1.904619994093082e-06	1.4029946032678709e-05	0.002445658635560619	0.002200840235816966	0.00017711055654764607	0.00032877858311337605	0.0006252100656486448	0.00035866377426827965	0.0034493282088078558	0.0014796057904459302	0.03329802740365267	0.0002134632721390517	0.0005281574794571498
G[C>T]A	0.0001590296133326774	0.0002602071770617624	0.010861924415416979	0.008841135335303786	0.001277484099413897	0.05420994546975408	0.009436521368070317	0.0006887161056511104	0.009859881396405399	0.027370975119411015	0.025050415396690368	0.00023406611173413695	0.008147574343602172
G[C>T]C	0.014955789459975452	0.04737055527208117	0.003389313595206751	0.007250118763337272	0.0035739672144969605	0.09877533350139857	0.0017480729163069544	0.013441614767563018	0.0005919838774520341	0.05130657938901805	0.0013013345469029148	0.0002917052269913256	0.027239473800033345
G[C>T]G	2.802596928649634e-47	7.115938274182554e-09	0.0025327978692037336	0.000436106656118298	1.0462635531284482e-08	0.3889925965666771	0.04772073053919385	0.025884318118482776	0.0008559299865011916	0.0016264740029814817	0.0025413001879882914	0.0039701602951635094	0.029614463005943996
G[C>T]T	0.01381965005537495	0.01819312220613938	0.0038573903065699053	0.006865411044564098	0.0026077263787022908	0.05703019835054875	0.003156343239825219	0.02530580972175831	4.203895392974451e-47	0.02762257743394002	0.01320705422142055	0.0006863597936674104	0.026108562059903792
G[T>A]A	0.0006788109865993164	0.00023461700755563085	0.01256616035469051	0.0034346507449417984	0.0007533656206031789	6.840626073456591e-06	0.0009373109462436347	0.00025701893968471445	0.00016388186728022447	0.0026257276695105247	0.004431757908729814	3.57146724127233e-06	0.001939134849546207
G[T>A]C	6.841425439567704e-05	0.00043043147088610566	0.005652576620486798	0.00302577802898611	0.0018070703208968586	0.0012569649378642823	0.0018920733011711377	6.127395954081294e-05	0.0003014619406332033	0.010120773731177906	0.00799269591923803	0.0032126184279331936	0.004690097326769092
G[T>A]G	0.0007740435713335891	0.0018344742029135475	0.0193091264202576	0.006293793398488041	0.00103404863114001	2.8164215899550984e-06	0.00262884184371603	4.394704887893397e-05	4.886705546967463e-05	0.0016653453090833637	0.010192207892956464	0.0006841763479519614	0.005654747420912756
G[T>A]T	0.0007660456293623706	0.0010343283125380403	0.010630160084692761	0.0017211767317589733	0.0013697743713964883	0.0007385970409310261	0.004363966194741806	4.913963327339843e-06	3.310242823502563e-05	0.002262493010784965	0.005088156540106041	0.006149886071216315	0.0051116885169176386
G[T>C]A	0.0	4.526926042025537e-08	0.0003465563931131932	0.001787657656457894	2.1069293421493997e-06	0.0002260517188938586	2.0783928004419749e-07	0.010704666380505712	1.7443301753178873e-05	0.10981324136257171	1.0478752235698607e-07	0.00012521563888551413	0.01012446406689989
G[T>C]C	2.5830044077679303e-06	6.241018602558768e-05	2.920634742160644e-05	2.275740812501148e-05	0.00043225175274855585	0.008338105918373912	4.5733259003597484e-05	0.02253655426668047	2.953519129409443e-06	0.05086280945688486	0.00012210323777875231	0.009820690448395907	0.021810676336024813
G[T>C]G	1.8455290981691574e-05	4.922124110751991e-05	0.0005396210988290661	0.0025741131688749876	4.7078498919148615e-05	0.0010472965283916658	4.309752689835034e-08	0.005841924520209432	4.8347316356691646e-05	0.0996811629086733	2.404493754326609e-08	0.00720064208144322	0.005995213706166566
G[T>C]T	0.012301663695712933	0.006523047560976378	0.008356024483292456	2.5664071240497077e-05	0.012622700167820309	1.6475558570103742e-05	0.009973289029450267	0.010672883050482298	2.802596928649634e-47	0.05193035299858177	0.0009514544007821435	0.00586429596761441	0.03398905400511204
G[T>G]A	0.00012498159590223882	0.0001459432081514933	0.002350799504745105	0.00019612916471260179	0.00042302061841837713	4.9305011750675475e-05	0.0015450533308440128	0.0013221006232924993	0.000138189167973907	0.0002863198158092928	0.006227881254162639	0.0014205752144334839	0.0025037998487044888
G[T>G]C	0.00026615385665697033	0.0003951688249297243	0.0013650405420256107	0.00010840884794276916	0.00028978782778722235	0.0016411146440077572	0.0010278672257911126	0.0027490613490226677	2.913003690082405e-05	0.0007047013949068059	0.004854461205285147	0.009736388525925576	0.0037821242187055758
G[T>G]G	0.002751710790382802	0.0019567872980343283	0.00570873090331138	0.0012483757358859294	0.0023639572970569132	0.000778501500520008	0.0018271166269769668	0.0010227551099365683	1.373576815240085e-06	0.0017344800121359683	0.014333092478112666	0.004210097951254283	0.006138239318919147
G[T>G]T	0.0005752623047635552	0.0010744207212272303	0.000403952655762545	0.00038348175807186637	0.0004013995305285789	0.001486287451662065	0.0008106230804650139	0.0002671657196785304	0.0	0.0012630634333487478	0.00013352214981161126	0.08056087581440806	0.0010548913640941512
T[C>A]A	0.000228057357395072	0.0008875483986210611	0.034388632264272016	0.022924065109109507	0.0017465717409240256	4.107676813134037e-05	0.005380651850596223	0.014552498551318536	0.050392444506287576	3.3624042407609523e-06	0.0022777806951884117	0.002408207417538506	0.022840389112880503
T[C>A]C	0.0021813497641129764	0.002325847430656404	0.04981264022295363	0.04867231732467189	0.003148376778262917	0.0024116205691098003	0.010479965878857527	0.0038412302173674107	0.023892984529957174	2.395183881162666e-05	0.011221987922495832	0.0003239966613909928	0.012302385821241728
T[C>A]G	0.00015006905231075508	0.00014155977827613243	0.023517846975491922	0.012442558988404927	0.0004389299225955558	0.0006464645326553864	0.0030847832346075814	0.0006658054727429796	0.009382490059360862	9.965175430354467e-05	0.0029584831314514305	0.0002889215317554772	0.003874963921844028
T[C>A]T	0.0	0.0	0.005021824938715689	0.05604110231623054	5.057699597466048e-09	0.003786054728755737	3.4733868840977064e-05	0.11622867251280695	0.018762974431738258	8.838590664223212e-05	8.42395699127807e-05	0.00848161414764057	0.10845751067402183
T[C>G]A	2.6137750630539356e-10	1.9855285504633004e-08	0.0001663110318882488	0.00010002028585819667	1.0764099991239539e-05	3.169018438775595e-09	5.319241495271853e-07	7.722080181971893e-09	0.27531579583883287	2.3701955553789845e-08	0.00010919965760251671	1.5849822922353597e-07	3.7750854600115955e-07
T[C>G]C	0.000852339667399073	0.0007609533642098035	0.006963289255905565	0.003868434134382586	0.0011080271377045415	8.890980351097256e-06	0.002092275300997599	9.920255673932843e-05	0.09037467118352652	0.0004363688821116085	0.032439411962404845	0.00015646557422741125	0.002885107531574841
T[C>G]G	0.00017160433863864475	0.0005430523686515754	0.004442570550104108	0.0010985413549661162	0.0002574099042291067	1.537488223220862e-05	0.0014826991950238266	8.190310381511523e-05	0.03260355221107602	3.512849730213929e-07	0.010011602070881054	0.00019378790498080889	0.0017652690146821649
T[C>G]T	8.264312979444036e-05	2.9017606761261305e-05	0.000284835837767794	0.000121661952836849	0.001385135171603482	9.80331675138002e-06	5.082035065791813e-07	0.00033163937006619904	0.33797538265585897	0.0005876501512580034	0.004688205565678718	0.0006326132673491359	0.0003442886696895195
T[C>T]A	0.045696570276695034	0.00044914834063784314	0.00148317191461601	0.0019828698647134328	0.545419442213606	0.00021245821222596586	0.0003136111870587416	0.004710086118327803	0.05864792628399469	0.002095825281604123	0.00029410968839843605	0.001157886230580322	0.0022012631382888593
T[C>T]C	0.6438156703114509	0.014217752975739257	0.0006050590962048119	0.006232910024347531	0.02036290593255103	3.852408372317928e-06	0.0005299526885998951	0.00516169676644008	0.005971718310061504	4.3069958454889786e-05	7.237331855741513e-05	0.00019791297139415854	0.003260924282648361
T[C>T]G	0.10731433459454898	0.0028351587400433404	8.534397488046964e-08	5.739959821671192e-08	0.06516965330873108	0.020253174393799114	0.0486442654864482	0.5550360457599163	0.0012719996665006164	2.465942517460018e-07	2.0355890351098083e-08	0.0004865413776894412	0.017122826234246345
T[C>T]T	0.013844793920148972	0.08837195469267244	0.01707038582241041	0.0011534740010748124	0.23584816805234582	1.678423244015985e-05	0.01752111498199504	0.023397178109028544	0.02965427085407484	1.6177388908289458e-05	0.0008758628481358244	0.0019143933333255348	0.06716305739240308
T[T>A]A	0.0008626491499653177	0.0009143713627952721	0.011366003050459029	0.0016141111250112773	0.0016790517189656385	0.0002567143138372785	0.006445892831312889	0.00039908551301250946	0.0001537992111786579	0.0017873153072342518	0.0033239796099465836	0.00016514559968246808	0.007529824888100052
T[T>A]C	0.0016334392929572062	0.0009668292610876961	0.012960694078992674	0.0013641572857462237	0.00181926861805718	0.0004422151247126749	0.0052774452526498546	8.186735069102724e-05	5.974089779101632e-05	0.0015366389023405702	0.0069054365231181695	0.0021515169317717665	0.008859430710635934
T[T>A]G	0.0007206711677506315	0.0009514489115876224	0.014118531147389035	0.004045087023508245	0.0008928733669989697	9.140691724951466e-07	0.0028537871206945732	0.00017548062585669654	1.3244602730644317e-06	0.0005249736772924507	0.004884617361162497	0.0009923380972453443	0.004220994373682245
T[T>A]T	0.005139961134976829	0.0031847399756274085	0.013819488662839276	0.0009387546016256643	0.0025928577033781154	1.605361509859904e-05	0.00914598299658482	0.0006061883092039011	4.599668379920985e-06	0.00011693787103806308	0.005000807094589526	0.006692751962225713	0.013158810881234472
T[T>C]A	0.002712265858385763	0.0018547246686636321	0.007659427619711465	0.001097292417133106	0.003920276758312866	0.00024498599042545766	0.005550874995308348	0.002539813389539205	8.462580947707465e-05	0.026760542239062487	0.0029347635803166484	0.0015806603865075885	0.014995116898750976
T[T>C]C	0.0017428069488232723	0.0017006676987512037	0.0056073038559406995	8.02889397891704e-05	0.0037586624935903134	0.0023744880880985876	0.006826277783984551	0.00724987795029399	0.0002719722351556303	0.025584968747571112	0.005551391186745604	0.011735592177137733	0.015806121532514227
T[T>C]G	0.0014364932200547976	0.001924381352000637	0.008386190943105712	0.0020803606128902176	0.0030842856544169694	0.002332822141820546	0.007408147208916489	0.0015778471685632667	0.00015942562662361228	0.03396603923290968	0.0020044417304529993	0.004992190351003956	0.010241809787985412
T[T>C]T	0.0015712395603706677	0.002655327791418166	0.007345052923522992	0.0002515295457487809	0.0030068884912179783	0.0003397984299442823	0.007706292893302162	0.005231603743450251	5.378530627240252e-05	0.01759744778741151	0.007081129225700025	0.007767307450994849	0.016652438807839474
T[T>G]A	0.00033773365708668736	0.0004563464356893221	0.0027295551176379006	1.4802430767240082e-05	0.0006958305272198829	6.785907150685944e-06	0.0016796224252715718	0.003323732520199734	0.00012418954731629127	9.255237091565504e-07	0.005635626792870809	0.002084003941337187	0.006181709976140155
T[T>G]C	0.0009317709805057935	0.0007537610170373099	0.003711336191888336	1.8191365669291138e-05	0.0011153898143403751	1.87583485082099e-05	0.0032875488458615366	0.008063661443644711	0.00019750755583203272	0.0006252240251160404	0.0028546232997830145	0.013285076441243292	0.012991444720347332
T[T>G]G	0.0002590027724872358	0.0010656280156393556	0.005532667362921759	0.001020309958001765	0.0008629995925070943	0.0001472077338434019	0.002139536978319221	0.0017399356952228118	0.00018735273120213303	0.0004865192885517899	0.012226840366481043	0.004762085301335901	0.0038880109972888022
T[T>G]T	0.0018084940427320361	0.00015072665751236336	5.5160336458408566e-05	6.873366665189895e-06	1.0379923014447457e-08	1.8526115996900225e-09	7.163977599589089e-08	0.04433848557998744	1.2242793356875836e-09	8.259963379941837e-11	3.4138781114418925e-05	0.0650610214099288	0.03593260951249134
