NMF_Replicate	L1	L1 %	L2	L2 %	KL Divergence	Correlation	Convergence Iterations
1	187.42	73.665	36.54	50.295	0.575	0.792	20000.0
2	187.358	73.775	36.92	50.755	0.576	0.789	30000.0
3	188.944	73.624	37.288	50.717	0.576	0.791	30000.0
4	187.066	73.723	36.561	50.692	0.577	0.789	20000.0
5	181.007	74.674	34.234	52.198	0.601	0.777	60000.0
6	179.395	74.753	33.875	52.438	0.601	0.774	70000.0
7	191.035	73.693	37.271	50.796	0.57	0.804	40000.0
8	188.153	73.977	37.093	50.675	0.577	0.792	40000.0
9	180.275	74.697	33.922	51.977	0.601	0.777	20000.0
10	179.918	74.593	33.883	51.655	0.596	0.783	20000.0
11	178.871	74.817	33.952	52.319	0.602	0.776	30000.0
12	187.253	73.589	36.581	50.569	0.57	0.789	30000.0
13	179.209	74.271	34.099	51.995	0.591	0.782	30000.0
14	180.051	74.415	34.108	51.937	0.593	0.781	30000.0
15	181.049	74.942	34.289	52.337	0.602	0.777	40000.0
16	187.849	73.642	36.781	50.677	0.575	0.788	30000.0
17	192.34	73.215	37.524	50.143	0.564	0.807	50000.0
18	179.736	74.537	33.918	52.079	0.6	0.777	30000.0
19	180.778	75.243	34.208	52.697	0.6	0.773	20000.0
20	179.367	74.673	33.929	52.233	0.599	0.777	40000.0
21	185.02	72.792	35.156	51.058	0.58	0.785	30000.0
22	192.211	73.507	37.289	50.24	0.569	0.805	40000.0
23	188.178	73.626	36.906	50.395	0.575	0.794	40000.0
24	180.541	74.633	33.988	52.092	0.592	0.779	30000.0
25	186.484	73.549	35.202	51.466	0.591	0.783	20000.0
26	179.257	74.108	33.771	51.725	0.594	0.781	20000.0
27	185.353	73.044	35.516	51.584	0.582	0.782	40000.0
28	179.211	74.504	33.889	52.294	0.597	0.777	70000.0
29	179.077	74.894	33.696	52.098	0.602	0.779	40000.0
30	180.204	74.487	34.191	52.195	0.595	0.777	20000.0
31	178.921	74.559	33.693	52.148	0.598	0.779	30000.0
32	179.925	74.485	34.131	52.136	0.595	0.781	30000.0
33	188.6	73.136	36.874	50.349	0.567	0.808	30000.0
34	190.74	73.454	37.5	50.843	0.568	0.805	40000.0
35	182.826	74.997	34.765	52.473	0.596	0.775	40000.0
36	188.836	73.918	37.139	50.693	0.579	0.789	30000.0
37	181.74	75.355	34.471	52.685	0.609	0.771	30000.0
38	179.519	74.463	33.712	52.086	0.596	0.777	40000.0
39	180.444	74.445	34.045	52.038	0.599	0.778	50000.0
40	179.287	74.276	33.934	51.853	0.593	0.781	30000.0
41	188.193	73.793	37.038	50.654	0.579	0.79	40000.0
42	190.642	73.497	37.195	50.604	0.568	0.805	20000.0
43	190.294	73.478	37.049	50.758	0.563	0.805	20000.0
44	187.734	73.718	36.991	50.525	0.572	0.791	40000.0
45	187.904	73.412	36.992	50.542	0.569	0.793	50000.0
46	181.361	74.642	34.248	52.219	0.598	0.778	30000.0
47	180.286	74.517	34.21	51.84	0.593	0.781	40000.0
48	180.487	74.914	34.333	52.47	0.599	0.777	30000.0
49	180.43	74.81	34.103	52.225	0.595	0.778	50000.0
50	186.571	73.489	35.428	51.681	0.59	0.777	20000.0
51	179.385	74.109	34.037	51.683	0.591	0.782	30000.0
52	181.714	74.893	34.579	52.503	0.597	0.775	70000.0
53	179.456	74.45	33.58	51.628	0.6	0.78	40000.0
54	180.534	74.675	34.069	52.211	0.602	0.776	40000.0
55	179.439	74.425	34.125	51.905	0.595	0.782	60000.0
56	190.709	73.739	37.445	50.755	0.57	0.804	20000.0
57	179.371	74.881	34.044	52.425	0.607	0.772	30000.0
58	179.204	74.427	33.942	52.061	0.596	0.778	60000.0
59	180.303	74.478	34.338	52.146	0.598	0.779	20000.0
60	180.232	74.218	34.26	51.949	0.587	0.779	50000.0
61	186.233	73.054	35.404	51.233	0.583	0.783	40000.0
62	189.839	73.51	37.13	50.502	0.572	0.805	20000.0
63	181.569	74.553	34.253	52.416	0.597	0.775	60000.0
64	179.899	74.331	34.068	52.088	0.596	0.776	60000.0
65	190.2	73.535	37.255	50.16	0.573	0.809	20000.0
66	181.77	75.677	34.414	52.927	0.616	0.769	60000.0
67	179.833	74.599	34.046	52.443	0.601	0.773	40000.0
68	179.481	74.503	33.662	51.715	0.594	0.783	20000.0
69	179.461	74.591	34.064	52.17	0.598	0.776	40000.0
70	180.577	74.822	34.23	52.299	0.601	0.776	30000.0
71	179.478	74.305	33.838	52.081	0.593	0.778	60000.0
72	193.526	73.898	37.586	50.661	0.574	0.801	20000.0
73	188.917	73.157	36.959	50.096	0.568	0.81	20000.0
74	190.922	73.724	37.243	50.465	0.569	0.805	30000.0
75	179.844	74.529	33.936	52.024	0.596	0.778	40000.0
76	179.116	74.162	33.781	52.045	0.586	0.782	30000.0
77	180.175	74.668	34.378	52.198	0.591	0.778	30000.0
78	180.29	74.411	34.037	52.093	0.593	0.778	50000.0
79	180.763	74.56	34.076	51.965	0.6	0.779	60000.0
80	190.285	73.125	37.047	50.498	0.561	0.808	30000.0
81	179.85	74.546	34.07	52.052	0.596	0.779	40000.0
82	188.508	73.637	36.906	50.435	0.567	0.794	30000.0
83	180.919	74.648	34.186	52.056	0.596	0.78	40000.0
84	187.022	74.178	36.631	50.829	0.573	0.789	40000.0
85	181.159	75.426	34.284	53.01	0.607	0.768	30000.0
86	192.039	73.076	37.143	49.996	0.567	0.807	40000.0
87	179.239	74.265	33.64	51.812	0.595	0.781	40000.0
88	179.353	74.526	33.954	52.186	0.595	0.777	80000.0
89	179.252	74.226	34.058	52.05	0.599	0.779	30000.0
90	180.19	74.668	34.217	52.279	0.602	0.776	20000.0
91	178.577	73.966	33.861	51.802	0.595	0.78	70000.0
92	178.62	74.434	33.678	52.008	0.602	0.777	30000.0
93	180.42	74.515	34.179	52.142	0.601	0.778	20000.0
94	188.659	73.972	36.972	50.795	0.572	0.791	20000.0
95	179.899	74.293	33.967	51.929	0.595	0.778	40000.0
96	181.381	74.272	34.286	52.035	0.593	0.78	60000.0
97	180.147	74.686	34.127	52.068	0.601	0.777	30000.0
98	179.948	74.543	34.136	52.135	0.601	0.777	30000.0
99	189.974	73.699	37.344	51.057	0.578	0.799	20000.0
100	178.865	74.209	33.801	52.06	0.593	0.778	20000.0
