Samples	SBS1	SBS2	SBS5	SBS10a	SBS10b	SBS13	SBS15	SBS17a	SBS17b	SBS21	SBS40a	SBS54	SBS87
TCGA-3M-AB46-01	18	8	38	0	0	19	28	0	0	0	87	0	0
TCGA-3M-AB47-01	54	0	40	0	0	0	0	0	0	0	47	0	0
TCGA-B7-5816-01	348	0	340	0	0	0	406	0	0	156	0	157	0
TCGA-B7-5818-01	56	0	71	0	0	0	0	38	44	0	285	0	0
TCGA-B7-A5TI-01	245	0	210	0	0	0	238	0	0	0	0	0	0
TCGA-B7-A5TJ-01	110	0	92	0	0	0	62	16	32	0	0	0	0
TCGA-B7-A5TK-01	37	6	18	0	0	9	0	0	0	0	0	0	0
TCGA-B7-A5TN-01	22	0	31	0	17	0	0	0	0	0	0	0	30
TCGA-BR-4183-01	20	0	26	0	0	0	0	0	0	0	0	0	24
TCGA-BR-4184-01	132	0	0	0	0	0	4005	0	0	0	0	0	0
TCGA-BR-4187-01	18	0	0	0	8	0	12	0	0	0	0	0	0
TCGA-BR-4188-01	60	0	43	0	0	0	0	0	0	0	0	0	0
TCGA-BR-4191-01	23	0	55	0	0	0	0	0	0	0	176	0	0
TCGA-BR-4201-01	321	0	380	0	0	0	528	0	0	0	0	0	268
TCGA-BR-4253-01	29	0	0	0	0	0	0	0	9	0	66	0	0
TCGA-BR-4255-01	26	0	48	0	0	0	0	0	0	0	0	0	0
TCGA-BR-4256-01	149	0	229	0	0	0	407	0	0	0	0	113	239
TCGA-BR-4257-01	168	0	275	0	0	0	387	0	0	0	0	135	268
TCGA-BR-4267-01	18	0	20	0	0	0	0	0	10	0	59	0	0
TCGA-BR-4279-01	4	0	6	0	15	0	12	0	0	0	0	0	24
TCGA-BR-4280-01	83	0	111	0	0	0	330	0	0	0	0	152	96
TCGA-BR-4292-01	796	0	308	0	0	0	392	0	0	0	0	0	0
TCGA-BR-4294-01	0	0	0	0	0	0	13	0	0	0	26	0	0
TCGA-BR-4357-01	34	18	66	0	0	34	0	35	38	0	94	0	0
TCGA-BR-4361-01	131	0	453	0	0	0	795	0	0	761	0	305	496
TCGA-BR-4362-01	614	0	385	0	0	0	501	0	0	0	0	209	0
TCGA-BR-4363-01	195	0	142	0	0	0	174	0	0	0	0	75	0
TCGA-BR-4366-01	51	0	128	0	0	0	0	0	0	0	0	0	0
TCGA-BR-4368-01	277	0	351	0	0	0	526	0	0	0	0	0	280
TCGA-BR-4369-01	43	17	50	0	0	12	36	16	59	0	0	0	0
TCGA-BR-4370-01	565	0	312	0	0	0	345	0	0	0	0	0	0
TCGA-BR-4371-01	105	0	98	0	0	0	0	0	0	0	0	0	0
TCGA-BR-6452-01	191	0	1455	0	0	0	2064	0	0	1131	0	564	722
TCGA-BR-6453-01	55	0	51	0	0	0	0	36	84	0	0	0	0
TCGA-BR-6454-01	9	0	20	0	0	0	28	7	15	0	62	0	38
TCGA-BR-6455-01	39	0	43	0	0	0	33	0	0	0	0	0	0
TCGA-BR-6456-01	0	0	27	0	0	0	0	0	0	0	0	0	20
TCGA-BR-6457-01	45	0	73	0	0	0	0	0	23	0	0	0	0
TCGA-BR-6458-01	69	0	86	0	0	0	0	48	172	0	0	0	0
TCGA-BR-6563-01	44	0	42	0	0	0	0	0	0	0	0	0	0
TCGA-BR-6564-01	4	0	17	0	11	0	9	0	0	0	0	0	0
TCGA-BR-6565-01	18	0	59	0	16	0	17	0	0	0	41	0	25
TCGA-BR-6566-01	253	0	231	0	0	0	423	0	0	0	0	141	0
TCGA-BR-6705-01	41	0	13	0	0	0	0	14	13	0	35	0	0
TCGA-BR-6706-01	36	0	57	0	0	0	0	76	74	0	0	0	0
TCGA-BR-6707-01	44	0	0	0	0	0	0	0	0	0	46	0	0
TCGA-BR-6709-01	0	0	38	0	0	0	15	0	0	0	0	0	0
TCGA-BR-6801-01	11	0	13	0	7	0	0	0	0	0	0	0	30
TCGA-BR-6802-01	73	0	75	0	0	0	376	0	0	0	0	0	0
TCGA-BR-6803-01	11	0	8	0	0	0	0	0	0	0	0	0	0
TCGA-BR-6852-01	268	0	154	0	0	0	586	0	0	0	0	164	0
TCGA-BR-7196-01	2	0	0	0	0	0	15	0	0	0	42	0	27
TCGA-BR-7197-01	73	0	101	0	0	0	0	0	50	0	0	0	0
TCGA-BR-7703-01	178	0	105	0	0	0	248	0	0	0	0	79	167
TCGA-BR-7704-01	24	0	14	0	0	0	0	25	60	0	265	0	61
TCGA-BR-7707-01	461	0	354	0	0	0	523	0	0	0	0	190	0
TCGA-BR-7715-01	54	0	95	0	18	0	0	0	0	0	0	0	0
TCGA-BR-7716-01	18	28	41	0	0	39	0	0	0	0	69	0	0
TCGA-BR-7717-01	67	0	84	0	0	0	0	8	19	0	0	0	0
TCGA-BR-7722-01	3	0	18	0	0	0	14	0	0	0	0	0	23
TCGA-BR-7723-01	47	0	90	0	0	0	0	33	38	0	0	0	0
TCGA-BR-7851-01	321	0	258	0	0	0	539	0	0	0	0	0	453
TCGA-BR-7901-01	48	0	0	0	0	0	0	28	26	0	127	0	0
TCGA-BR-7957-01	22	0	11	0	8	0	0	0	0	0	20	0	0
TCGA-BR-7958-01	38	0	46	0	0	0	0	0	24	0	100	0	0
TCGA-BR-7959-01	5	0	31	0	12	0	30	0	10	0	0	0	37
TCGA-BR-8058-01	9	0	20	0	0	0	0	0	0	0	31	0	0
TCGA-BR-8059-01	203	0	453	0	0	0	180	0	0	0	0	0	0
TCGA-BR-8060-01	42	0	34	0	0	0	0	36	46	0	123	0	0
TCGA-BR-8077-01	47	0	45	0	0	0	0	0	0	0	49	0	0
TCGA-BR-8078-01	500	0	278	0	0	0	602	0	0	0	0	224	0
TCGA-BR-8080-01	53	0	79	0	0	0	40	18	33	0	0	0	0
TCGA-BR-8081-01	371	0	271	0	0	0	380	0	0	0	0	0	0
TCGA-BR-8284-01	164	0	136	0	0	0	101	0	0	0	0	0	0
TCGA-BR-8285-01	46	0	6	0	0	0	0	5	10	0	53	0	0
TCGA-BR-8286-01	34	0	11	0	0	0	26	11	14	0	72	0	0
TCGA-BR-8289-01	13	0	42	0	0	0	28	18	43	0	47	0	48
TCGA-BR-8291-01	8	0	19	5	0	0	0	0	0	0	0	0	0
TCGA-BR-8295-01	7	0	16	0	6	7	10	6	5	0	0	0	0
TCGA-BR-8296-01	49	8	25	0	0	8	0	0	0	0	0	0	0
TCGA-BR-8297-01	9	0	49	0	0	0	60	40	69	0	0	0	64
TCGA-BR-8360-01	157	0	119	0	0	0	477	0	0	0	0	0	247
TCGA-BR-8361-01	306	0	369	0	0	0	613	0	0	0	0	0	452
TCGA-BR-8363-01	178	0	264	0	0	0	482	0	0	0	0	134	272
TCGA-BR-8364-01	0	0	9	0	0	0	0	0	0	0	0	4	12
TCGA-BR-8365-01	8	0	0	0	0	0	0	0	0	0	0	0	21
TCGA-BR-8366-01	20	0	93	0	0	0	30	27	40	0	0	0	0
TCGA-BR-8367-01	27	0	28	0	0	0	20	0	0	0	0	0	0
TCGA-BR-8368-01	265	0	128	0	0	0	354	0	0	0	0	0	326
TCGA-BR-8369-01	74	0	42	0	0	0	0	29	35	0	76	0	0
TCGA-BR-8370-01	23	0	33	0	0	0	33	0	0	0	0	0	53
TCGA-BR-8371-01	10	0	15	0	0	0	0	0	0	0	0	0	0
TCGA-BR-8372-01	277	0	311	0	0	0	367	0	0	236	0	253	0
TCGA-BR-8373-01	14	0	44	0	0	0	21	0	0	0	0	0	34
TCGA-BR-8380-01	54	0	23	0	14	0	0	0	0	0	0	0	0
TCGA-BR-8381-01	52	0	32	0	0	0	0	0	0	0	79	0	0
TCGA-BR-8382-01	369	0	150	0	0	0	361	0	0	0	0	145	0
TCGA-BR-8384-01	8	0	16	0	0	0	12	0	8	0	0	0	18
TCGA-BR-8483-01	49	0	72	0	0	0	33	0	0	0	0	0	0
TCGA-BR-8484-01	27	0	23	0	0	0	0	11	5	0	34	0	0
TCGA-BR-8485-01	34	0	118	0	0	0	0	75	161	0	0	0	0
TCGA-BR-8486-01	17	0	0	0	0	0	15	0	0	0	36	0	0
TCGA-BR-8487-01	453	0	475	0	0	0	1112	0	0	421	0	0	732
TCGA-BR-8588-01	63	0	64	0	0	0	0	11	13	0	0	0	0
TCGA-BR-8589-01	28	0	381	0	0	0	0	333	647	0	0	0	0
TCGA-BR-8590-01	39	0	4	0	0	0	0	25	39	0	48	0	0
TCGA-BR-8591-01	248	0	192	0	0	0	569	0	0	0	0	247	371
TCGA-BR-8592-01	6	0	0	0	0	0	8	0	0	0	0	0	29
TCGA-BR-8676-01	36	0	0	0	0	0	0	0	0	0	63	0	0
TCGA-BR-8677-01	33	0	13	0	0	0	0	0	0	0	38	0	0
TCGA-BR-8678-01	38	0	72	5	21	0	0	0	0	0	0	0	0
TCGA-BR-8679-01	65	0	96	0	0	0	39	0	0	0	0	0	0
TCGA-BR-8680-01	127	0	398	1350	4022	0	1915	0	0	0	0	0	0
TCGA-BR-8682-01	56	0	13	0	15	0	0	0	0	0	0	0	0
TCGA-BR-8683-01	64	0	31	0	0	0	0	0	0	0	92	0	0
TCGA-BR-8686-01	48	0	0	0	0	0	0	0	0	0	90	0	0
TCGA-BR-8687-01	23	0	10	0	0	0	0	51	75	0	74	0	0
TCGA-BR-8690-01	60	0	53	0	0	0	0	0	0	0	80	0	0
TCGA-BR-A44T-01	0	0	2	0	5	0	5	0	0	0	0	0	11
TCGA-BR-A44U-01	64	0	37	0	0	0	0	0	10	0	0	0	0
TCGA-BR-A452-01	21	7	11	0	0	15	0	6	27	0	44	0	0
TCGA-BR-A453-01	10	0	26	0	0	0	32	0	0	0	0	0	18
TCGA-BR-A4CQ-01	42	0	59	0	0	0	0	0	0	0	71	0	52
TCGA-BR-A4CR-01	27	0	10	0	0	0	0	0	0	0	48	0	0
TCGA-BR-A4CS-01	63	0	29	0	0	0	0	0	0	0	102	0	0
TCGA-BR-A4IU-01	3	0	2	0	7	0	6	0	0	0	0	0	10
TCGA-BR-A4IV-01	2	0	0	0	0	0	11	0	0	0	27	0	0
TCGA-BR-A4IY-01	63	0	48	0	0	0	0	0	0	0	76	0	0
TCGA-BR-A4IZ-01	14	0	2	0	4	0	0	0	0	0	0	0	0
TCGA-BR-A4J1-01	34	0	53	0	0	0	0	0	0	0	0	0	0
TCGA-BR-A4J2-01	45	0	25	0	0	0	0	0	0	0	0	0	0
TCGA-BR-A4J4-01	26	0	29	0	0	0	0	0	0	0	0	0	46
TCGA-BR-A4J5-01	56	0	23	0	0	0	0	0	0	0	36	0	0
TCGA-BR-A4J6-01	4	0	9	0	0	0	0	0	0	0	26	0	0
TCGA-BR-A4J7-01	23	0	21	0	0	0	24	0	0	0	0	0	0
TCGA-BR-A4J8-01	59	11	45	0	0	0	0	0	0	0	0	0	0
TCGA-BR-A4J9-01	19	0	29	0	0	0	0	0	0	0	0	0	0
TCGA-BR-A4PD-01	19	0	18	0	0	0	0	37	46	0	73	0	0
TCGA-BR-A4PE-01	79	0	0	0	0	0	40	10	20	0	106	0	0
TCGA-BR-A4PF-01	12	0	47	0	0	0	32	0	0	0	0	0	28
TCGA-BR-A4QI-01	41	0	2	0	0	0	0	15	8	0	84	0	0
TCGA-BR-A4QL-01	807	0	542	0	0	0	603	0	0	0	0	0	0
TCGA-BR-A4QM-01	29	0	33	0	11	0	27	15	8	0	0	0	0
TCGA-CD-5798-01	30	0	48	0	15	0	27	0	0	0	0	0	0
TCGA-CD-5799-01	10	0	13	0	0	0	20	0	0	0	0	0	14
TCGA-CD-5800-01	33	30	52	0	0	0	49	0	0	0	0	0	39
TCGA-CD-5801-01	60	0	127	0	0	0	0	52	115	0	191	0	0
TCGA-CD-5802-01	20	11	7	0	0	0	0	0	0	0	26	0	0
TCGA-CD-5803-01	14	0	6	0	0	0	0	0	0	0	25	0	0
TCGA-CD-5804-01	12	0	21	0	0	0	20	0	0	0	0	0	36
TCGA-CD-5813-01	62	0	161	0	0	0	0	0	0	0	0	0	0
TCGA-CD-8524-01	46	0	58	0	0	0	39	0	0	0	0	0	47
TCGA-CD-8525-01	21	7	41	0	14	16	0	0	0	0	0	0	0
TCGA-CD-8526-01	1	0	8	0	0	0	24	0	0	0	0	0	24
TCGA-CD-8527-01	46	0	81	0	0	0	91	0	0	0	0	0	90
TCGA-CD-8528-01	73	0	62	0	0	0	0	0	0	0	0	0	0
TCGA-CD-8529-01	54	18	97	0	0	57	0	0	0	0	279	0	0
TCGA-CD-8530-01	32	0	56	0	0	0	0	0	27	0	0	0	0
TCGA-CD-8531-01	55	0	214	0	0	0	56	0	0	0	0	0	0
TCGA-CD-8532-01	18	5	27	0	0	0	0	0	0	0	0	0	0
TCGA-CD-8533-01	83	0	72	0	0	0	0	0	0	0	0	0	0
TCGA-CD-8534-01	23	10	25	0	0	0	14	0	0	0	0	0	0
TCGA-CD-8535-01	11	0	0	0	0	0	33	48	55	0	136	0	51
TCGA-CD-8536-01	224	0	147	0	0	0	362	0	0	0	0	0	230
TCGA-CD-A486-01	32	0	15	0	0	0	26	0	0	0	39	0	0
TCGA-CD-A487-01	6	14	55	0	0	7	25	13	44	0	0	0	51
TCGA-CD-A489-01	21	0	33	0	0	0	0	0	0	0	42	0	0
TCGA-CD-A48A-01	64	0	32	0	25	0	0	31	53	0	86	0	0
TCGA-CD-A48C-01	64	0	58	0	0	0	0	23	52	0	75	0	0
TCGA-CD-A4MG-01	321	0	262	0	0	0	1207	0	0	0	0	376	432
TCGA-CD-A4MH-01	26	0	53	0	0	0	20	0	0	0	0	0	0
TCGA-CD-A4MI-01	173	0	328	0	0	0	410	0	0	0	0	0	200
TCGA-CD-A4MJ-01	232	0	167	0	0	0	241	0	0	0	0	80	0
TCGA-CG-4300-01	58	0	91	0	0	0	0	0	14	0	0	0	0
TCGA-CG-4301-01	16	0	18	0	0	8	0	0	0	0	22	0	0
TCGA-CG-4304-01	22	8	46	0	0	7	0	0	0	0	0	0	0
TCGA-CG-4305-01	192	0	186	0	0	0	462	0	0	0	0	153	318
TCGA-CG-4306-01	382	0	228	0	0	0	320	0	0	0	0	0	262
TCGA-CG-4436-01	73	0	74	0	0	0	0	18	55	0	0	0	0
TCGA-CG-4437-01	52	0	195	0	0	0	63	0	0	0	251	0	88
TCGA-CG-4438-01	15	9	62	0	0	18	20	0	0	0	0	0	47
TCGA-CG-4440-01	19	11	42	0	22	11	35	0	13	0	0	0	0
TCGA-CG-4441-01	24	0	29	0	15	0	15	0	18	0	0	0	34
TCGA-CG-4442-01	210	0	143	0	0	0	508	0	0	231	0	181	307
TCGA-CG-4443-01	16	0	25	0	0	0	0	0	0	0	76	0	0
TCGA-CG-4444-01	41	0	0	0	0	0	0	25	74	0	90	0	0
TCGA-CG-4449-01	11	4	45	0	13	11	27	0	0	0	0	0	0
TCGA-CG-4455-01	4	0	9	0	0	0	0	0	0	0	33	0	8
TCGA-CG-4460-01	1171	0	408	0	0	0	622	0	0	0	0	0	0
TCGA-CG-4462-01	50	0	28	0	9	0	0	0	10	0	0	0	0
TCGA-CG-4465-01	40	0	110	0	0	0	304	0	0	0	0	85	148
TCGA-CG-4466-01	52	0	22	0	0	0	0	11	75	0	88	0	0
TCGA-CG-4469-01	86	0	161	0	0	0	0	27	111	0	0	0	0
TCGA-CG-4474-01	48	0	41	0	0	0	18	0	0	0	0	0	0
TCGA-CG-4475-01	18	0	55	0	0	0	0	0	0	0	0	0	0
TCGA-CG-4476-01	36	0	22	0	0	0	0	0	0	0	88	0	0
TCGA-CG-4477-01	21	0	0	0	0	0	0	0	0	0	50	0	0
TCGA-CG-5716-01	11	0	8	0	5	0	0	0	0	0	0	0	0
TCGA-CG-5717-01	13	0	20	0	0	26	0	0	0	0	86	19	0
TCGA-CG-5718-01	10	0	8	0	0	0	15	0	0	0	48	0	26
TCGA-CG-5719-01	25	8	24	0	0	6	0	0	0	0	0	0	27
TCGA-CG-5720-01	32	0	71	0	0	0	0	0	0	0	0	0	0
TCGA-CG-5721-01	850	0	1123	0	0	0	583	0	0	2408	0	0	0
TCGA-CG-5722-01	42	0	62	0	0	0	0	0	0	0	0	0	0
TCGA-CG-5723-01	518	0	354	0	0	0	804	0	0	0	0	197	0
TCGA-CG-5724-01	46	0	37	0	0	0	0	7	20	0	33	0	0
TCGA-CG-5725-01	3	0	11	0	9	0	11	0	0	0	0	0	16
TCGA-CG-5726-01	337	0	406	0	0	0	685	0	0	0	0	0	0
TCGA-CG-5727-01	72	0	0	0	28	0	0	0	0	0	103	0	0
TCGA-CG-5728-01	534	0	320	0	0	0	480	0	0	0	0	201	0
TCGA-CG-5730-01	73	21	14	0	0	0	0	0	0	0	94	0	0
TCGA-CG-5732-01	23	0	19	0	0	0	0	0	0	0	37	0	0
TCGA-CG-5733-01	173	0	191	0	0	0	403	0	0	0	0	146	280
TCGA-CG-5734-01	32	0	58	0	0	0	22	0	0	0	0	0	0
TCGA-D7-5577-01	38	0	26	0	0	0	0	0	0	0	80	0	0
TCGA-D7-5578-01	36	0	71	0	0	0	48	0	48	0	0	0	90
TCGA-D7-5579-01	27	0	34	0	20	0	0	17	20	0	56	0	0
TCGA-D7-6518-01	31	0	10	0	0	0	21	0	0	0	42	0	0
TCGA-D7-6519-01	18	0	0	0	0	0	0	0	0	0	49	0	0
TCGA-D7-6520-01	11	3	21	0	0	8	13	0	0	0	0	0	20
TCGA-D7-6521-01	28	11	15	0	19	0	15	0	0	0	0	0	0
TCGA-D7-6522-01	31	0	11	0	0	0	0	0	0	0	24	0	0
TCGA-D7-6524-01	59	0	47	0	18	0	0	0	0	0	0	0	0
TCGA-D7-6525-01	43	0	17	0	0	0	0	21	28	0	92	0	0
TCGA-D7-6526-01	18	0	25	0	0	0	22	24	32	0	95	0	52
TCGA-D7-6527-01	50	0	21	0	0	0	0	35	80	0	81	0	0
TCGA-D7-6528-01	48	0	225	0	0	0	0	35	114	0	0	0	0
TCGA-D7-6815-01	8	0	26	0	0	0	51	0	0	0	0	0	86
TCGA-D7-6817-01	6	0	30	0	0	0	28	0	0	0	0	0	41
TCGA-D7-6818-01	19	0	46	0	0	0	23	37	67	0	0	0	0
TCGA-D7-6820-01	30	0	10	0	0	0	0	0	0	0	81	0	0
TCGA-D7-6822-01	45	0	51	0	0	0	0	41	82	0	88	0	0
TCGA-D7-8570-01	16	0	59	0	0	0	26	0	0	0	0	0	53
TCGA-D7-8572-01	47	0	32	0	18	0	0	0	0	0	125	0	0
TCGA-D7-8573-01	38	0	67	0	0	0	0	0	0	0	0	0	0
TCGA-D7-8574-01	25	0	24	0	0	0	0	0	0	0	0	0	0
TCGA-D7-8575-01	20	0	16	0	0	0	0	0	0	0	21	0	0
TCGA-D7-8576-01	12	0	17	0	0	0	20	0	0	0	0	0	22
TCGA-D7-8578-01	6	0	7	0	0	0	23	0	0	0	0	0	31
TCGA-D7-8579-01	38	0	28	0	0	0	24	17	36	0	0	0	0
TCGA-D7-A4YT-01	50	0	98	0	0	0	0	0	0	0	216	0	0
TCGA-D7-A4YU-01	85	0	57	0	0	0	0	17	42	0	84	0	0
TCGA-D7-A4YV-01	399	0	234	0	0	0	367	0	0	0	0	0	0
TCGA-D7-A4YX-01	36	0	29	0	0	0	0	0	0	0	0	0	35
TCGA-D7-A4YY-01	84	0	130	0	0	0	195	0	40	0	0	0	101
TCGA-D7-A4Z0-01	42	0	36	0	0	0	0	93	195	0	0	0	0
TCGA-D7-A6ET-01	11	0	3	0	0	0	0	0	0	0	20	0	0
TCGA-D7-A6EV-01	85	0	119	0	0	0	0	0	0	0	0	0	0
TCGA-D7-A6EX-01	6	0	47	0	21	0	34	0	0	0	0	0	45
TCGA-D7-A6EY-01	413	0	316	0	0	0	513	0	0	0	0	319	0
TCGA-D7-A6EZ-01	44	0	229	0	0	41	0	0	0	0	0	0	0
TCGA-D7-A6F0-01	0	12	34	0	0	8	52	0	0	0	0	0	51
TCGA-D7-A6F2-01	39	0	18	0	0	0	0	0	0	0	33	0	0
TCGA-D7-A747-01	22	0	0	0	0	0	0	11	40	0	53	0	0
TCGA-D7-A748-01	2	0	8	0	0	0	18	0	0	0	0	0	23
TCGA-D7-A74A-01	31	22	34	0	0	53	0	0	0	0	0	0	55
TCGA-D7-A74B-01	13	0	9	0	0	0	0	6	0	0	14	0	0
TCGA-EQ-5647-01	33	17	4	0	0	0	0	0	0	0	56	0	0
TCGA-EQ-8122-01	29	0	15	0	0	0	39	0	0	0	99	0	46
TCGA-EQ-A4SO-01	0	0	112	0	0	32	26	0	0	0	0	0	35
TCGA-F1-6177-01	295	0	162	0	0	0	496	0	0	0	0	0	442
TCGA-F1-6874-01	169	0	232	0	0	0	321	0	0	0	0	0	269
TCGA-F1-6875-01	31	0	53	0	0	0	0	0	0	0	0	0	31
TCGA-F1-A448-01	249	0	72	0	0	0	229	0	0	0	0	118	0
TCGA-F1-A72C-01	11	0	12	0	0	0	17	0	0	0	0	0	21
TCGA-FP-7735-01	25	14	0	0	0	0	0	0	0	0	32	0	0
TCGA-FP-7829-01	44	0	103	22	0	0	63	0	0	0	0	0	74
TCGA-FP-7916-01	28	0	21	0	0	0	39	0	0	0	0	0	37
TCGA-FP-7998-01	28	0	11	0	0	0	0	0	0	0	42	0	0
TCGA-FP-8099-01	57	0	54	0	31	0	31	0	0	0	0	0	0
TCGA-FP-8209-01	0	0	0	0	0	0	1	0	0	0	0	0	0
TCGA-FP-8210-01	0	0	2	0	0	0	0	0	0	0	0	3	0
TCGA-FP-8211-01	9	0	28	0	0	0	0	0	0	0	79	0	0
TCGA-FP-8631-01	9	0	94	0	0	0	0	0	0	0	0	0	17
TCGA-FP-A4BE-01	750	0	432	0	0	0	459	0	0	0	0	0	0
TCGA-FP-A4BF-01	39	0	48	0	0	0	35	0	0	0	0	0	0
TCGA-FP-A8CX-01	37	0	77	0	0	0	0	0	0	0	0	0	0
TCGA-FP-A9TM-01	83	0	34	0	0	0	0	0	0	0	91	0	0
TCGA-HF-7131-01	15	21	3	0	0	14	0	8	15	0	39	0	0
TCGA-HF-7132-01	484	0	359	0	0	0	537	0	0	0	0	0	0
TCGA-HF-7133-01	33	0	0	0	0	0	0	0	0	0	56	0	0
TCGA-HF-7134-01	96	0	23	0	0	0	0	27	64	0	145	0	0
TCGA-HF-7136-01	26	0	38	0	0	0	32	0	0	0	0	0	0
TCGA-HF-A5NB-01	490	0	265	0	0	0	561	0	0	0	0	240	0
TCGA-HJ-7597-01	415	0	258	0	0	0	203	0	0	0	0	0	0
TCGA-HU-8238-01	10	0	46	0	0	0	37	11	31	0	0	0	67
TCGA-HU-8243-01	46	0	48	0	0	0	25	0	0	0	0	0	42
TCGA-HU-8244-01	77	0	43	0	0	0	0	0	0	0	0	0	45
TCGA-HU-8245-01	22	0	25	0	0	0	20	0	0	0	0	10	0
TCGA-HU-8249-01	36	0	51	0	0	0	43	0	0	0	0	0	45
TCGA-HU-8602-01	718	0	234	0	0	0	521	0	0	0	0	288	0
TCGA-HU-8604-01	42	0	80	0	0	0	53	0	25	0	0	0	58
TCGA-HU-8608-01	21	0	64	0	0	0	20	0	0	0	0	0	0
TCGA-HU-8610-01	17	0	18	0	13	0	21	0	0	0	0	0	0
TCGA-HU-A4G2-01	20	0	34	0	9	0	0	0	0	0	0	0	0
TCGA-HU-A4G3-01	50	0	42	0	0	0	0	0	0	0	34	0	0
TCGA-HU-A4G6-01	11	0	26	0	0	0	22	0	0	0	0	0	37
TCGA-HU-A4G8-01	609	0	347	0	0	0	480	0	0	0	0	185	0
TCGA-HU-A4G9-01	333	0	144	0	0	0	229	0	0	0	0	145	0
TCGA-HU-A4GC-01	72	0	61	0	0	0	37	0	0	0	0	0	0
TCGA-HU-A4GD-01	40	14	53	0	0	0	0	0	0	0	0	0	0
TCGA-HU-A4GF-01	32	0	83	0	0	0	40	0	14	0	0	0	0
TCGA-HU-A4GH-01	35	0	159	0	0	0	0	221	544	0	0	0	0
TCGA-HU-A4GJ-01	0	0	0	0	0	0	0	0	0	0	0	0	6
TCGA-HU-A4GN-01	418	0	419	0	0	0	462	0	0	0	0	0	0
TCGA-HU-A4GP-01	72	0	139	0	0	0	52	0	0	0	0	0	0
TCGA-HU-A4GQ-01	506	0	227	0	0	0	685	0	0	0	0	0	612
TCGA-HU-A4GT-01	428	0	254	0	0	0	495	0	0	0	0	309	0
TCGA-HU-A4GU-01	104	0	0	0	0	0	1622	0	0	0	0	0	0
TCGA-HU-A4GX-01	541	0	401	0	0	0	387	0	0	0	0	0	0
TCGA-HU-A4GY-01	40	0	6	0	0	0	0	0	0	0	33	0	0
TCGA-HU-A4H0-01	69	0	147	0	0	0	0	0	0	0	0	0	0
TCGA-HU-A4H2-01	75	0	61	0	0	0	0	11	17	0	64	0	0
TCGA-HU-A4H3-01	161	0	240	0	0	0	358	0	0	0	0	0	224
TCGA-HU-A4H4-01	128	0	209	0	0	0	184	0	0	149	0	97	0
TCGA-HU-A4H5-01	23	0	82	0	0	0	0	0	0	0	173	0	50
TCGA-HU-A4H6-01	73	0	75	0	0	0	0	0	0	0	0	0	0
TCGA-HU-A4H8-01	543	0	244	0	0	0	501	0	0	0	0	0	0
TCGA-HU-A4HB-01	0	0	5	0	0	0	0	0	0	0	0	0	8
TCGA-HU-A4HD-01	54	0	42	0	0	0	0	0	0	0	130	0	0
TCGA-IN-7806-01	34	9	46	0	0	0	0	0	0	0	0	0	0
TCGA-IN-7808-01	45	0	61	0	0	0	25	0	0	0	0	0	0
TCGA-IN-8462-01	12	0	43	0	0	0	39	0	0	0	0	0	49
TCGA-IN-8663-01	52	0	50	0	0	0	0	20	42	0	64	0	0
TCGA-IN-A6RI-01	13	0	39	0	0	0	16	14	24	0	0	0	24
TCGA-IN-A6RJ-01	38	0	77	0	0	0	0	22	30	0	0	0	0
TCGA-IN-A6RL-01	35	0	0	66	0	0	41	20	36	0	302	64	0
TCGA-IN-A6RN-01	30	0	125	0	0	0	0	0	0	0	0	0	0
TCGA-IN-A6RO-01	79	0	81	0	0	0	0	0	0	0	202	0	0
TCGA-IN-A6RP-01	67	20	62	0	0	15	38	0	0	0	0	0	0
TCGA-IN-A6RR-01	50	0	35	0	0	0	0	13	19	0	80	0	0
TCGA-IN-A6RS-01	40	0	10	0	0	0	30	0	0	0	52	0	0
TCGA-IN-A7NR-01	28	0	50	0	0	0	0	7	28	0	0	0	0
TCGA-IN-A7NT-01	23	8	31	0	0	9	31	18	16	0	0	0	0
TCGA-IN-A7NU-01	36	0	20	0	0	0	0	9	13	0	39	0	0
TCGA-IN-AB1V-01	23	0	52	0	0	0	0	0	0	0	0	0	0
TCGA-IN-AB1X-01	35	0	20	0	0	0	0	7	14	0	65	0	0
TCGA-IP-7968-01	37	0	26	0	0	0	25	0	0	0	0	0	45
TCGA-KB-A6F5-01	12	0	30	0	0	0	16	0	0	0	0	0	25
TCGA-KB-A6F7-01	12	0	0	0	0	0	20	0	0	0	70	0	22
TCGA-KB-A93G-01	8	0	0	0	0	0	19	0	0	0	62	0	38
TCGA-KB-A93H-01	25	0	88	0	0	0	64	14	25	0	0	0	68
TCGA-KB-A93J-01	13	0	25	0	0	0	17	0	0	0	0	0	0
TCGA-MX-A5UG-01	15	0	15	0	10	0	16	0	0	0	0	0	0
TCGA-MX-A5UJ-01	359	0	168	0	0	0	575	0	0	0	0	0	432
TCGA-MX-A663-01	16	0	0	0	11	0	24	0	0	0	55	0	0
TCGA-MX-A666-01	30	0	11	0	0	0	0	0	0	0	100	0	0
TCGA-R5-A7O7-01	23	0	60	0	0	0	29	0	0	0	0	0	39
TCGA-R5-A7ZE-01	52	0	34	0	0	0	0	13	23	0	79	0	0
TCGA-R5-A7ZF-01	12	0	21	0	0	0	24	0	0	0	0	0	28
TCGA-R5-A7ZI-01	297	0	157	0	0	0	346	0	0	0	0	132	0
TCGA-R5-A7ZR-01	11	0	22	0	9	0	16	0	0	0	0	0	32
TCGA-R5-A804-01	39	0	0	0	0	0	0	0	0	0	54	0	0
TCGA-R5-A805-01	37	0	34	0	0	0	0	20	67	0	0	0	0
TCGA-RD-A7BS-01	8	0	22	0	0	0	14	0	0	0	0	0	27
TCGA-RD-A7BT-01	26	0	36	0	0	0	0	28	111	0	82	0	0
TCGA-RD-A7BW-01	34	0	20	0	0	0	0	0	0	0	36	0	0
TCGA-RD-A7C1-01	112	0	111	0	0	0	0	17	29	0	0	0	68
TCGA-RD-A8MV-01	17	0	22	0	16	0	30	0	0	0	0	0	0
TCGA-RD-A8MW-01	21	0	15	0	0	0	0	0	0	0	57	0	0
TCGA-RD-A8N0-01	0	0	0	0	0	0	2	0	0	0	0	0	0
TCGA-RD-A8N1-01	0	0	35	0	0	13	0	13	0	0	48	0	21
TCGA-RD-A8N2-01	0	0	0	0	0	0	2	0	0	0	0	0	0
TCGA-RD-A8N4-01	0	2	1	0	0	1	5	0	0	0	0	0	0
TCGA-RD-A8N5-01	17	0	20	0	6	0	0	0	0	0	0	0	0
TCGA-RD-A8N6-01	82	0	111	0	0	0	0	0	0	0	0	0	0
TCGA-RD-A8N9-01	61	0	47	0	0	0	0	0	0	0	49	0	0
TCGA-RD-A8NB-01	102	0	171	0	0	0	255	0	0	0	0	0	205
TCGA-SW-A7EA-01	70	0	192	0	0	0	237	0	0	0	0	0	188
TCGA-SW-A7EB-01	37	0	39	0	0	25	0	0	0	0	77	0	0
TCGA-VQ-A8DL-01	11	0	12	0	0	0	21	0	0	0	24	0	0
TCGA-VQ-A8DT-01	64	0	44	0	0	0	0	15	34	0	74	0	0
TCGA-VQ-A8DU-01	49	0	25	0	0	0	0	17	42	0	41	0	0
TCGA-VQ-A8DV-01	15	0	34	0	0	0	0	0	0	0	0	0	28
TCGA-VQ-A8DZ-01	21	0	42	0	0	0	0	0	0	0	44	0	0
TCGA-VQ-A8E0-01	27	0	18	0	0	0	0	0	0	0	78	0	0
TCGA-VQ-A8E2-01	18	0	53	0	0	0	30	0	16	0	0	0	30
TCGA-VQ-A8E3-01	247	0	178	0	0	0	225	0	0	0	0	149	0
TCGA-VQ-A8E7-01	60	0	42	0	0	0	38	0	0	0	0	0	0
TCGA-VQ-A8P2-01	871	0	1972	0	0	0	3745	0	0	0	0	0	2347
TCGA-VQ-A8P3-01	48	0	49	0	0	0	0	86	178	0	0	0	0
TCGA-VQ-A8P5-01	60	20	44	0	0	13	70	0	55	0	0	0	0
TCGA-VQ-A8P8-01	72	0	6	0	0	0	0	0	0	0	52	0	0
TCGA-VQ-A8PB-01	182	0	161	0	0	0	275	0	0	0	0	0	271
TCGA-VQ-A8PC-01	6	0	53	0	0	0	25	14	32	0	0	0	30
TCGA-VQ-A8PD-01	47	0	14	0	0	0	27	11	5	0	0	0	0
TCGA-VQ-A8PE-01	52	0	15	0	0	0	0	0	0	0	86	0	0
TCGA-VQ-A8PF-01	42	0	16	0	12	0	0	8	16	0	41	0	0
TCGA-VQ-A8PH-01	0	0	170	0	0	0	0	0	0	0	0	0	71
TCGA-VQ-A8PJ-01	20	0	26	0	0	0	12	24	43	0	61	0	0
TCGA-VQ-A8PK-01	9	0	0	0	11	0	0	10	32	0	54	0	0
TCGA-VQ-A8PM-01	12	0	21	0	0	0	12	9	12	0	0	0	0
TCGA-VQ-A8PO-01	116	0	163	0	0	0	275	0	0	0	0	209	139
TCGA-VQ-A8PP-01	194	0	101	0	0	0	638	0	0	0	0	283	352
TCGA-VQ-A8PQ-01	8	0	9	0	0	0	0	0	0	0	0	0	0
TCGA-VQ-A8PS-01	17	0	0	0	0	0	0	0	0	0	42	0	0
TCGA-VQ-A8PT-01	200	0	297	0	0	0	665	0	0	0	0	0	271
TCGA-VQ-A8PU-01	28	0	43	0	0	0	0	0	0	0	85	0	0
TCGA-VQ-A8PX-01	125	0	43	0	0	0	237	0	0	119	0	166	0
TCGA-VQ-A8PY-01	0	0	45	0	0	0	34	0	0	0	0	0	35
TCGA-VQ-A8PZ-01	62	0	45	0	0	0	0	0	0	0	0	0	0
TCGA-VQ-A91A-01	61	0	28	0	0	0	0	0	0	0	68	0	0
TCGA-VQ-A91D-01	917	0	627	0	0	0	1077	0	0	0	0	0	0
TCGA-VQ-A91E-01	222	0	224	0	0	0	222	0	0	0	0	192	0
TCGA-VQ-A91K-01	337	0	325	0	0	0	445	0	0	0	0	0	362
TCGA-VQ-A91N-01	38	0	81	0	0	0	36	0	0	0	0	0	0
TCGA-VQ-A91Q-01	30	0	0	0	0	0	0	0	0	0	107	0	0
TCGA-VQ-A91S-01	26	32	121	0	0	37	0	14	82	0	0	0	0
TCGA-VQ-A91U-01	87	0	102	0	0	0	0	0	0	0	0	0	0
TCGA-VQ-A91V-01	26	0	67	0	0	0	28	28	149	0	0	0	0
TCGA-VQ-A91W-01	6	0	14	0	0	0	9	0	0	0	0	0	20
TCGA-VQ-A91X-01	33	0	87	0	0	0	45	30	60	0	0	0	0
TCGA-VQ-A91Y-01	10	0	13	0	0	0	13	0	0	0	0	0	20
TCGA-VQ-A91Z-01	49	0	31	0	0	0	0	0	0	0	91	0	0
TCGA-VQ-A922-01	32	0	60	0	0	0	0	0	29	0	86	0	0
TCGA-VQ-A923-01	52	0	0	0	15	0	0	0	0	0	60	0	0
TCGA-VQ-A924-01	199	0	386	0	0	0	411	0	0	0	0	0	327
TCGA-VQ-A925-01	10	14	30	0	0	6	0	9	18	0	47	0	21
TCGA-VQ-A927-01	16	0	41	0	0	0	0	0	10	0	0	0	0
TCGA-VQ-A928-01	1	0	0	0	0	0	16	0	0	0	41	0	18
TCGA-VQ-A92D-01	41	0	22	0	0	0	0	0	0	0	100	0	0
TCGA-VQ-A94O-01	18	0	0	0	0	0	0	0	0	0	33	0	28
TCGA-VQ-A94P-01	10	0	16	0	0	0	0	18	38	0	0	0	18
TCGA-VQ-A94R-01	39	28	80	0	0	0	39	0	35	0	84	0	67
TCGA-VQ-A94T-01	29	0	0	0	0	0	20	0	0	0	51	0	0
TCGA-VQ-A94U-01	67	0	0	0	0	0	0	11	15	0	100	0	0
TCGA-VQ-AA64-01	26	0	43	0	0	54	0	0	0	0	186	0	0
TCGA-VQ-AA68-01	47	0	22	0	0	0	0	35	40	0	64	0	0
TCGA-VQ-AA69-01	34	0	28	0	0	0	19	0	0	0	0	0	0
TCGA-VQ-AA6A-01	41	0	64	0	0	0	0	0	17	0	0	0	0
TCGA-VQ-AA6B-01	29	0	15	0	0	0	26	0	0	0	30	0	0
TCGA-VQ-AA6D-01	39	0	152	0	0	0	719	0	0	0	0	0	0
TCGA-VQ-AA6F-01	7	0	25	3	8	0	19	0	0	0	0	0	0
TCGA-VQ-AA6G-01	73	0	76	0	0	0	0	0	17	0	0	0	0
TCGA-VQ-AA6I-01	30	0	52	0	0	0	44	0	0	0	0	0	0
TCGA-VQ-AA6J-01	49	0	0	0	0	0	0	15	44	0	68	0	0
TCGA-VQ-AA6K-01	35	0	0	0	0	0	0	0	0	0	57	0	0
TCGA-ZA-A8F6-01	18	5	28	0	0	7	0	0	0	0	0	0	0
TCGA-ZQ-A9CR-01	34	0	93	0	0	0	0	0	17	0	0	0	0
