MutationType	SBS96A	SBS96B	SBS96C	SBS96D	SBS96E	SBS96F	SBS96G	SBS96H	SBS96I	SBS96J	SBS96K	SBS96L
A[C>A]A	1.60E-05	3.02E-04	1.66E-03	2.46E-04	2.79E-03	3.54E-05	1.19E-03	4.97E-05	1.22E-03	6.80E-05	2.44E-05	8.34E-05
A[C>A]C	7.55E-06	1.03E-03	1.41E-03	2.00E-04	2.52E-03	7.53E-05	1.05E-03	1.54E-04	1.18E-03	5.98E-05	5.99E-05	7.73E-05
A[C>A]G	3.58E-06	1.58E-04	1.34E-03	1.44E-05	2.05E-03	7.02E-06	4.70E-05	9.74E-06	3.50E-04	1.15E-05	1.58E-05	2.70E-05
A[C>A]T	1.28E-05	3.32E-04	8.55E-04	1.56E-04	1.33E-03	1.69E-04	6.69E-04	2.37E-04	5.96E-04	1.32E-05	4.39E-05	1.08E-04
A[C>G]A	5.52E-06	1.55E-04	2.63E-04	1.03E-05	5.18E-04	3.49E-05	3.10E-04	1.40E-47	8.06E-04	8.52E-05	4.25E-05	4.95E-06
A[C>G]C	2.08E-05	1.33E-04	2.22E-04	1.09E-04	3.79E-04	3.33E-05	3.34E-04	1.97E-05	6.71E-04	6.34E-05	6.83E-05	4.98E-05
A[C>G]G	3.86E-05	1.44E-04	1.21E-04	1.00E-04	4.44E-04	6.59E-06	2.46E-04	3.71E-05	5.32E-04	4.58E-05	7.49E-06	2.13E-05
A[C>G]T	1.71E-05	5.23E-05	1.91E-04	1.29E-04	3.16E-04	4.76E-05	2.51E-04	1.24E-05	7.24E-04	9.76E-05	7.00E-05	5.06E-05
A[C>T]A	2.47E-05	4.94E-04	6.80E-04	6.14E-04	1.46E-03	6.55E-04	1.27E-03	3.64E-04	8.07E-04	1.70E-04	2.80E-04	1.75E-04
A[C>T]C	1.35E-03	2.59E-03	2.88E-04	2.68E-03	4.07E-03	3.11E-04	3.81E-03	7.18E-04	9.11E-04	1.62E-05	2.98E-04	9.72E-05
A[C>T]G	5.49E-06	8.00E-04	1.53E-04	4.13E-04	1.60E-03	8.08E-03	1.43E-02	5.02E-04	2.53E-03	2.61E-04	5.93E-04	2.43E-04
A[C>T]T	3.19E-04	1.10E-03	3.08E-04	1.23E-03	1.81E-03	2.70E-04	1.69E-03	6.51E-04	8.29E-04	4.93E-05	2.18E-04	1.31E-04
A[T>A]A	7.95E-05	5.68E-04	1.97E-04	7.92E-04	1.04E-03	1.56E-05	7.07E-04	1.61E-04	4.26E-04	1.92E-05	1.81E-04	2.46E-05
A[T>A]C	4.77E-05	3.32E-04	1.52E-04	7.20E-04	1.02E-03	1.58E-04	1.12E-03	3.82E-04	5.17E-04	4.62E-05	3.71E-04	6.59E-05
A[T>A]G	7.43E-05	6.56E-04	4.14E-04	5.74E-04	1.40E-03	1.53E-05	8.32E-04	2.40E-04	7.49E-04	4.76E-05	6.88E-05	4.70E-05
A[T>A]T	2.55E-04	7.89E-04	9.60E-05	1.35E-03	1.85E-03	9.76E-05	1.32E-03	3.07E-04	4.49E-04	4.26E-06	2.51E-04	1.38E-04
A[T>C]A	1.84E-05	4.11E-04	2.43E-04	5.17E-04	1.72E-03	2.62E-04	9.45E-04	5.47E-04	1.03E-03	3.29E-05	3.29E-04	3.21E-05
A[T>C]C	2.39E-05	3.04E-04	3.92E-05	3.76E-04	5.19E-04	3.28E-04	5.34E-04	5.21E-04	4.18E-04	4.15E-05	2.72E-04	1.50E-04
A[T>C]G	3.08E-05	4.59E-04	4.24E-04	5.05E-04	2.40E-03	3.36E-04	1.78E-03	2.43E-04	1.08E-03	2.74E-05	1.26E-03	5.02E-05
A[T>C]T	7.97E-05	1.17E-03	1.25E-05	1.48E-03	2.31E-03	1.53E-04	2.09E-03	8.70E-04	1.49E-03	5.80E-05	3.28E-04	1.21E-04
A[T>G]A	2.59E-05	2.19E-04	2.26E-05	4.53E-04	5.89E-04	1.59E-05	5.19E-04	1.56E-04	2.95E-04	1.82E-05	2.94E-05	9.61E-05
A[T>G]C	3.09E-05	1.32E-04	1.11E-05	2.81E-04	3.03E-04	1.41E-04	3.70E-04	2.16E-04	2.13E-04	2.01E-05	6.05E-05	1.19E-04
A[T>G]G	1.12E-04	3.04E-04	8.04E-05	7.97E-04	1.17E-03	5.87E-05	8.28E-04	1.61E-04	5.04E-04	1.09E-05	5.83E-05	9.05E-05
A[T>G]T	2.26E-05	5.44E-04	3.58E-05	6.84E-04	5.13E-04	6.28E-04	3.21E-04	9.43E-04	9.43E-05	4.67E-06	4.38E-05	2.75E-04
C[C>A]A	1.75E-04	4.19E-04	4.96E-03	4.51E-04	1.83E-03	2.70E-04	6.49E-04	1.59E-04	5.44E-04	3.52E-05	3.13E-04	1.09E-04
C[C>A]C	7.63E-05	3.53E-05	5.55E-03	1.23E-04	1.18E-03	9.47E-04	7.18E-04	2.56E-05	8.05E-06	1.48E-09	5.25E-04	5.33E-05
C[C>A]G	2.17E-05	7.33E-05	3.07E-03	3.22E-05	1.05E-03	3.18E-04	2.96E-04	3.73E-05	4.62E-08	6.50E-07	3.20E-04	4.16E-10
C[C>A]T	5.61E-05	1.25E-04	5.50E-03	3.70E-06	1.09E-03	2.71E-03	1.47E-03	1.62E-04	1.05E-08	5.40E-09	1.10E-03	1.40E-47
C[C>G]A	1.56E-05	1.08E-04	3.73E-04	4.44E-05	7.63E-04	0.00E+00	3.15E-04	2.02E-05	9.19E-04	1.65E-04	4.96E-06	4.82E-05
C[C>G]C	4.29E-05	9.65E-05	3.43E-04	1.25E-04	7.92E-04	3.13E-06	3.49E-04	1.53E-09	8.14E-04	5.35E-05	3.78E-06	2.08E-05
C[C>G]G	7.23E-05	3.06E-04	2.78E-04	1.61E-04	7.52E-04	6.41E-06	5.06E-04	4.94E-05	8.28E-04	2.46E-05	2.04E-05	1.72E-05
C[C>G]T	1.96E-05	3.57E-05	2.58E-04	6.17E-05	6.16E-04	4.40E-06	2.11E-04	7.35E-10	1.10E-03	1.62E-04	1.43E-05	3.46E-05
C[C>T]A	2.51E-03	5.57E-03	8.61E-04	4.45E-03	4.66E-03	1.32E-04	7.95E-03	5.44E-03	1.29E-03	4.09E-04	6.31E-05	2.89E-04
C[C>T]C	6.27E-03	1.04E-02	5.51E-04	5.38E-04	5.50E-04	2.09E-04	4.51E-04	9.34E-05	1.52E-04	2.12E-06	3.61E-04	1.14E-04
C[C>T]G	1.62E-03	2.58E-03	3.34E-04	7.42E-04	1.78E-03	7.82E-03	1.25E-02	9.10E-04	1.59E-03	2.81E-04	6.37E-04	2.61E-04
C[C>T]T	4.17E-03	8.68E-03	5.91E-04	6.09E-03	1.51E-03	1.82E-04	1.02E-02	7.41E-04	1.06E-03	2.33E-04	2.06E-04	1.90E-04
C[T>A]A	4.87E-05	4.38E-04	3.68E-04	3.29E-04	6.28E-04	4.13E-06	3.30E-04	5.16E-05	3.53E-04	2.23E-05	3.42E-05	6.80E-05
C[T>A]C	9.84E-05	5.93E-04	4.36E-04	4.46E-04	1.05E-03	7.46E-05	5.08E-04	4.81E-05	5.65E-04	2.19E-05	1.30E-04	2.99E-04
C[T>A]G	5.23E-05	1.51E-03	1.68E-03	4.06E-04	2.63E-03	7.03E-06	5.88E-04	1.73E-04	9.53E-04	1.88E-05	1.10E-04	2.33E-04
C[T>A]T	1.36E-04	4.91E-04	4.06E-04	9.12E-04	1.11E-03	5.16E-06	1.12E-03	1.80E-04	6.73E-04	7.28E-07	4.75E-05	6.36E-04
C[T>C]A	8.71E-05	4.25E-04	2.07E-04	4.20E-04	8.59E-04	4.36E-05	7.29E-04	1.67E-04	2.92E-04	1.33E-05	4.35E-04	2.40E-04
C[T>C]C	6.58E-05	3.31E-04	1.67E-04	4.79E-04	7.16E-04	1.45E-04	1.34E-03	1.71E-04	4.72E-04	2.35E-05	3.85E-04	9.63E-04
C[T>C]G	2.57E-05	4.40E-04	8.29E-04	1.60E-04	2.39E-03	4.96E-04	2.34E-03	3.02E-05	4.11E-04	7.43E-06	1.85E-03	8.18E-04
C[T>C]T	2.71E-04	1.22E-03	1.33E-04	1.28E-03	2.12E-03	9.30E-09	2.93E-03	3.98E-04	5.67E-04	2.53E-05	5.84E-04	1.81E-03
C[T>G]A	1.40E-05	1.07E-04	1.28E-05	1.22E-04	2.82E-04	7.80E-05	2.70E-04	1.41E-04	1.94E-04	7.11E-06	4.55E-05	9.02E-05
C[T>G]C	6.56E-05	2.43E-04	1.38E-05	3.20E-04	4.38E-04	1.19E-04	4.84E-04	1.20E-04	2.50E-04	2.45E-05	1.82E-04	3.52E-04
C[T>G]G	9.03E-05	2.25E-04	3.72E-04	3.09E-04	8.83E-04	1.71E-04	6.20E-04	2.26E-04	5.37E-04	1.01E-06	3.28E-04	2.67E-04
C[T>G]T	1.78E-10	1.27E-07	6.51E-11	3.31E-07	1.55E-07	2.04E-05	1.97E-05	3.03E-04	1.36E-09	2.55E-09	3.10E-07	3.09E-03
G[C>A]A	1.83E-06	3.77E-05	1.72E-03	1.74E-04	3.06E-03	1.15E-04	2.50E-03	1.72E-04	1.66E-03	4.94E-05	5.15E-06	1.60E-04
G[C>A]C	8.11E-06	4.93E-05	1.87E-03	5.56E-05	3.04E-03	2.23E-04	1.41E-03	9.54E-05	8.57E-04	4.79E-05	1.10E-04	8.82E-05
G[C>A]G	0.00E+00	4.36E-06	1.68E-03	1.58E-05	2.43E-03	8.31E-05	2.66E-04	2.74E-05	1.14E-04	2.35E-05	5.44E-05	3.24E-05
G[C>A]T	0.00E+00	2.78E-04	1.04E-03	2.30E-04	1.71E-03	7.15E-04	1.20E-03	4.39E-04	7.33E-04	4.33E-05	1.76E-04	1.17E-04
G[C>G]A	5.68E-08	4.91E-07	2.54E-04	9.46E-06	5.20E-04	3.90E-05	2.59E-04	1.12E-05	5.40E-04	6.89E-05	4.28E-05	5.55E-05
G[C>G]C	2.19E-05	3.24E-05	3.86E-04	1.27E-04	4.55E-04	7.85E-05	3.10E-04	1.23E-05	6.72E-04	5.71E-05	1.11E-04	4.23E-06
G[C>G]G	2.56E-05	1.19E-04	3.07E-04	6.52E-05	6.73E-04	8.22E-06	7.98E-05	1.37E-05	3.96E-04	3.89E-05	7.75E-06	1.03E-06
G[C>G]T	2.87E-06	2.01E-05	2.21E-04	3.02E-05	3.92E-04	3.29E-05	3.13E-04	3.55E-05	7.29E-04	9.82E-05	5.64E-05	3.31E-05
G[C>T]A	2.70E-05	3.81E-04	6.26E-04	3.93E-04	1.51E-03	1.96E-03	1.34E-03	5.26E-04	9.87E-04	2.31E-04	7.52E-04	5.70E-05
G[C>T]C	1.11E-03	1.69E-03	4.74E-04	1.61E-03	1.59E-03	3.34E-03	2.11E-03	1.23E-03	4.24E-04	1.01E-04	1.42E-03	7.19E-05
G[C>T]G	1.97E-47	1.31E-03	3.09E-04	1.47E-03	1.73E-03	1.05E-02	8.98E-03	3.44E-03	9.03E-04	1.81E-04	1.16E-03	5.08E-04
G[C>T]T	8.37E-04	1.13E-03	4.70E-04	1.23E-03	1.03E-03	1.84E-03	1.60E-03	1.46E-03	5.91E-04	1.97E-47	8.38E-04	1.52E-04
G[T>A]A	4.77E-05	2.55E-04	3.47E-04	2.09E-04	7.75E-04	1.25E-05	2.37E-04	7.45E-05	4.07E-04	1.70E-05	8.24E-05	0.00E+00
G[T>A]C	1.51E-05	1.84E-04	2.21E-04	3.63E-04	5.91E-04	1.03E-04	5.62E-04	1.29E-04	3.61E-04	3.49E-05	1.97E-04	1.08E-04
G[T>A]G	1.03E-04	6.12E-04	5.71E-04	5.77E-04	1.21E-03	2.58E-06	8.73E-04	1.44E-04	6.00E-04	1.72E-05	9.15E-05	5.89E-05
G[T>A]T	8.57E-05	5.25E-04	1.74E-04	6.79E-04	8.75E-04	4.12E-05	6.38E-04	1.47E-04	4.08E-04	8.53E-06	1.16E-04	2.06E-04
G[T>C]A	0.00E+00	4.92E-04	1.20E-04	5.93E-04	4.72E-04	6.67E-04	1.16E-05	1.03E-03	1.61E-08	7.03E-06	1.62E-03	1.09E-04
G[T>C]C	1.47E-06	9.97E-04	1.27E-05	1.30E-03	9.64E-04	1.38E-03	7.79E-05	2.15E-03	8.60E-05	1.14E-05	9.13E-04	6.34E-04
G[T>C]G	5.58E-06	2.83E-04	1.65E-04	3.45E-04	4.72E-04	4.57E-04	6.87E-04	5.86E-04	6.63E-09	1.42E-05	1.01E-03	2.01E-04
G[T>C]T	7.56E-04	1.40E-03	6.54E-06	4.03E-03	2.91E-03	6.00E-04	3.69E-03	1.09E-03	2.94E-04	0.00E+00	1.50E-03	3.96E-04
G[T>G]A	1.74E-05	1.77E-04	3.48E-05	2.46E-04	3.78E-04	6.76E-05	3.04E-04	1.41E-04	2.20E-04	1.57E-05	2.92E-05	8.12E-05
G[T>G]C	3.49E-05	1.32E-04	1.95E-05	1.98E-04	3.46E-04	1.63E-04	2.99E-04	2.59E-04	2.13E-04	7.14E-06	6.30E-05	1.29E-04
G[T>G]G	2.04E-04	5.55E-04	1.14E-04	8.14E-04	1.52E-03	7.70E-05	1.24E-03	1.43E-04	7.43E-04	5.00E-07	1.01E-04	1.38E-04
G[T>G]T	5.60E-05	8.88E-05	3.45E-05	2.23E-04	1.56E-04	9.18E-05	5.49E-04	8.22E-05	3.88E-05	0.00E+00	1.10E-04	1.10E-03
T[C>A]A	5.58E-05	7.10E-04	1.36E-03	1.14E-03	1.90E-03	8.36E-04	8.91E-04	1.20E-03	4.94E-04	1.20E-03	1.41E-07	6.51E-04
T[C>A]C	2.25E-04	7.87E-04	1.88E-03	8.15E-04	2.76E-03	2.06E-04	1.41E-03	3.21E-04	9.41E-04	5.18E-04	2.76E-47	1.08E-04
T[C>A]G	2.46E-05	2.01E-04	9.43E-04	1.13E-04	1.51E-03	4.54E-05	3.80E-04	6.53E-05	4.37E-04	2.36E-04	2.66E-05	4.51E-05
T[C>A]T	6.28E-06	4.93E-03	2.18E-03	6.80E-03	5.28E-03	6.88E-03	3.46E-04	1.06E-02	1.72E-04	5.19E-04	7.96E-05	3.94E-03
T[C>G]A	4.68E-10	3.19E-08	9.79E-05	2.37E-05	5.46E-05	1.94E-09	5.48E-03	1.58E-08	3.30E-05	5.14E-03	5.14E-09	1.71E-08
T[C>G]C	8.67E-05	2.43E-04	2.51E-04	2.02E-04	7.74E-04	9.91E-06	1.88E-03	9.33E-05	1.07E-03	1.86E-03	4.26E-05	2.80E-05
T[C>G]G	3.35E-05	1.72E-04	1.42E-04	1.47E-04	3.88E-04	5.04E-06	7.56E-04	3.84E-05	4.31E-04	6.75E-04	1.29E-06	2.34E-05
T[C>G]T	2.19E-05	2.57E-05	4.45E-05	1.54E-03	1.52E-04	2.06E-05	2.05E-05	3.14E-05	1.30E-03	7.25E-03	5.82E-05	7.32E-05
T[C>T]A	9.05E-03	4.93E-05	2.71E-04	2.57E-02	2.44E-04	1.19E-04	4.51E-04	5.05E-04	3.35E-07	1.01E-02	1.72E-04	3.23E-04
T[C>T]C	1.45E-02	6.00E-03	7.31E-04	6.09E-03	1.04E-03	1.26E-04	4.40E-04	1.45E-03	9.07E-05	1.29E-03	4.82E-05	1.25E-05
T[C>T]G	1.09E-02	6.25E-05	7.92E-06	7.65E-03	2.47E-03	3.37E-03	5.34E-03	3.28E-02	8.53E-09	6.57E-04	7.12E-05	1.45E-03
T[C>T]T	3.82E-03	3.70E-03	2.95E-04	1.08E-02	9.40E-03	1.34E-03	1.30E-02	1.95E-03	3.59E-04	4.75E-03	1.84E-05	5.48E-04
T[T>A]A	1.12E-04	6.06E-04	1.66E-04	9.00E-04	1.12E-03	3.02E-05	8.39E-04	2.01E-04	4.32E-04	1.74E-05	1.06E-04	3.32E-05
T[T>A]C	1.43E-04	7.56E-04	1.85E-04	1.02E-03	1.23E-03	3.78E-05	9.76E-04	3.39E-04	5.11E-04	1.28E-05	1.18E-04	1.31E-04
T[T>A]G	8.42E-05	4.41E-04	3.70E-04	5.09E-04	8.05E-04	1.94E-05	6.52E-04	9.19E-05	3.88E-04	1.03E-05	4.82E-05	6.99E-05
T[T>A]T	3.85E-04	9.77E-04	1.27E-04	1.76E-03	1.87E-03	3.26E-05	1.55E-03	3.57E-04	5.19E-04	7.38E-06	2.78E-05	2.50E-04
T[T>C]A	2.13E-04	5.75E-04	1.06E-04	1.29E-03	1.27E-03	1.85E-04	1.45E-03	2.81E-04	4.09E-04	1.24E-05	5.19E-04	9.92E-05
T[T>C]C	1.60E-04	7.39E-04	9.13E-06	1.07E-03	1.32E-03	3.69E-04	1.21E-03	6.33E-04	5.06E-04	2.48E-05	4.79E-04	1.88E-04
T[T>C]G	1.70E-04	6.75E-04	1.94E-04	9.94E-04	1.32E-03	1.75E-04	1.12E-03	2.28E-04	3.31E-04	2.39E-05	4.20E-04	1.92E-04
T[T>C]T	1.77E-04	8.25E-04	1.42E-05	1.30E-03	1.47E-03	3.25E-04	1.28E-03	5.47E-04	5.84E-04	1.42E-05	2.88E-04	1.67E-04
T[T>G]A	4.63E-05	2.81E-04	4.90E-06	4.63E-04	5.46E-04	1.98E-04	4.62E-04	3.08E-04	3.15E-04	1.83E-05	1.51E-06	1.72E-04
T[T>G]C	9.58E-05	5.07E-04	1.44E-05	8.60E-04	8.33E-04	5.24E-04	5.73E-04	7.48E-04	3.05E-04	2.09E-05	5.18E-05	2.82E-04
T[T>G]G	6.51E-05	2.79E-04	1.02E-04	4.38E-04	8.38E-04	9.72E-05	6.63E-04	1.72E-04	4.17E-04	2.72E-05	3.53E-05	1.22E-04
T[T>G]T	7.82E-05	1.63E-03	1.46E-05	2.45E-03	1.59E-03	2.24E-03	1.60E-04	4.12E-03	4.27E-05	9.60E-07	2.04E-10	2.01E-03
