MutationType	SBS96A	SBS96B	SBS96C	SBS96D	SBS96E	SBS96F	SBS96G	SBS96H	SBS96I	SBS96J	SBS96K	SBS96L
A[C>A]A	4.789857460366532e-05	0.0012275602525376429	0.024003188178664488	0.000770943938405253	0.028719627289176514	0.00018575616464659107	0.006589556539838668	0.0002430302531865891	0.020662778023194762	0.0011553738131403794	0.00011903135713211554	0.0011258732705755393
A[C>A]C	2.2167561983224005e-05	0.0015138145367563994	0.026609810716116157	0.0014084796515472498	0.024600108338636347	0.000794684941356536	0.006177085712603221	0.0009718895362311745	0.023869723150880873	0.0006690145567654327	0.0005579794162440936	0.0010419042733974494
A[C>A]G	1.1157131069732065e-05	0.0001852898521220636	0.019793488841569343	2.9729817720467317e-05	0.01760445357519302	1.531841642693266e-05	8.240615914794524e-05	5.1175519993513774e-05	0.0032618143333218086	4.812097517685743e-05	0.00014765338163928555	0.0002697415515852519
A[C>A]T	5.354723424226249e-05	0.0007428998161976693	0.021012340023880825	0.0005686405785854731	0.013430059773381799	0.0027733716773286686	0.003050330778222374	0.002629631989839254	0.010393427862490685	6.328298247538555e-05	0.0003230266195890863	0.0007781739026964374
A[C>G]A	1.768402396919555e-05	0.0001844127391798293	0.004780278261528963	2.798699901859436e-05	0.00300237650870832	0.0003417343549176621	0.0009073593101316746	1.401298464324817e-47	0.034335438199341296	0.0024034841684624554	0.0005269931740420475	6.7749252775684e-06
A[C>G]C	0.00012340817783930335	0.00030710310994146005	0.0022251096984665965	0.0006249304996408467	0.0026197964455527156	0.00021885871899854692	0.0018614241749099847	0.00014629533197876298	0.031476241033524276	0.0016392128908773885	0.0014175495866584242	0.0005604653614318522
A[C>G]G	0.0005962377837983013	0.00028908476936667	0.0016214815295160889	0.0002613988046510585	0.004246838506111601	2.9930174131216346e-05	0.0009837684457762207	0.00017355031229499218	0.019106679819524287	0.0007513792235226902	2.3557510255898252e-05	9.964765068673387e-05
A[C>G]T	0.00013627325525420993	0.00011798018708256475	0.0016447704539314144	0.00041622785066493863	0.00083492557356033	0.0005286734481569622	0.0019971288798106457	1.2445335745577755e-05	0.03450055710971355	0.0033276490331627427	0.0011724034676205974	0.000341524650939391
A[C>T]A	6.35978170997313e-05	0.0016543773586659726	0.008533392847166397	0.00324801567879897	0.016650933607687646	0.012836591456143652	0.0238454046775588	0.0004407980556425173	0.02400750850327313	0.0049396136833820495	0.0089481932669878	0.0029507627186831087
A[C>T]C	0.009715957961789388	0.06053517523663345	0.002495681896678632	0.007643437763654219	0.02108805879262657	0.011073183207356578	0.021080674219948605	0.0034851819865048266	0.010443201227634874	5.114689367474057e-05	0.007378964394338255	0.0006332555985370192
A[C>T]G	7.1847490833222015e-06	0.001733311191036746	0.0006472986649306938	0.0013436027134968232	0.005529959580696229	0.10713124544235121	0.2141147233801894	0.003579986465237539	0.0235840741392699	0.002205464571323065	0.00186756054831699	0.0034531154405317466
A[C>T]T	0.0020301021425850932	0.0154304155965292	0.0031982428437913766	0.005990612577449738	0.014287756715202705	0.007058035839581862	0.01788420586148277	0.005318744927317531	0.017672006216016597	0.00033164839282108006	0.004529135717607307	0.0020018454836099406
A[T>A]A	0.0004921163696224084	0.002441676132579822	0.0023676220955104552	0.00281507003107782	0.01287403431435564	3.389471300841329e-05	0.003470165240287315	0.00030125842291454317	0.004179073398633051	0.00015663237339943236	0.004599297902931312	0.00010055911249985172
A[T>A]C	0.00033989553885476197	0.0008601428850442973	0.0018753940382157453	0.003209022908617953	0.008697903730690086	0.0016929876074937055	0.007244041244370158	0.00068499074556712	0.006826206963048662	0.000284068839415994	0.013646149784326553	0.0006251624528331878
A[T>A]G	0.0008555746024831024	0.0016350981258403151	0.004743260498579502	0.002211985377587863	0.019035895706442575	7.708868752160924e-05	0.004652877226571377	0.00045456313976274034	0.011470590786594315	0.00022843671938971966	0.0008362770713332423	0.0004422524168550979
A[T>A]T	0.0029973093444277763	0.0039539502361069625	0.0009822541750502112	0.004819936431204042	0.0160894920578548	0.001988905311736744	0.008315995661272028	0.0007007631224223587	0.0029904612905374962	7.388218455162132e-06	0.006394965819199569	0.001717691377562005
A[T>C]A	8.274739971966482e-05	0.0012489418088085823	0.0025504942184461045	0.0015644773508903247	0.018032608998473733	0.0014889723417420178	0.006026801636356431	0.004093808420439018	0.021734159594560792	0.00032413660839146984	0.033610428385436535	9.045489021531017e-05
A[T>C]C	0.00015209213341222495	0.0009662147871029336	0.00012847525475081503	0.0012501803083432605	0.002894619613580289	0.003501000644901069	0.00624898991023656	0.005830244062235579	0.011011093425331638	0.0007218309176096227	0.02392194591462612	0.006471947205718607
A[T>C]G	0.00016067597388612427	0.0013247956348278322	0.0031794584702405614	0.0014828450265304126	0.018808865425915023	0.003272986375547866	0.014069369574627533	0.0022342351227507607	0.016123447148170857	0.00019025735441871916	0.06306260724551976	0.00013336642645299433
A[T>C]T	0.0005222384697374595	0.002750977506499339	1.635239788868148e-05	0.0057269707877098544	0.019122576741209586	0.0006963075612194036	0.014595621498640972	0.0039020509195688644	0.02246901761420304	0.0005105693816940793	0.013827519291080535	0.0017127513026207453
A[T>G]A	0.00015726584468173655	0.0006325122103462633	7.71037003875108e-05	0.00175527743445764	0.004527457235571326	3.9426056011411246e-05	0.002778659631315525	0.00036512722728712535	0.0037090485303824393	0.00011222355455700494	0.00021852668043772282	0.0020450917257819868
A[T>G]C	0.00016050064435479283	0.0009824416644642043	4.5404699398936546e-05	0.001104028416834808	0.0016249989074830903	0.000495779238993439	0.0025500023973272336	0.002728969173419624	0.0035282109958675533	0.00017497598503325663	0.002156544935423881	0.007671973505057395
A[T>G]G	0.0013269109928960177	0.0011697714432939818	0.0009554402904999474	0.0029078714000322432	0.007088946769272108	0.000278487298775083	0.0033704364088172054	0.0011479888254870296	0.008268050902500476	7.764612196751841e-05	0.0009106137953858707	0.0017472670780823308
A[T>G]T	9.439213624632015e-05	0.0015395144612035771	0.00024054072698783814	0.0018343035381211336	0.0022878426847177387	0.0019187090117609418	0.0009143839220284839	0.009404776897281409	0.00045189054114700864	1.3250255997423465e-05	0.0006590338075676528	0.03650038262829185
C[C>A]A	0.0021851888485506254	0.0018450264015449137	0.12155068509280681	0.0013348242704636349	0.00909018044002437	0.002865576261538081	0.006045741194863794	0.0010608351344126277	0.003790759743202576	0.00022156818593167316	0.0038121230874126953	0.001783728384418879
C[C>A]C	0.0009598087396452826	0.00011894433376525876	0.12243524394929409	0.00017755806270887574	0.0026728281125943274	0.011053200279352176	0.002747015285680713	7.982785336587028e-05	8.0702357585416e-06	3.648076063456074e-09	0.011218244020519706	0.00046549552936419046
C[C>A]G	7.545867990451447e-05	0.0010456293719199295	0.07508990470319986	3.940265586532377e-05	0.004434830984337736	0.0032631994373172367	0.001493271555147473	0.0001523093997293401	1.0701093349219093e-07	7.039910591988275e-07	0.006170826175115901	4.1608547718396947e-10
C[C>A]T	0.0002527164763781845	0.0020163853983075964	0.100286925137043	4.134202861205694e-06	0.0013046936189578062	0.05251587369096797	0.0044603665722675245	0.000975500879115181	1.519452468734528e-08	6.7017208227326816e-09	0.02081737410639235	1.401298464324817e-47
C[C>G]A	0.00014095793197917316	0.00016808223279031421	0.004716947596832668	0.00013180379585373103	0.0060354271667112155	0.0	0.0008571830724818599	2.0235462579876183e-05	0.03332664152607322	0.005789075746414198	1.2716774849388379e-05	0.0005583718881044586
C[C>G]C	0.00046921107887598623	0.00029239261598416286	0.0044676683546774855	0.001295682571046855	0.007545178155250767	9.441296515859676e-06	0.001155874187828756	2.243368619758712e-09	0.02909616140415892	0.00037297177741148603	8.899702368694307e-06	0.00011307080149771664
C[C>G]G	0.0006024420713429421	0.0017003629359068383	0.004283700922125319	0.0003512077598888075	0.006951333503130783	2.984034316241946e-05	0.001420166701360266	4.940552780610119e-05	0.025192153954412787	0.00016240805673788827	0.00014227100364743556	8.452094578458236e-05
C[C>G]T	8.518811039088803e-05	0.00043510720165278015	0.003555645178479594	0.0003753711664242587	0.00387344999935523	1.1594175389291194e-05	0.0006894450251372941	8.460101508234175e-10	0.04626792035996914	0.005297978322487324	9.624931391243762e-05	0.00020341478451179284
C[C>T]A	0.06573175150125281	0.10420400698859339	0.012492857811508884	0.02051027010083665	0.03808073885959374	0.000904401452950303	0.031327121547519425	0.006512118159768647	0.011621240406571722	0.003896055676944214	0.00019503589888984153	0.0034341865137364636
C[C>T]C	0.02726409223865147	0.26443364707434003	0.002148313192977802	0.0007397665747049497	0.0015905989872030623	0.0011652022635942672	0.0012070307740841102	0.0004655863871896493	0.00031672817573481283	3.8132203462969334e-06	0.004004169051740974	0.00042500797986178896
C[C>T]G	0.006202569848392158	0.07357439897954464	0.0032820446805302567	0.004194799352847197	0.012050112450052377	0.09358346558250051	0.21136364341075023	0.0028575879325863805	0.011195285304750939	0.004086981432947141	0.003188078630930562	0.0021514359751914824
C[C>T]T	0.017775469268768166	0.18592994788780687	0.00732423398782862	0.010414548925110961	0.00936017065058372	0.0015606408387305048	0.02334126271707832	0.00677079802799426	0.01787060499024449	0.002794125628024915	0.0016072098872224416	0.0026778706036679977
C[T>A]A	0.00035361344380676626	0.0011898001267708054	0.004737393970631843	0.0010441098531093474	0.011867619973709225	1.6047770191107703e-05	0.0012208665732419855	0.00010873323803934909	0.0046090179061513935	0.0002543701049512492	0.00031499245757414583	0.0011018696110477323
C[T>A]C	0.0015570362274507376	0.0013704166344359692	0.006235231482035175	0.0014643901466863008	0.011688399665782754	0.001038168311715708	0.0017814808419485929	5.5438669223804025e-05	0.012030294121941551	0.00012803055400581798	0.00523384218220599	0.012813192303292453
C[T>A]G	0.00038028437841555794	0.0024352049643044183	0.023330034696687704	0.0011722389214325268	0.03777872617353637	1.8568976373387613e-05	0.0021693325709725773	0.00022455856742453761	0.009951602680860426	7.537636434067352e-05	0.0016584662832216423	0.007500637998455204
C[T>A]T	0.001638591268898325	0.0019026695905395652	0.006187016548065003	0.0026733241300723877	0.015476030988520507	9.911113946714512e-06	0.004172081939747798	0.0002553788710065419	0.011412748378449465	7.309603984140267e-07	0.00036985724580233635	0.03590970478253439
C[T>C]A	0.0010147931997360616	0.0014245895662642358	0.002567059206776354	0.001258213345498831	0.010205553853157134	0.00012475384152722314	0.004362227519397948	0.000588088633485313	0.0028557687650895888	5.804428856208688e-05	0.03023870724486187	0.007814646556507796
C[T>C]C	0.0008135764689538674	0.0007013159932625967	0.0017564034577108956	0.0014826918371966752	0.004152697208782978	0.0014630892387140194	0.008056018055649474	0.00045052368807559697	0.011950775047298521	0.00015845104071388505	0.02122769070789218	0.053977298841346055
C[T>C]G	0.00014512383893775286	0.0010320756137389253	0.009546939644569647	0.00024700919727521864	0.009152866881262867	0.004369103204976312	0.013582516881232038	6.988776818616316e-05	0.0033410144365005334	1.6150181004225615e-05	0.08328788893774629	0.03574410513043404
C[T>C]T	0.0029865222670093215	0.004928222766896085	0.0011243592688540006	0.004363443944540304	0.021230884530286664	1.1695794839283735e-08	0.011093941083851248	0.0005619760944614427	0.004617875270468913	0.00017134275395193853	0.022415019446671066	0.11082943384069949
C[T>G]A	0.0001298319212570218	0.0003585960562486434	5.869379212715131e-05	0.00044759687509888125	0.0015788994878046436	0.00027997625833876746	0.0013540952161494246	0.0014048461509264599	0.0051349620252139514	3.939298457268592e-05	0.0010195007325978622	0.00408809648361057
C[T>G]C	0.0005650709890505823	0.00126189789960336	4.666890064982103e-05	0.0011563736040352572	0.0020690918654286605	0.001641048108119243	0.005087198182365	0.0011534814076730982	0.0060610229289630975	0.0001980925813147838	0.005714853382669389	0.022056030128151178
C[T>G]G	0.0010378066970861254	0.0011738969207408445	0.00484443833116643	0.000905190475921147	0.0046841427636744	0.0016523822095916784	0.004787225317502788	0.002191987962287385	0.017590036233887076	1.1562733379832934e-06	0.012001215564087033	0.016079304551240056
C[T>G]T	2.973417068119488e-10	1.8110985135599834e-07	6.514166539517418e-11	7.052198572088386e-07	2.2486285944589568e-07	5.32768809080153e-05	2.3362155841568644e-05	0.0003164135535664414	3.381023852000453e-09	8.237311102665678e-09	6.177286871246305e-07	0.2970044539868832
G[C>A]A	2.4688155906661164e-06	6.072270651202416e-05	0.026614701488770293	0.00037359755544544933	0.024065934463560836	0.0014266809247986778	0.012768008925486357	0.0008910109379212372	0.024240613656743334	0.0005020302269851129	7.371870502765887e-06	0.004631066717556678
G[C>A]C	3.212842191715026e-05	0.00011121469145564334	0.035147898086877134	0.00019192041041875995	0.026059347400369005	0.005270376952665288	0.002726133449335729	0.0008786290911666583	0.014273361939772258	0.0009572578786173836	0.0033323607756756248	0.0008080582310753925
G[C>A]G	0.0	5.992564983898774e-06	0.02808730653421236	3.323572402059938e-05	0.019481174647943647	0.0013853636919714063	0.0018406209731750777	0.0001845697069165908	0.0003374840401250978	0.00016309038241297814	0.0004253278957167872	0.00014559149530472693
G[C>A]T	0.0	0.0005257368367165327	0.02351730320092173	0.0005769827067294386	0.012957337186035147	0.02040052553638816	0.0030109853202664283	0.004298182038037339	0.014058354577817766	0.0005618654197687256	0.0013714123130721134	0.0009555304108289419
G[C>G]A	5.6793760450091214e-08	4.927304790669496e-07	0.00400769253449198	1.829880235163728e-05	0.0042773467672790845	0.0004043212887620484	0.0005347715620125371	4.92422820772731e-05	0.020624130433425307	0.0020419145171763375	0.0005715121959792668	0.0009146435655566165
G[C>G]C	0.00014674481653681177	0.00016598694222554042	0.005914850252557577	0.000504197357809062	0.00352553747320937	0.0008185049277831943	0.0028226777183983386	3.700740211570519e-05	0.02791359608992934	0.0012086015752720413	0.004441348497057334	5.993040394969284e-06
G[C>G]G	0.0002110133627684263	0.000504727900047898	0.004986396738422637	0.00010233906608391408	0.006557763834471473	3.6463152827694855e-05	0.0004107467929709152	1.3721065557827927e-05	0.009600965218448892	0.0007517593148077139	2.6377691429799732e-05	1.0289804049534722e-06
G[C>G]T	5.469640946103027e-06	3.4762434515869246e-05	0.002419027993824088	0.00017486221180092797	0.001633799840318133	0.00036998891222761226	0.0009441374517996248	0.00035221390760852955	0.03136900400742888	0.0032183683081530036	0.0013297189526888075	0.00021377376327475162
G[C>T]A	0.000145263016609255	0.0007887586959441251	0.0062377853032357785	0.001678647958384902	0.012123228720101926	0.04884763202629983	0.010659677702642511	0.0014973066730271966	0.025244374831672897	0.008943190169520675	0.026799627675209194	0.00020471697960601886
G[C>T]C	0.015216409622683745	0.045792924442794175	0.006275146033440251	0.004394762035529038	0.005580762206485303	0.08298792872577905	0.008031976725906134	0.017978812649536168	0.002186523721660194	0.0008185198862494084	0.05654273096472025	0.0001353764847289085
G[C>T]G	2.802596928649634e-47	0.0024221172246112086	0.0010121078149385276	0.003290834304924317	0.006659035588879654	0.34117233753204346	0.0630295568581812	0.03224643393426959	0.003978352972434434	0.001123480409692279	0.004207265077909313	0.003994346982149412
G[C>T]T	0.013427641362349356	0.018570384375052526	0.00596127190059633	0.005500760356080718	0.00438136246113636	0.05050108252093196	0.005592973424356877	0.030811478040413932	0.01393036766321038	2.802596928649634e-47	0.030355050433427094	0.0008493943511621182
G[T>A]A	0.0006609480593760963	0.0006224155173265444	0.004250429045675261	0.0008963799304409914	0.010839897320429372	3.7751456294810026e-05	0.0007632009346512625	0.00036858574761145847	0.005164547795867591	0.00010690273102413883	0.002614815601555165	0.0
G[T>A]C	6.806336239681945e-05	0.0005495713691419723	0.0031845728677973285	0.0018250939720746828	0.005639748521926152	0.0009189883036311475	0.0026125478132416904	0.0001693502917078149	0.007858974798145936	0.00027985435495793355	0.010578752749133856	0.002908374519320205
G[T>A]G	0.0008087298588737411	0.002814542000750322	0.007535579001135831	0.0019403503615419383	0.019281714754761196	5.924834294774861e-06	0.0034220805408237947	0.00019605260766623723	0.008300152747181216	9.327572732816592e-05	0.0015077199469283188	0.0005293323330056409
G[T>A]T	0.0009015543010445982	0.0016852766563763071	0.002160546564551105	0.002419374838755175	0.011434158666729715	0.0006501642982038902	0.0029798106052230434	0.00019969428622459873	0.005577586661682474	2.474131631970522e-05	0.002115557825913648	0.005883363668108359
G[T>C]A	0.0	0.0008524831072430494	0.001451829545635732	0.001343281295958089	0.0012123123820672	0.0023739727891412877	1.188410233122994e-05	0.010193029958318413	6.822905803005597e-08	1.9003323317981208e-05	0.10857141852378845	0.00021165821443391408
G[T>C]C	1.6760156890160972e-06	0.0018276776158772635	1.7695133108190932e-05	0.0033326475760550346	0.0020112427929416298	0.01148430221725448	0.0001693114897446968	0.021636948099450614	0.0002623702680670612	3.4689817927215926e-05	0.052036319822072984	0.01226636468898505
G[T>C]G	1.2279821083145645e-05	0.0004975042857460865	0.002016322038657261	0.0007809440105958742	0.0012727994528881226	0.00237689683261431	0.0011042525051997388	0.005692085474174746	1.4574525568633593e-08	6.066417233158816e-05	0.0972959602624178	0.007079197799321264
G[T>C]T	0.012802225491255807	0.006069881544080929	1.108120851468275e-05	0.011942810205438121	0.01608599971113135	0.001782370270506759	0.011045898452270029	0.011211017100140304	0.0014192050974303426	0.0	0.05391619481629156	0.0072441289823001395
G[T>G]A	0.00012196108983516751	0.0005473067917864682	0.00022505056016534298	0.0008815849035727297	0.0027098530490654226	0.00021869739295198086	0.0017272979587596637	0.0014392387502741469	0.005574504532069966	0.000142313715596174	0.00028268751196876	0.0015415102666884195
G[T>G]C	0.00035526061767275684	0.0005307209524875276	8.413863191890414e-05	0.0007342642794810672	0.001848648904400676	0.0018501247588861248	0.0015331955105160945	0.002724901292087907	0.0045784196631575465	2.8141271726553896e-05	0.0007735343375317295	0.009643398853950203
G[T>G]G	0.0028338820977114663	0.0017175515920740737	0.0012549644296781892	0.0029876455559860915	0.0076679076412514745	0.0008071862363794934	0.004598913752561202	0.0010860506362749334	0.012542245420038824	4.998694566893392e-07	0.001765623058118702	0.0038768200061122114
G[T>G]T	0.0006539891507090978	0.0005103733445778519	0.00032339001413321354	0.00044727626311424017	0.0005059161290964376	0.0011716924709519105	0.001029229329157122	0.00023723260249706613	7.944292474352465e-05	0.0	0.0017254407214772982	0.07646849390119315
T[C>A]A	0.00021086202299331054	0.002478647379589347	0.026633394338423388	0.004454534087494721	0.03019418748212047	0.002536593630384232	0.004602490655665026	0.015554406423692626	0.004015045417770437	0.04849224202567712	1.4090295735513792e-07	0.004991487124025298
T[C>A]C	0.0022227676215686516	0.0035211349193831863	0.04986620846670121	0.0041510721832863605	0.046313117290847	0.0034812809795403154	0.009218374750794851	0.004324661348748956	0.011650995016463526	0.022727511413395404	5.605193857299268e-47	0.0005769584456902521
T[C>A]G	0.00013140615265001544	0.0004666404056479448	0.015031036250875332	0.0005251930646591063	0.020198946495656855	0.0006806099957611878	0.0017481730057025402	0.000770280381802877	0.0035193687624243764	0.009098580931313336	0.00010263015916680423	0.00039722348715287125
T[C>A]T	6.275076884776354e-06	0.008632458890251514	0.04988459308631718	0.017180022661341353	0.0164723472228766	0.02654922876682619	0.0004612657855045299	0.11067523489240556	0.00048727571167884955	0.018564210776239633	0.0002526549597718031	0.02423140231854397
T[C>G]A	8.47884944477073e-10	7.732370223667573e-08	0.0003570636197223109	2.3834423319054793e-05	0.0001063326934868769	7.049109678192167e-09	0.005479508059434673	2.245252203159076e-08	3.9679603404465524e-05	0.25769604686127423	2.2849133543001444e-08	7.910197400207153e-08
T[C>G]C	0.0008511273216517524	0.0014104224785359552	0.004482078240127194	0.0006076842705579182	0.007037196372365316	2.6061375665449303e-05	0.00355754908144422	0.00022714452738039625	0.030852456740103663	0.08454419393092394	0.0003860153788427077	0.0001558605114416007
T[C>G]G	0.0002376518781102277	0.0007613279853671556	0.0016562410498604859	0.0004536794882860562	0.003843557981699064	1.8398444191234375e-05	0.0013598690287390735	0.00011507019884963831	0.010088409478710219	0.03042290039360523	2.0350481991293636e-06	0.00016379865515643742
T[C>G]T	0.00010583516135061025	7.35977534972018e-05	0.00016802899005072716	0.002322444174027327	0.0003031128042780849	7.278047281246814e-05	3.05770861809318e-05	0.00024976363826187506	0.007084397962127617	0.321264438778162	0.0005414235939642966	0.000659182868444681
T[C>T]A	0.06449763559817939	5.023056980699804e-05	0.0018821051540787081	0.46609322197684366	0.0009027166271948156	0.0006362680030546135	0.0008327039520327644	0.0013597393098411605	9.160837779909059e-07	0.08725581002720363	0.0017530510477431194	0.0018712439888769906
T[C>T]C	0.5782128101587296	0.02598607728236243	0.004861139182183516	0.028278969206603676	0.001997508956308991	0.0001704038852741796	0.0005347172970087585	0.005634430202830285	0.0001514228980936265	0.0058628858403568926	0.00011113419565980824	1.9965623319357917e-05
T[C>T]G	0.10605671358953477	0.00014258200868124275	1.010251753220892e-05	0.06169165139329067	0.002881534366752704	0.030219237318360116	0.03321813976997941	0.5365978635847568	3.092851244446138e-08	0.002074975342776993	0.00010228616811350122	0.00258469268350737
T[C>T]T	0.025890489487246357	0.08357097554089307	0.002023463607977883	0.2137309641969546	0.02116551587358707	0.0040187227830449325	0.022708878035530386	0.029876719857596754	0.0012752140720998018	0.04554685210909444	3.50452453131922e-05	0.0038904845560483636
T[T>A]A	0.0009645317707317691	0.0017275998631787995	0.002109993455160293	0.00313130941862255	0.014090883480384946	0.00028670093253364116	0.004753471536417564	0.0007478293365238642	0.003657929046399886	0.00014053756958332998	0.0017858226679273415	0.00017144936155260025
T[T>A]C	0.0016588105611857272	0.002546265188856205	0.002151082689013819	0.0035867229312857595	0.014088886544048478	0.0003566593093799497	0.005387909614100872	0.00040590709738353326	0.006180731276132583	6.552878131493578e-05	0.001442619393206528	0.00202357665875752
T[T>A]G	0.0009099376234812062	0.0014396720696925084	0.004773460453020885	0.0017331342657686476	0.0140169033060522	4.682249331709798e-05	0.0022716892188931227	0.00027652969990827003	0.004503502763440998	1.0533660188229987e-05	0.0004967777159152753	0.0010246881034589705
T[T>A]T	0.00514642571714802	0.004714420506689399	0.0012930019919364356	0.005428471684434482	0.01673985630280498	9.610453069626601e-05	0.007333394428077043	0.000886469851623802	0.005315147295998468	1.3539744167019307e-05	0.00011783084410126321	0.006905389980580026
T[T>C]A	0.003183682132973599	0.0020275036065846123	0.0013073686585994438	0.004647242163181632	0.011340019949242972	0.0007287052758540114	0.005704264003341564	0.002783798199379817	0.0035664059873079168	5.612396209872639e-05	0.027415945047978313	0.0015618589650284774
T[T>C]C	0.0019580577997840008	0.002408627618575064	2.3581653222208844e-05	0.004571580198998646	0.009890027079964057	0.003583528407907579	0.007291629146845534	0.007489857759501319	0.005263217074028717	0.00017230217830729088	0.025904287552693857	0.011801151828840374
T[T>C]G	0.001678030753926194	0.0026052667080508573	0.001681539473588778	0.003932172964246735	0.01253060333574527	0.0025721473700832578	0.008316550900926813	0.0018043500391650015	0.0021251001945347524	0.0001859339432485286	0.03235287779010832	0.004750783468334702
T[T>C]T	0.0016487443411749032	0.003947765855061078	4.373209549157764e-05	0.004883333076331837	0.011904621378843103	0.0014397896758180195	0.007101774606392439	0.005723668066238936	0.007294509520506836	4.732269850315542e-05	0.017890489674173296	0.008017422778066248
T[T>G]A	0.0003768448151389251	0.0010798303309135803	1.6926991846548666e-05	0.0018055326985673048	0.003977435822068358	0.0005753980848074836	0.0019694101308081534	0.0033249792558359558	0.005294326927173074	0.00015328723391757392	2.947620196209755e-06	0.002546707967412658
T[T>G]C	0.0010557924897493867	0.0019709932458668745	4.9604973074437455e-05	0.0038117546379063685	0.006779938454120043	0.001549698498195298	0.0028089554880821764	0.007834491518106855	0.002901787032928027	0.00017129166271487862	0.000689806217611455	0.014060763791203499
T[T>G]G	0.00046831844500957233	0.0011384741841057888	0.0011606904481959645	0.001649199039566156	0.0054090026517951625	0.00041350731618877034	0.003138855757087242	0.0017986588104395196	0.011241399709833786	0.00023815788018964683	0.00040819916035019334	0.004791849554749206
T[T>G]T	0.0015854361624815282	0.003120013616712196	4.116726728464304e-05	0.006133543687693762	0.0034280940024006144	0.006541383130796827	0.00019008457755560247	0.0419183066831431	6.055571432007412e-05	9.608001624572537e-07	4.3588419540441235e-10	0.07295195791870356
