Samples	SBS96A	SBS96B	SBS96C	SBS96D	SBS96E	SBS96F	SBS96G
TCGA-3M-AB46-01	5	38	18	4	115	2	16
TCGA-3M-AB47-01	47	7	11	1	44	7	24
TCGA-B7-5816-01	285	459	209	340	27	66	21
TCGA-B7-5818-01	27	59	22	25	230	91	40
TCGA-B7-A5TI-01	246	234	139	44	6	4	20
TCGA-B7-A5TJ-01	112	29	43	0	53	56	19
TCGA-B7-A5TK-01	31	4	3	2	30	0	0
TCGA-B7-A5TN-01	34	0	0	6	38	4	18
TCGA-BR-4183-01	33	9	1	1	17	5	4
TCGA-BR-4184-01	39	155	3678	210	0	1	54
TCGA-BR-4187-01	14	0	6	0	10	0	8
TCGA-BR-4188-01	63	13	2	1	18	6	0
TCGA-BR-4191-01	0	55	14	0	153	1	31
TCGA-BR-4201-01	490	467	277	189	25	4	45
TCGA-BR-4253-01	20	11	4	5	43	12	9
TCGA-BR-4255-01	24	0	4	12	26	2	6
TCGA-BR-4256-01	248	411	181	193	38	66	0
TCGA-BR-4257-01	293	437	172	232	0	34	65
TCGA-BR-4267-01	14	4	1	7	58	12	11
TCGA-BR-4279-01	21	6	1	6	7	0	20
TCGA-BR-4280-01	98	293	174	133	0	74	0
TCGA-BR-4292-01	842	235	256	124	16	19	4
TCGA-BR-4294-01	0	4	9	3	23	0	0
TCGA-BR-4357-01	17	39	5	10	157	66	25
TCGA-BR-4361-01	217	655	404	1522	91	20	32
TCGA-BR-4362-01	555	320	286	375	5	168	0
TCGA-BR-4363-01	178	191	87	98	0	19	13
TCGA-BR-4366-01	41	15	12	12	79	20	0
TCGA-BR-4368-01	439	460	263	202	57	13	0
TCGA-BR-4369-01	34	0	22	0	73	80	24
TCGA-BR-4370-01	581	250	210	65	51	10	55
TCGA-BR-4371-01	91	0	20	0	60	13	19
TCGA-BR-6452-01	155	1668	1105	2459	458	154	128
TCGA-BR-6453-01	40	0	19	4	29	134	0
TCGA-BR-6454-01	22	22	10	14	65	25	21
TCGA-BR-6455-01	39	11	23	2	39	1	0
TCGA-BR-6456-01	8	9	0	7	19	2	2
TCGA-BR-6457-01	46	3	2	6	39	35	10
TCGA-BR-6458-01	56	0	14	0	38	264	3
TCGA-BR-6563-01	38	0	7	10	13	11	7
TCGA-BR-6564-01	6	0	4	0	19	0	12
TCGA-BR-6565-01	27	17	8	16	77	5	26
TCGA-BR-6566-01	209	392	228	142	0	50	27
TCGA-BR-6705-01	40	3	0	8	37	26	2
TCGA-BR-6706-01	26	3	8	27	21	146	12
TCGA-BR-6707-01	37	0	8	5	36	0	4
TCGA-BR-6709-01	0	9	9	3	22	6	4
TCGA-BR-6801-01	25	7	0	4	20	0	5
TCGA-BR-6802-01	63	124	244	62	0	14	17
TCGA-BR-6803-01	8	0	0	1	9	0	1
TCGA-BR-6852-01	233	371	331	136	17	51	33
TCGA-BR-7196-01	15	19	5	0	42	5	0
TCGA-BR-7197-01	73	5	7	0	48	75	16
TCGA-BR-7703-01	273	225	117	73	59	19	11
TCGA-BR-7704-01	34	39	6	15	226	99	30
TCGA-BR-7707-01	437	430	302	268	0	69	22
TCGA-BR-7715-01	48	14	15	7	40	21	22
TCGA-BR-7716-01	2	15	7	0	136	11	24
TCGA-BR-7717-01	59	4	14	13	51	33	4
TCGA-BR-7722-01	20	0	8	6	18	0	6
TCGA-BR-7723-01	45	19	0	18	57	69	0
TCGA-BR-7851-01	625	478	260	164	0	10	34
TCGA-BR-7901-01	36	2	7	19	104	50	11
TCGA-BR-7957-01	20	2	5	0	22	2	10
TCGA-BR-7958-01	27	29	8	0	95	38	11
TCGA-BR-7959-01	28	16	10	0	40	17	14
TCGA-BR-8058-01	4	0	3	13	31	6	3
TCGA-BR-8059-01	175	215	96	84	166	76	24
TCGA-BR-8060-01	35	28	0	25	109	84	0
TCGA-BR-8077-01	36	8	14	7	52	8	16
TCGA-BR-8078-01	497	464	357	196	0	42	48
TCGA-BR-8080-01	48	20	27	10	43	57	18
TCGA-BR-8081-01	349	327	213	79	14	25	15
TCGA-BR-8284-01	165	80	64	12	53	12	15
TCGA-BR-8285-01	43	3	7	4	42	18	3
TCGA-BR-8286-01	27	5	22	12	68	26	8
TCGA-BR-8289-01	34	36	9	7	62	74	17
TCGA-BR-8291-01	6	2	2	1	13	4	4
TCGA-BR-8295-01	6	0	8	3	23	11	6
TCGA-BR-8296-01	42	0	7	0	41	0	0
TCGA-BR-8297-01	41	17	27	19	64	123	0
TCGA-BR-8360-01	314	267	277	79	24	15	24
TCGA-BR-8361-01	593	517	307	203	33	48	39
TCGA-BR-8363-01	292	420	230	226	55	82	25
TCGA-BR-8364-01	6	4	0	4	8	1	2
TCGA-BR-8365-01	13	1	0	1	12	0	2
TCGA-BR-8366-01	18	25	22	10	49	75	11
TCGA-BR-8367-01	26	1	14	4	20	7	3
TCGA-BR-8368-01	512	265	182	80	9	25	0
TCGA-BR-8369-01	65	26	17	13	65	68	2
TCGA-BR-8370-01	50	25	9	0	51	7	0
TCGA-BR-8371-01	7	3	0	7	5	3	0
TCGA-BR-8372-01	214	341	239	567	19	41	23
TCGA-BR-8373-01	30	17	4	10	25	10	17
TCGA-BR-8380-01	43	0	10	0	21	7	10
TCGA-BR-8381-01	47	18	16	1	74	7	0
TCGA-BR-8382-01	371	309	209	90	5	36	5
TCGA-BR-8384-01	17	10	4	1	18	12	0
TCGA-BR-8483-01	47	2	26	7	51	17	4
TCGA-BR-8484-01	23	1	7	9	39	14	7
TCGA-BR-8485-01	25	7	2	32	41	272	9
TCGA-BR-8486-01	11	11	8	10	28	0	0
TCGA-BR-8487-01	767	1213	484	729	0	0	0
TCGA-BR-8588-01	59	19	6	4	37	26	0
TCGA-BR-8589-01	0	40	7	76	37	1152	77
TCGA-BR-8590-01	36	19	0	1	31	68	0
TCGA-BR-8591-01	418	616	260	249	27	53	4
TCGA-BR-8592-01	28	2	0	6	4	1	2
TCGA-BR-8676-01	27	0	6	3	41	13	9
TCGA-BR-8677-01	29	0	0	6	41	0	8
TCGA-BR-8678-01	34	4	7	0	59	3	29
TCGA-BR-8679-01	62	1	32	8	77	20	0
TCGA-BR-8680-01	39	8	850	186	0	118	6611
TCGA-BR-8682-01	48	0	4	0	18	3	11
TCGA-BR-8683-01	56	18	11	17	76	3	6
TCGA-BR-8686-01	40	7	9	0	69	4	9
TCGA-BR-8687-01	17	30	0	4	40	135	7
TCGA-BR-8690-01	34	13	22	20	74	15	15
TCGA-BR-A44T-01	9	4	0	2	1	0	7
TCGA-BR-A44U-01	58	6	1	4	26	16	0
TCGA-BR-A452-01	14	0	3	0	65	37	12
TCGA-BR-A453-01	14	38	15	0	12	0	7
TCGA-BR-A4CQ-01	69	31	2	5	93	16	8
TCGA-BR-A4CR-01	18	24	5	2	33	3	0
TCGA-BR-A4CS-01	53	22	10	0	76	7	26
TCGA-BR-A4IU-01	11	4	1	2	1	0	9
TCGA-BR-A4IV-01	1	10	4	2	17	5	1
TCGA-BR-A4IY-01	55	13	9	16	86	3	5
TCGA-BR-A4IZ-01	13	0	1	0	1	2	3
TCGA-BR-A4J1-01	21	0	11	6	37	4	8
TCGA-BR-A4J2-01	43	0	5	0	13	3	6
TCGA-BR-A4J4-01	50	19	0	3	29	0	0
TCGA-BR-A4J5-01	52	5	4	10	26	18	0
TCGA-BR-A4J6-01	2	4	1	3	27	2	0
TCGA-BR-A4J7-01	25	1	18	5	13	3	3
TCGA-BR-A4J8-01	40	0	13	10	35	6	11
TCGA-BR-A4J9-01	22	5	0	2	15	4	0
TCGA-BR-A4PD-01	9	10	8	19	56	82	9
TCGA-BR-A4PE-01	73	10	32	2	99	35	4
TCGA-BR-A4PF-01	26	16	16	4	49	5	3
TCGA-BR-A4QI-01	28	7	17	1	67	19	11
TCGA-BR-A4QL-01	884	390	403	144	66	36	29
TCGA-BR-A4QM-01	26	6	17	9	37	18	10
TCGA-CD-5798-01	27	1	18	1	45	11	17
TCGA-CD-5799-01	18	6	11	1	15	1	5
TCGA-CD-5800-01	43	8	24	1	104	2	21
TCGA-CD-5801-01	42	63	0	32	136	198	74
TCGA-CD-5802-01	14	9	0	3	35	0	3
TCGA-CD-5803-01	8	0	8	1	26	1	1
TCGA-CD-5804-01	35	5	7	7	31	0	4
TCGA-CD-5813-01	47	6	19	28	96	12	15
TCGA-CD-8524-01	74	19	18	6	53	15	5
TCGA-CD-8525-01	14	0	7	0	55	5	18
TCGA-CD-8526-01	16	3	13	0	18	2	5
TCGA-CD-8527-01	96	60	43	15	60	23	11
TCGA-CD-8528-01	74	21	2	5	26	4	3
TCGA-CD-8529-01	23	47	20	16	361	7	31
TCGA-CD-8530-01	23	1	9	1	37	39	5
TCGA-CD-8531-01	48	61	37	42	112	16	9
TCGA-CD-8532-01	15	0	2	8	19	1	5
TCGA-CD-8533-01	80	0	10	8	49	2	6
TCGA-CD-8534-01	22	1	11	3	35	0	0
TCGA-CD-8535-01	30	35	16	0	114	109	30
TCGA-CD-8536-01	367	310	184	88	0	7	7
TCGA-CD-A486-01	28	0	24	2	49	0	9
TCGA-CD-A487-01	30	22	5	0	73	70	15
TCGA-CD-A489-01	17	1	7	7	46	9	9
TCGA-CD-A48A-01	52	7	14	22	79	87	30
TCGA-CD-A48C-01	52	5	18	0	82	85	30
TCGA-CD-A4MG-01	445	1132	586	360	0	26	49
TCGA-CD-A4MH-01	27	14	12	6	38	2	0
TCGA-CD-A4MI-01	266	467	194	105	0	21	58
TCGA-CD-A4MJ-01	219	238	130	114	5	14	0
TCGA-CG-4300-01	53	14	8	13	43	23	9
TCGA-CG-4301-01	16	5	2	2	38	0	1
TCGA-CG-4304-01	13	6	5	7	44	3	5
TCGA-CG-4305-01	361	496	215	162	21	41	15
TCGA-CG-4306-01	558	306	154	110	59	5	0
TCGA-CG-4436-01	68	0	7	7	52	85	1
TCGA-CG-4437-01	67	76	44	40	378	14	30
TCGA-CG-4438-01	38	21	5	11	89	3	4
TCGA-CG-4440-01	15	10	19	0	63	17	29
TCGA-CG-4441-01	46	17	1	2	22	29	18
TCGA-CG-4442-01	312	510	237	458	0	14	49
TCGA-CG-4443-01	7	7	10	8	84	1	0
TCGA-CG-4444-01	34	7	7	0	60	116	6
TCGA-CG-4449-01	9	3	17	11	50	5	16
TCGA-CG-4455-01	8	2	0	3	38	3	0
TCGA-CG-4460-01	1224	333	381	158	0	5	100
TCGA-CG-4462-01	46	0	6	0	19	15	11
TCGA-CG-4465-01	99	305	140	70	10	43	20
TCGA-CG-4466-01	39	5	10	1	70	106	17
TCGA-CG-4469-01	63	31	29	0	64	172	26
TCGA-CG-4474-01	48	10	11	4	25	0	9
TCGA-CG-4475-01	17	7	0	9	33	2	5
TCGA-CG-4476-01	26	17	6	8	80	1	8
TCGA-CG-4477-01	19	7	0	0	39	3	3
TCGA-CG-5716-01	10	0	0	5	4	0	5
TCGA-CG-5717-01	0	14	9	16	109	9	7
TCGA-CG-5718-01	22	7	8	4	56	2	8
TCGA-CG-5719-01	35	5	0	6	42	0	2
TCGA-CG-5720-01	30	9	4	7	48	5	0
TCGA-CG-5721-01	416	152	497	3876	23	0	0
TCGA-CG-5722-01	38	4	2	5	47	1	7
TCGA-CG-5723-01	466	410	468	406	42	29	52
TCGA-CG-5724-01	42	16	8	0	35	34	8
TCGA-CG-5725-01	12	5	2	0	21	2	8
TCGA-CG-5726-01	311	319	433	217	43	6	99
TCGA-CG-5727-01	62	7	11	2	83	4	34
TCGA-CG-5728-01	530	397	292	225	38	40	13
TCGA-CG-5730-01	51	7	18	5	102	0	19
TCGA-CG-5732-01	22	11	0	5	34	5	2
TCGA-CG-5733-01	330	456	187	124	1	28	67
TCGA-CG-5734-01	30	7	18	4	27	14	12
TCGA-D7-5577-01	33	15	4	1	59	14	18
TCGA-D7-5578-01	84	9	18	13	83	79	7
TCGA-D7-5579-01	17	22	10	1	60	35	29
TCGA-D7-6518-01	26	7	14	0	37	10	10
TCGA-D7-6519-01	14	4	0	5	35	1	8
TCGA-D7-6520-01	19	2	7	4	33	5	6
TCGA-D7-6521-01	27	0	7	0	37	0	17
TCGA-D7-6522-01	23	3	5	2	21	10	2
TCGA-D7-6524-01	56	0	4	9	34	0	21
TCGA-D7-6525-01	25	9	19	1	70	48	29
TCGA-D7-6526-01	43	18	11	0	112	65	19
TCGA-D7-6527-01	34	0	20	1	75	128	9
TCGA-D7-6528-01	23	12	31	4	142	178	32
TCGA-D7-6815-01	69	21	21	0	54	6	0
TCGA-D7-6817-01	28	18	11	8	29	11	0
TCGA-D7-6818-01	17	7	16	9	27	116	0
TCGA-D7-6820-01	24	6	3	9	76	2	1
TCGA-D7-6822-01	33	7	12	22	77	136	20
TCGA-D7-8570-01	47	7	11	0	81	6	2
TCGA-D7-8572-01	44	23	5	2	113	9	26
TCGA-D7-8573-01	37	11	7	8	27	9	6
TCGA-D7-8574-01	23	9	0	0	14	3	0
TCGA-D7-8575-01	20	4	0	2	22	0	9
TCGA-D7-8576-01	25	8	10	6	22	0	0
TCGA-D7-8578-01	34	3	15	0	13	0	2
TCGA-D7-8579-01	36	0	19	10	11	60	7
TCGA-D7-A4YT-01	24	38	20	12	233	13	24
TCGA-D7-A4YU-01	72	15	17	6	90	67	18
TCGA-D7-A4YV-01	421	273	223	36	7	21	19
TCGA-D7-A4YX-01	56	1	4	5	32	0	2
TCGA-D7-A4YY-01	133	166	100	27	32	72	20
TCGA-D7-A4Z0-01	23	0	21	0	0	320	2
TCGA-D7-A6ET-01	12	3	0	2	16	0	1
TCGA-D7-A6EV-01	66	21	17	6	58	27	9
TCGA-D7-A6EX-01	31	21	9	0	59	10	23
TCGA-D7-A6EY-01	365	356	315	359	30	136	0
TCGA-D7-A6EZ-01	17	19	26	22	196	23	11
TCGA-D7-A6F0-01	25	12	25	0	65	9	21
TCGA-D7-A6F2-01	38	1	2	10	36	2	1
TCGA-D7-A747-01	21	0	2	0	39	62	2
TCGA-D7-A748-01	20	4	10	0	5	7	5
TCGA-D7-A74A-01	49	0	0	0	134	0	12
TCGA-D7-A74B-01	12	5	0	5	13	3	4
TCGA-EQ-5647-01	18	0	6	5	62	7	12
TCGA-EQ-8122-01	50	24	21	5	100	11	17
TCGA-EQ-A4SO-01	9	19	13	19	132	7	6
TCGA-F1-6177-01	622	414	254	79	0	26	0
TCGA-F1-6874-01	318	406	135	55	27	15	35
TCGA-F1-6875-01	45	11	0	8	39	8	4
TCGA-F1-A448-01	234	190	133	92	0	19	0
TCGA-F1-A72C-01	22	0	10	2	20	7	0
TCGA-FP-7735-01	17	1	0	0	46	0	7
TCGA-FP-7829-01	71	44	26	0	105	24	36
TCGA-FP-7916-01	47	14	19	0	36	2	7
TCGA-FP-7998-01	21	2	8	3	36	3	8
TCGA-FP-8099-01	61	15	16	0	44	0	37
TCGA-FP-8209-01	0	0	1	0	0	0	0
TCGA-FP-8210-01	0	3	0	2	0	0	0
TCGA-FP-8211-01	0	17	9	7	69	5	9
TCGA-FP-8631-01	10	18	3	0	65	7	17
TCGA-FP-A4BE-01	751	474	265	112	0	39	0
TCGA-FP-A4BF-01	33	0	27	3	41	8	10
TCGA-FP-A8CX-01	33	12	1	6	40	12	10
TCGA-FP-A9TM-01	75	23	15	4	90	1	0
TCGA-HF-7131-01	8	0	2	3	82	20	0
TCGA-HF-7132-01	491	402	337	94	1	28	27
TCGA-HF-7133-01	24	13	11	1	38	2	0
TCGA-HF-7134-01	85	19	13	3	111	104	20
TCGA-HF-7136-01	21	1	21	5	39	4	5
TCGA-HF-A5NB-01	477	397	333	300	0	49	0
TCGA-HJ-7597-01	421	222	116	115	0	2	0
TCGA-HU-8238-01	44	8	12	3	70	50	15
TCGA-HU-8243-01	66	3	11	12	61	3	5
TCGA-HU-8244-01	99	6	0	4	48	8	0
TCGA-HU-8245-01	17	10	11	13	18	6	2
TCGA-HU-8249-01	63	18	23	0	54	3	14
TCGA-HU-8602-01	691	503	288	238	0	25	16
TCGA-HU-8604-01	76	20	26	0	61	42	33
TCGA-HU-8608-01	20	6	18	9	43	1	8
TCGA-HU-8610-01	17	0	13	0	19	6	14
TCGA-HU-A4G2-01	21	7	0	5	18	0	12
TCGA-HU-A4G3-01	49	16	6	0	34	10	11
TCGA-HU-A4G6-01	34	13	9	0	26	6	8
TCGA-HU-A4G8-01	619	361	292	300	32	15	2
TCGA-HU-A4G9-01	333	239	124	117	0	28	10
TCGA-HU-A4GC-01	64	0	27	6	40	19	14
TCGA-HU-A4GD-01	32	6	0	9	57	3	0
TCGA-HU-A4GF-01	32	8	31	9	48	27	14
TCGA-HU-A4GH-01	2	8	28	16	25	868	12
TCGA-HU-A4GJ-01	4	2	0	0	0	0	0
TCGA-HU-A4GN-01	415	443	271	104	23	25	18
TCGA-HU-A4GP-01	67	14	35	9	102	12	24
TCGA-HU-A4GQ-01	904	606	316	162	0	42	0
TCGA-HU-A4GT-01	373	484	279	305	0	45	0
TCGA-HU-A4GU-01	27	388	1116	0	42	106	47
TCGA-HU-A4GX-01	543	393	219	152	0	0	22
TCGA-HU-A4GY-01	36	10	6	0	23	4	0
TCGA-HU-A4H0-01	73	25	5	21	77	7	8
TCGA-HU-A4H2-01	63	27	23	8	71	34	2
TCGA-HU-A4H3-01	287	384	175	84	6	35	12
TCGA-HU-A4H4-01	79	176	109	280	47	76	0
TCGA-HU-A4H5-01	27	61	15	12	186	12	15
TCGA-HU-A4H6-01	69	5	8	10	42	11	3
TCGA-HU-A4H8-01	573	358	312	0	27	18	0
TCGA-HU-A4HB-01	4	2	0	0	2	5	0
TCGA-HU-A4HD-01	38	10	14	21	111	14	18
TCGA-IN-7806-01	32	4	0	10	41	2	0
TCGA-IN-7808-01	40	8	18	0	34	15	16
TCGA-IN-8462-01	35	23	15	2	55	10	3
TCGA-IN-8663-01	46	10	17	1	78	73	3
TCGA-IN-A6RI-01	25	7	7	13	33	45	0
TCGA-IN-A6RJ-01	32	19	4	9	46	53	4
TCGA-IN-A6RL-01	0	125	25	44	198	57	115
TCGA-IN-A6RN-01	21	21	0	3	87	10	13
TCGA-IN-A6RO-01	57	33	9	0	188	27	48
TCGA-IN-A6RP-01	59	1	24	0	94	8	16
TCGA-IN-A6RR-01	46	32	7	2	69	35	6
TCGA-IN-A6RS-01	39	10	23	0	53	2	5
TCGA-IN-A7NR-01	19	8	14	0	18	47	7
TCGA-IN-A7NT-01	19	8	20	4	52	30	3
TCGA-IN-A7NU-01	30	4	8	12	34	25	4
TCGA-IN-AB1V-01	15	7	9	3	33	1	7
TCGA-IN-AB1X-01	31	27	0	0	43	24	16
TCGA-IP-7968-01	62	17	8	0	35	11	0
TCGA-KB-A6F5-01	28	5	9	4	32	2	3
TCGA-KB-A6F7-01	18	29	8	2	59	8	0
TCGA-KB-A93G-01	27	7	10	0	73	0	10
TCGA-KB-A93H-01	64	22	32	13	83	49	21
TCGA-KB-A93J-01	10	7	11	2	16	2	7
TCGA-MX-A5UG-01	16	1	11	0	19	0	9
TCGA-MX-A5UJ-01	675	375	311	121	17	32	3
TCGA-MX-A663-01	13	0	16	1	61	0	15
TCGA-MX-A666-01	22	8	4	1	79	9	18
TCGA-R5-A7O7-01	40	8	11	6	66	11	9
TCGA-R5-A7ZE-01	41	0	18	1	77	40	24
TCGA-R5-A7ZF-01	32	15	11	6	17	1	3
TCGA-R5-A7ZI-01	273	256	198	136	3	15	51
TCGA-R5-A7ZR-01	31	8	3	3	31	3	11
TCGA-R5-A804-01	35	4	1	0	39	11	3
TCGA-R5-A805-01	32	0	0	0	29	97	0
TCGA-RD-A7BS-01	22	12	3	1	24	1	8
TCGA-RD-A7BT-01	17	3	11	0	77	169	6
TCGA-RD-A7BW-01	30	2	0	13	37	1	7
TCGA-RD-A7C1-01	138	9	14	23	100	53	0
TCGA-RD-A8MV-01	14	0	19	1	25	10	16
TCGA-RD-A8MW-01	12	1	14	1	52	11	2
TCGA-RD-A8N0-01	0	0	2	0	0	0	0
TCGA-RD-A8N1-01	2	20	0	20	69	9	10
TCGA-RD-A8N2-01	0	0	1	0	1	0	0
TCGA-RD-A8N4-01	1	0	3	0	5	0	0
TCGA-RD-A8N5-01	20	0	0	1	13	3	6
TCGA-RD-A8N6-01	67	0	11	23	80	2	10
TCGA-RD-A8N9-01	58	11	8	3	46	15	16
TCGA-RD-A8NB-01	222	277	119	66	0	19	30
TCGA-SW-A7EA-01	170	217	107	97	47	40	9
TCGA-SW-A7EB-01	13	0	28	0	117	2	18
TCGA-VQ-A8DL-01	8	9	14	3	28	5	1
TCGA-VQ-A8DT-01	60	16	10	0	66	57	22
TCGA-VQ-A8DU-01	44	8	8	7	36	70	1
TCGA-VQ-A8DV-01	32	9	0	0	25	6	5
TCGA-VQ-A8DZ-01	12	18	8	3	49	10	7
TCGA-VQ-A8E0-01	21	10	4	6	59	9	14
TCGA-VQ-A8E2-01	35	17	17	5	44	29	0
TCGA-VQ-A8E3-01	216	269	123	157	6	28	0
TCGA-VQ-A8E7-01	57	7	23	0	33	11	9
TCGA-VQ-A8P2-01	1876	3622	1691	0	734	0	1012
TCGA-VQ-A8P3-01	33	0	12	13	13	289	1
TCGA-VQ-A8P5-01	46	0	47	7	80	72	10
TCGA-VQ-A8P8-01	61	0	17	0	48	4	0
TCGA-VQ-A8PB-01	374	257	129	97	0	0	32
TCGA-VQ-A8PC-01	19	22	10	9	36	56	8
TCGA-VQ-A8PD-01	44	0	19	0	25	12	4
TCGA-VQ-A8PE-01	49	7	2	4	81	9	1
TCGA-VQ-A8PF-01	36	5	11	1	40	28	14
TCGA-VQ-A8PH-01	20	16	13	30	142	19	1
TCGA-VQ-A8PJ-01	15	12	9	8	54	71	17
TCGA-VQ-A8PK-01	0	0	9	1	43	46	17
TCGA-VQ-A8PM-01	11	1	10	3	16	22	3
TCGA-VQ-A8PO-01	153	412	120	175	0	42	0
TCGA-VQ-A8PP-01	339	491	316	375	0	47	0
TCGA-VQ-A8PQ-01	6	2	0	2	6	1	0
TCGA-VQ-A8PS-01	13	3	3	3	31	1	5
TCGA-VQ-A8PT-01	329	490	363	142	76	3	30
TCGA-VQ-A8PU-01	25	21	1	11	94	1	3
TCGA-VQ-A8PX-01	77	146	152	274	0	41	0
TCGA-VQ-A8PY-01	15	28	12	0	25	16	18
TCGA-VQ-A8PZ-01	62	11	5	0	24	5	0
TCGA-VQ-A91A-01	43	17	18	9	54	10	6
TCGA-VQ-A91D-01	894	514	659	452	99	3	0
TCGA-VQ-A91E-01	195	248	127	231	14	36	9
TCGA-VQ-A91K-01	555	394	204	83	178	30	25
TCGA-VQ-A91N-01	33	6	25	1	63	15	12
TCGA-VQ-A91Q-01	25	14	3	2	81	11	1
TCGA-VQ-A91S-01	2	10	14	0	151	106	29
TCGA-VQ-A91U-01	65	7	24	2	70	6	15
TCGA-VQ-A91V-01	20	0	16	0	31	208	23
TCGA-VQ-A91W-01	16	2	2	0	21	6	2
TCGA-VQ-A91X-01	29	18	33	8	55	104	8
TCGA-VQ-A91Y-01	25	2	6	1	17	2	3
TCGA-VQ-A91Z-01	51	25	0	0	77	17	1
TCGA-VQ-A922-01	14	21	15	9	78	43	27
TCGA-VQ-A923-01	52	2	3	6	46	0	18
TCGA-VQ-A924-01	349	677	141	118	0	31	7
TCGA-VQ-A925-01	13	10	4	0	86	28	14
TCGA-VQ-A927-01	13	12	4	6	13	16	3
TCGA-VQ-A928-01	7	17	7	0	36	0	9
TCGA-VQ-A92D-01	28	33	9	9	64	4	16
TCGA-VQ-A94O-01	29	7	0	10	29	0	4
TCGA-VQ-A94P-01	17	7	0	0	10	65	1
TCGA-VQ-A94R-01	60	20	18	19	172	53	30
TCGA-VQ-A94T-01	23	2	16	3	39	0	17
TCGA-VQ-A94U-01	63	13	12	0	76	29	0
TCGA-VQ-AA64-01	4	15	21	12	219	23	15
TCGA-VQ-AA68-01	47	7	9	1	65	79	0
TCGA-VQ-AA69-01	31	4	13	2	31	0	0
TCGA-VQ-AA6A-01	41	6	2	10	31	27	5
TCGA-VQ-AA6B-01	31	2	20	2	42	3	0
TCGA-VQ-AA6D-01	0	95	479	106	130	64	36
TCGA-VQ-AA6F-01	7	0	13	4	25	0	13
TCGA-VQ-AA6G-01	62	12	11	9	35	27	10
TCGA-VQ-AA6I-01	27	3	26	0	50	10	10
TCGA-VQ-AA6J-01	36	6	18	0	46	70	0
TCGA-VQ-AA6K-01	26	12	8	3	37	1	5
TCGA-ZA-A8F6-01	13	0	4	2	33	0	6
TCGA-ZQ-A9CR-01	23	9	12	14	48	27	11
