MutationType	DBS78A	DBS78B	DBS78C	DBS78D	DBS78E	DBS78F	DBS78G	DBS78H	DBS78I
AC>CA	5.94E-04	6.28E-04	1.44E-03	2.05E-04	7.38E-04	1.23E-03	2.24E-03	1.44E-03	2.06E-03
AC>CG	7.55E-04	3.06E-04	1.20E-04	7.73E-04	1.44E-07	1.63E-04	2.35E-04	1.02E-04	1.68E-04
AC>CT	4.95E-08	3.78E-04	1.12E-03	1.12E-03	6.22E-04	1.55E-03	1.17E-03	9.65E-04	1.17E-03
AC>GA	8.28E-08	1.13E-03	2.10E-03	8.01E-04	2.84E-03	8.86E-04	1.77E-03	1.01E-03	1.67E-03
AC>GG	5.23E-08	9.26E-08	9.43E-08	7.44E-04	6.27E-04	1.14E-03	1.45E-03	1.57E-03	1.72E-03
AC>GT	5.06E-08	2.69E-04	5.09E-04	6.30E-05	6.26E-04	7.23E-04	9.07E-04	5.04E-04	3.55E-04
AC>TA	4.02E-08	6.15E-04	1.06E-03	2.07E-03	4.96E-04	2.73E-03	2.76E-03	4.19E-03	1.94E-03
AC>TG	4.73E-08	7.98E-04	1.30E-03	1.07E-07	8.59E-04	9.11E-04	1.45E-03	3.07E-04	1.19E-04
AC>TT	9.19E-04	3.51E-04	1.01E-03	1.05E-03	1.13E-03	1.48E-03	1.75E-03	7.99E-04	1.99E-03
AT>CA	4.64E-08	1.45E-04	3.71E-04	6.67E-04	8.31E-04	4.96E-04	3.38E-03	2.49E-03	1.56E-03
AT>CC	4.93E-08	1.03E-07	9.13E-08	9.99E-08	1.54E-07	1.98E-07	2.29E-07	1.97E-07	3.49E-07
AT>CG	4.93E-08	1.03E-07	9.13E-08	9.99E-08	1.54E-07	1.98E-07	2.29E-07	1.97E-07	3.49E-07
AT>GA	2.45E-04	2.16E-03	4.76E-04	2.45E-04	8.88E-04	8.32E-04	1.36E-03	1.20E-03	1.63E-03
AT>GC	4.93E-08	1.03E-07	9.13E-08	9.99E-08	1.54E-07	1.98E-07	2.29E-07	1.97E-07	3.49E-07
AT>TA	5.28E-08	9.26E-04	3.30E-04	8.81E-04	6.03E-04	1.75E-04	5.44E-04	9.26E-04	4.85E-04
CC>AA	1.73E-03	7.81E-03	9.05E-03	5.34E-03	9.55E-03	4.11E-03	7.44E-03	3.62E-03	3.99E-03
CC>AG	9.45E-04	2.64E-03	2.31E-03	2.08E-03	2.28E-03	5.72E-03	3.10E-03	2.77E-03	2.85E-03
CC>AT	1.83E-03	4.27E-03	4.60E-03	1.88E-03	2.85E-03	3.50E-03	4.51E-03	1.90E-03	3.32E-03
CC>GA	3.85E-08	2.66E-03	2.13E-03	2.20E-03	1.46E-03	2.95E-03	3.28E-03	2.14E-03	3.05E-03
CC>GG	3.59E-08	2.82E-04	2.78E-04	9.26E-04	6.84E-05	1.19E-03	2.75E-04	6.55E-04	4.00E-04
CC>GT	2.23E-03	1.16E-03	1.10E-03	9.91E-04	3.22E-03	2.98E-03	2.02E-03	3.58E-03	1.04E-02
CC>TA	2.05E-03	1.21E-03	2.94E-03	2.58E-04	7.87E-04	2.20E-03	8.20E-04	1.28E-03	1.22E-03
CC>TG	7.21E-04	2.88E-04	1.08E-03	9.85E-04	1.96E-04	4.79E-04	2.35E-04	2.62E-04	3.56E-04
CC>TT	4.99E-03	4.10E-03	1.78E-03	1.69E-03	1.95E-03	3.22E-03	3.10E-03	5.69E-03	6.44E-03
CG>AT	5.37E-08	1.17E-07	2.18E-04	2.02E-04	4.97E-04	6.29E-05	3.99E-04	5.09E-04	3.34E-04
CG>GC	4.93E-08	1.03E-07	9.13E-08	9.99E-08	1.54E-07	1.98E-07	2.29E-07	1.97E-07	3.49E-07
CG>GT	2.01E-04	3.37E-04	1.18E-03	5.82E-04	4.68E-04	8.85E-04	1.09E-03	1.13E-03	1.95E-03
CG>TA	3.56E-04	9.25E-04	9.28E-04	9.72E-04	7.57E-04	2.37E-03	4.28E-03	4.20E-03	3.50E-03
CG>TC	4.93E-08	1.03E-07	9.13E-08	9.99E-08	1.54E-07	1.98E-07	2.29E-07	1.97E-07	3.49E-07
CG>TT	4.93E-08	1.03E-07	9.13E-08	9.99E-08	1.54E-07	1.98E-07	2.29E-07	1.97E-07	3.49E-07
CT>AA	9.63E-04	1.92E-03	2.61E-03	1.03E-03	3.26E-03	3.11E-03	3.40E-03	2.12E-03	4.34E-03
CT>AC	6.14E-08	9.57E-04	9.92E-04	1.68E-04	5.62E-04	1.42E-04	3.02E-04	5.33E-04	9.56E-04
CT>AG	4.71E-08	1.70E-03	7.55E-04	1.95E-03	1.17E-03	2.77E-03	9.38E-04	5.29E-03	1.51E-03
CT>GA	4.78E-08	9.32E-04	3.72E-04	1.67E-03	5.06E-04	3.40E-04	5.67E-04	5.08E-04	5.02E-04
CT>GC	1.07E-03	3.55E-04	2.47E-03	9.17E-04	1.56E-04	1.46E-03	1.26E-03	9.85E-04	1.10E-03
CT>GG	8.15E-04	8.72E-04	2.50E-04	9.61E-04	5.63E-04	6.29E-04	1.21E-03	7.33E-04	1.45E-03
CT>TA	2.38E-03	1.14E-03	4.02E-03	6.27E-04	2.12E-03	5.11E-03	2.07E-03	2.26E-03	4.14E-03
CT>TC	8.08E-04	6.43E-04	1.24E-03	2.80E-04	3.70E-03	1.17E-03	3.33E-03	6.42E-04	2.55E-03
CT>TG	3.16E-04	3.65E-04	5.54E-04	1.52E-03	1.08E-03	2.02E-03	6.10E-03	2.34E-03	4.17E-03
GC>AA	1.52E-03	3.32E-03	3.64E-03	1.87E-03	5.42E-03	2.94E-03	4.25E-03	5.25E-03	6.07E-03
GC>AG	1.42E-03	3.15E-03	2.91E-03	3.84E-04	1.40E-03	2.65E-03	1.93E-03	4.68E-03	2.97E-03
GC>AT	2.29E-04	1.89E-03	1.01E-03	4.85E-04	6.76E-04	4.10E-03	2.15E-03	2.79E-03	2.74E-03
GC>CA	8.91E-04	4.07E-04	4.65E-04	1.88E-03	1.03E-03	9.94E-04	2.37E-03	2.48E-03	3.03E-03
GC>CG	4.93E-08	1.03E-07	9.13E-08	9.99E-08	1.54E-07	1.98E-07	2.29E-07	1.97E-07	3.49E-07
GC>TA	2.81E-04	5.36E-04	1.38E-03	9.12E-04	3.05E-04	8.84E-04	8.19E-04	7.99E-04	1.43E-03
TA>AT	7.36E-04	7.10E-04	1.20E-03	9.53E-04	1.38E-03	1.92E-03	4.46E-03	2.95E-03	2.41E-03
TA>CG	4.11E-08	1.02E-04	1.63E-04	1.19E-03	2.46E-04	5.90E-04	1.55E-03	1.51E-03	2.44E-03
TA>CT	3.95E-08	3.71E-04	1.81E-03	1.94E-03	1.39E-03	3.39E-03	3.32E-03	2.36E-03	4.10E-03
TA>GC	4.93E-08	1.03E-07	9.13E-08	9.99E-08	1.54E-07	1.98E-07	2.29E-07	1.97E-07	3.49E-07
TA>GG	7.70E-05	8.54E-08	1.63E-04	7.13E-04	1.42E-04	5.03E-04	1.79E-03	1.35E-03	1.19E-03
TA>GT	7.94E-08	7.99E-04	1.80E-03	9.68E-08	1.28E-03	1.70E-03	2.62E-03	1.50E-03	1.75E-03
TC>AA	9.92E-04	2.11E-03	3.43E-03	5.81E-03	6.07E-03	6.80E-03	5.74E-03	8.25E-03	5.46E-03
TC>AG	2.23E-03	4.82E-04	4.00E-03	1.17E-03	3.49E-03	4.91E-03	1.39E-03	3.11E-03	2.41E-03
TC>AT	4.30E-03	2.28E-03	2.91E-03	1.77E-03	2.91E-03	4.48E-03	3.92E-03	6.27E-03	5.12E-03
TC>CA	6.89E-04	1.84E-03	2.77E-03	2.63E-03	3.44E-03	2.93E-03	5.61E-03	3.44E-03	2.35E-03
TC>CG	2.80E-04	4.94E-04	1.65E-03	1.58E-03	6.35E-04	8.34E-04	1.01E-03	5.72E-04	1.74E-03
TC>CT	1.57E-03	1.84E-03	2.02E-03	1.36E-03	1.31E-03	1.57E-03	1.77E-03	1.18E-03	1.81E-03
TC>GA	3.16E-08	2.39E-03	1.82E-03	9.90E-04	2.51E-03	1.50E-03	2.67E-03	3.69E-03	2.23E-03
TC>GG	7.37E-04	1.07E-03	3.04E-04	9.79E-04	2.40E-04	6.51E-05	5.84E-04	2.28E-04	2.68E-04
TC>GT	9.09E-04	3.60E-04	5.80E-04	4.40E-04	1.18E-03	1.15E-03	2.76E-03	2.67E-03	4.63E-03
TG>AA	4.36E-08	9.43E-04	1.09E-03	1.44E-03	6.41E-04	2.22E-04	8.33E-04	7.33E-04	3.98E-04
TG>AC	5.56E-08	8.90E-04	2.17E-04	1.06E-07	8.25E-05	3.54E-07	2.92E-04	6.49E-04	1.53E-04
TG>AT	3.43E-08	1.88E-03	2.02E-03	3.02E-03	1.57E-03	2.78E-03	2.68E-03	2.90E-03	3.09E-03
TG>CA	9.58E-04	1.32E-03	1.38E-03	1.41E-03	4.62E-03	4.80E-03	5.03E-03	3.17E-03	4.84E-03
TG>CC	9.14E-04	7.69E-04	1.11E-03	8.15E-04	1.22E-03	2.85E-03	3.28E-03	3.47E-03	3.84E-03
TG>CT	1.35E-04	3.25E-03	3.35E-03	3.59E-03	2.95E-03	7.21E-03	5.89E-03	5.13E-03	6.39E-03
TG>GA	4.68E-08	2.16E-04	2.72E-04	1.09E-03	5.27E-04	4.02E-04	8.16E-04	8.69E-04	1.55E-03
TG>GC	7.17E-05	3.64E-04	4.14E-04	1.15E-03	3.02E-04	7.23E-04	1.07E-03	1.77E-03	1.73E-03
TG>GT	1.30E-03	9.87E-04	1.36E-03	1.41E-03	7.30E-04	2.27E-03	1.48E-03	1.70E-03	3.06E-03
TT>AA	1.09E-03	3.71E-04	1.00E-03	2.95E-03	8.00E-04	2.46E-03	1.74E-03	1.52E-03	4.26E-03
TT>AC	4.78E-08	1.02E-04	8.55E-08	1.03E-03	1.45E-07	1.90E-07	1.18E-04	1.02E-04	3.22E-07
TT>AG	4.43E-08	4.33E-04	1.29E-03	3.72E-04	1.23E-03	1.79E-03	2.80E-03	1.02E-03	2.83E-03
TT>CA	7.24E-04	1.07E-07	1.05E-07	8.73E-08	1.52E-07	2.13E-07	2.13E-07	1.97E-07	1.68E-04
TT>CC	7.79E-04	8.92E-04	1.22E-04	8.43E-08	1.14E-04	4.04E-07	6.47E-07	2.39E-04	1.84E-04
TT>CG	1.54E-04	5.17E-04	6.02E-04	6.52E-04	1.09E-03	1.78E-03	1.69E-03	1.49E-03	2.83E-03
TT>GA	4.93E-08	1.03E-07	9.13E-08	9.99E-08	1.54E-07	1.98E-07	2.29E-07	1.97E-07	3.49E-07
TT>GC	8.80E-08	1.05E-07	1.06E-03	7.50E-04	5.25E-04	1.72E-03	7.91E-04	1.75E-03	2.02E-03
TT>GG	4.94E-08	3.32E-04	7.98E-04	1.12E-07	3.19E-04	2.86E-04	5.36E-04	4.06E-04	3.28E-07
