MutationType	DBS78A	DBS78B	DBS78C	DBS78D	DBS78E	DBS78F	DBS78G	DBS78H	DBS78I
AC>CA	0.0022006555172053768	0.002291353943172112	0.00567946726605367	0.00033826705138219505	0.002998002848185024	0.004610804760922278	0.017012052467693762	0.004359848837332976	0.012555270371580036
AC>CG	0.007928632447921018	0.00030707241667194296	0.00016847194877401606	0.007728947746628023	1.6943584871853546e-06	0.0002182958866893614	0.0003252211186517684	0.0001053175076314794	0.00024134532428547574
AC>CT	8.213751976882122e-07	0.0010141976721556034	0.004744083084356987	0.009631715784415747	0.003255575687111616	0.008172073934087223	0.005221786586126313	0.004391529452982467	0.00501010140857943
AC>GA	5.032480390517862e-07	0.004905564182051041	0.026441034714836747	0.0015608739450460973	0.022654219862241688	0.001649078364223584	0.008192336462816315	0.0038726969734362627	0.004883334687738739
AC>GG	1.0547911341518557e-06	1.2208662445800655e-06	1.4926869900477868e-06	0.0015455232529507157	0.0013526063752941297	0.0022183018564624034	0.005725555686053952	0.0043807832170242025	0.005875207411638712
AC>GT	1.1465610207789245e-06	0.00048749660828832474	0.0010789992857505126	6.467875493378017e-05	0.0021599279650166637	0.002393848955764071	0.003104489888595481	0.0011655953536813968	0.000688032086738275
AC>TA	4.7354563355028744e-07	0.0016147980973230246	0.00841902575598283	0.020685903084201273	0.001253789895386852	0.020605675470383104	0.012749509077394663	0.036188475844653144	0.00809393778114071
AC>TG	1.0105957277772859e-06	0.002415090561126192	0.006150539503464642	1.159585041250466e-06	0.002658010853193673	0.0025023908379187177	0.005993373224670222	0.0005056858305007239	0.00012494168683247153
AC>TT	0.012865782925082385	0.0007667161458786491	0.0033751077035097587	0.00907149701543119	0.005746361391339914	0.008341817224713282	0.0126370712937441	0.0031669676531934955	0.011317149070574146
AT>CA	8.475711638622485e-07	0.0002682962753277707	0.0006335798472196075	0.002151963167994495	0.003599916736634441	0.0011516242444891134	0.010390317504202358	0.02002650768084834	0.00589449098284831
AT>CC	1.3178580334383127e-06	1.417111294017559e-06	1.7706747161128079e-06	1.6061201256434287e-06	2.665080079253812e-06	3.6619425253547887e-06	3.7893571925451396e-06	3.9220412270424275e-06	7.1703890533569846e-06
AT>CG	1.3178580334383127e-06	1.417111294017559e-06	1.7706747161128079e-06	1.6061201256434287e-06	2.665080079253812e-06	3.6619425253547887e-06	3.7893571925451396e-06	3.9220412270424275e-06	7.1703890533569846e-06
AT>GA	0.000246548782951983	0.010765882002878015	0.0013580030715343127	0.00040068955525711657	0.003909050598304589	0.0015465639790642172	0.0038520146619271146	0.004749196833878386	0.00522861439772214
AT>GC	1.3178580334383127e-06	1.417111294017559e-06	1.7706747161128079e-06	1.6061201256434287e-06	2.665080079253812e-06	3.6619425253547887e-06	3.7893571925451396e-06	3.9220412270424275e-06	7.1703890533569846e-06
AT>TA	9.636530663215125e-07	0.007565206879524737	0.0007585054868625463	0.008470027307510578	0.002598584876731991	0.00023356669688425312	0.0015321530492076363	0.0029024581258056516	0.0006896837331743199
CC>AA	0.026380525218720835	0.24606422767043112	0.22167499275878072	0.11344419032775704	0.2518079875378294	0.035921878448934734	0.10592846540082973	0.017136619562621084	0.03269480979913842
CC>AG	0.00891813618983651	0.049957896113325545	0.023875219282743814	0.031205181313571303	0.027478494479771597	0.07351019879781688	0.025226534895812662	0.015359885435658143	0.020002617873419126
CC>AT	0.031519545461051166	0.10434334915334148	0.10319411110890997	0.027302050353828235	0.027375087028506186	0.03630422980135393	0.04136850946955747	0.009688539243749262	0.025556964414080598
CC>GA	1.7863690308983494e-07	0.03838856950357695	0.017437859178199632	0.03586183596597152	0.010760673446402294	0.02295444463056896	0.02960157253603313	0.013661277513820949	0.020033414766181135
CC>GG	9.918575099732151e-07	0.0005238543186725586	0.0005075778551093891	0.008741792033833917	7.053728496792645e-05	0.008001180890447301	0.0004469475364433606	0.0019537091594077085	0.0005294531249711554
CC>GT	0.03680689263827503	0.006918832631074183	0.0027871062120889433	0.0020687170186870054	0.01735499374412598	0.012845763445847353	0.013326235094803175	0.027861225184973647	0.12045068516013088
CC>TA	0.05202822880289887	0.011305547740244316	0.030121971774781285	0.0004132021507846417	0.003987481667508632	0.01715312080606111	0.0034008169146753885	0.005102411348059163	0.002864689520406083
CC>TG	0.006221507898610241	0.0008520178639548704	0.007768860068625543	0.009526536703660327	0.000350308980712839	0.0008345681256926695	0.00032486106439790776	0.00026482540709722003	0.0005093975809802487
CC>TT	0.28688147068023684	0.06108265120742999	0.01411939218737743	0.019236293104944478	0.01716870054548231	0.017822623459064175	0.021124238725891295	0.04804359917378576	0.04156193983189837
CG>AT	1.2095338008677459e-06	1.263014471533097e-06	0.00048643908494000243	0.0004222018527090654	0.0020445536300962887	6.636937497660256e-05	0.0011153013571106386	0.0015514774857047088	0.00044163146596119416
CG>GC	1.3178580334383127e-06	1.4171112985650325e-06	1.7706747161128079e-06	1.6061201256434287e-06	2.6650800786143234e-06	3.6619425253547887e-06	3.7893571925451396e-06	3.9220412270424275e-06	7.1703890533569846e-06
CG>GT	0.0002604393438627284	0.0009725149070220595	0.008330658262702002	0.001263970130870149	0.0011629165707671518	0.0031613586824242646	0.0028375024539937497	0.0023906193962849897	0.007859193744060917
CG>TA	0.0006115350702133782	0.001154596412793154	0.0021616668216859125	0.002469943380281219	0.0019248906957822242	0.01178151144879223	0.02125763363639578	0.01825498139643038	0.021468143412909625
CG>TC	1.3178580334383127e-06	1.417111294017559e-06	1.7706747161128079e-06	1.6061201256434287e-06	2.665080079253812e-06	3.6619425253547887e-06	3.7893571925451396e-06	3.9220412270424275e-06	7.1703890533569846e-06
CG>TT	1.3178580334383127e-06	1.4171112985650325e-06	1.7706747161128079e-06	1.6061201256434287e-06	2.6650800786143234e-06	3.6619425253547887e-06	3.7893571925451396e-06	3.9220412270424275e-06	7.1703890533569846e-06
CT>AA	0.01260441783346181	0.01719318677935192	0.03192188708631079	0.008579945712307548	0.03381870154295143	0.032144719833059415	0.030314859984308953	0.010974456430000857	0.02804311009168259
CT>AC	9.069654549875849e-07	0.008204577474064223	0.006617247202173076	0.0002831875667256156	0.002519466953032712	0.000193645963004343	0.0008741437231728355	0.0018627577343312395	0.0013208149802153458
CT>AG	4.091780289883218e-07	0.018264237751172915	0.0022113092574247515	0.0297469406597736	0.005665406681433751	0.0249348921651017	0.004503689071962355	0.06366407696890633	0.005720106916612764
CT>GA	8.785228098417974e-07	0.007542647491514316	0.0008455440364184597	0.018543170611531535	0.0018730284268053765	0.0006355422092201479	0.0015012372231864824	0.0020943413387257692	0.000841847404696523
CT>GC	0.011143681407431246	0.0005935359152358899	0.0034996119687480134	0.00841992601702941	0.00015797482643122862	0.008404708866819703	0.002348897514844879	0.003083699759929175	0.003010570637021033
CT>GG	0.007030276066865042	0.007475360256496621	0.00041683628949563457	0.008294579706996501	0.0013348955332887868	0.0016858204689623336	0.00462351361413809	0.0014445436988935966	0.007182402554171006
CT>TA	0.06681899524745631	0.003226800271141883	0.02574589211495578	0.0016088199939658665	0.016882468907176217	0.026897921786686537	0.012443752531703182	0.013194754253954671	0.023359004036984175
CT>TC	0.007242349605875802	0.0008584767781496794	0.002866345136999229	0.0003945645418298227	0.024113610017795394	0.0025351141722174475	0.012765836174346958	0.0013452506448726354	0.012104539764027748
CT>TG	0.0010958072607595007	0.0005458562766543906	0.0013958125726148296	0.011283202906752372	0.0045640908072618735	0.006542578690397178	0.03293715708290635	0.008890739042125126	0.01973798319331962
GC>AA	0.0232939220938556	0.055278356993981106	0.041512120984816644	0.020743856643503592	0.09600291348062456	0.019366141745895078	0.046734617063473254	0.06204795219948977	0.03754734132694224
GC>AG	0.017999078529387022	0.04113163799533609	0.042114781982025985	0.0006341973076862217	0.007989629420217845	0.024706850998042994	0.010968712616734705	0.046562065021926745	0.015562812158706087
GC>AT	0.00023002644075042155	0.015445002748469392	0.0036643568480187127	0.0011855253058966752	0.0025281427731558637	0.04288761347383705	0.01036456967595754	0.014643438359496948	0.017132588989748284
GC>CA	0.008127526773158778	0.0009449180578146077	0.0009429162637719557	0.023777815205697977	0.00545567862893364	0.00238871140820899	0.013506421726594766	0.00903264285035938	0.02282504326513333
GC>CG	1.3178580334383127e-06	1.417111294017559e-06	1.7706747161128079e-06	1.6061201256434287e-06	2.665080079253812e-06	3.6619425253547887e-06	3.7893571925451396e-06	3.9220412270424275e-06	7.1703890533569846e-06
GC>TA	0.000523864947624304	0.001316551098301062	0.009248830162568921	0.008702267044252494	0.0006749583449909125	0.0026004440806873673	0.002022724425418403	0.001915978512757235	0.005625103322335008
TA>AT	0.006160764097136138	0.00201345690833179	0.004876754259888995	0.00300132057092398	0.008948552418192434	0.013412765289819148	0.030534462339516323	0.015381585281708396	0.015160805351052319
TA>CG	9.427848669929517e-07	0.00010309776318045749	0.0001643392042830527	0.011233856519734787	0.00042381355984502986	0.0013063090222192387	0.006252013215880084	0.004085150540972364	0.007403512471098246
TA>CT	3.8075885230526294e-07	0.001183712438982809	0.007835307037377727	0.028362203329572254	0.00758094962737573	0.020248026567988974	0.023924997218870345	0.010626577923415538	0.030258946252820593
TA>GC	1.3178580334383127e-06	1.417111294017559e-06	1.7706747161128079e-06	1.6061201256434287e-06	2.665080079253812e-06	3.6619425253547887e-06	3.7893571925451396e-06	3.9220412270424275e-06	7.1703890533569846e-06
TA>GG	7.804074500352697e-05	1.2147986819854851e-06	0.00016448931009833246	0.0016396497730882232	0.000143586808528795	0.0009842376252004214	0.008976543719442986	0.00388265955884151	0.004183686982663631
TA>GT	7.852040564415574e-07	0.0034419863390452578	0.015928884402988217	8.117145310393425e-07	0.005848151623185078	0.005547283785408013	0.012720859559744042	0.003823692915136121	0.007349062269706081
TC>AA	0.008818443967961968	0.02196130197401544	0.05662837085314095	0.13518678054213523	0.12051972796209157	0.08457271326818727	0.07617961707564064	0.12620033048937215	0.05385640216006378
TC>AG	0.048003348613410705	0.0011230074024658166	0.02719213272471883	0.010044113356675837	0.01800630861125171	0.035966304710156834	0.005056536173370461	0.01193115023611469	0.01041523552196736
TC>AT	0.18836427204310893	0.037001027672331474	0.04867928879990359	0.011931587272993056	0.03718881711295126	0.041988414081363314	0.04002533211037871	0.10079775990494454	0.03582149682007582
TC>CA	0.007597817750999667	0.01471530210520882	0.02465506634054144	0.043204424100140956	0.03938987483591525	0.009578336129056701	0.03487295017371594	0.029951389624424393	0.010976393220513928
TC>CG	0.0012130649672164396	0.001103382210810846	0.010477573637855927	0.018908334918984762	0.0008125381581618285	0.0020833534935802336	0.002963011914283058	0.0012106241180559606	0.005956396995930504
TC>CT	0.029444157010217395	0.023916225383610268	0.024710673860084853	0.015378041002867491	0.010584377189913141	0.0063246549037972956	0.010236042873968359	0.003861432530625848	0.009101682064119565
TC>GA	1.8888972697084228e-07	0.03500117577148672	0.01034612081046859	0.009922074363852857	0.019962694479055756	0.008819516143793464	0.009708591321010651	0.04225337292036897	0.008017996252367467
TC>GG	0.007322178021978516	0.008791277232653378	0.0003552296504526353	0.009034952369342477	0.00034240295356156023	6.742283869272114e-05	0.0005870590781940166	0.0002887196364494571	0.00027218075530385024
TC>GT	0.00943923314857166	0.0009705938452482599	0.001700885607512248	0.0011904054518564245	0.00821214064094491	0.0040558018807738	0.020800810775068613	0.011457937573800123	0.0366533825569104
TG>AA	7.169270119788962e-07	0.008933000998142404	0.0068699232571644946	0.019726570284461217	0.0027902291602315897	0.0003673790012936706	0.0021207432843142015	0.002402597101916513	0.0006621856604513709
TG>AC	1.2174454309388238e-06	0.007220671305468116	0.00021866625494595837	1.3040821067988872e-06	8.460906520994626e-05	3.520184910144053e-06	0.00029536465628893894	0.0008580284277047667	0.00016010838401243178
TG>AT	1.9589483250204153e-07	0.025799099184236098	0.02432466333758157	0.046039601027662795	0.011660697394678437	0.03326037369871131	0.02291088905875597	0.016634310139832565	0.020833369901699116
TG>CA	0.008255430014972802	0.011137014101425109	0.0071639555068578175	0.01230682198890097	0.0470607925398258	0.037592716194353754	0.03547568428256511	0.018311922670922912	0.023694903545113277
TG>CC	0.009381735436150259	0.0025977361674582866	0.004519313217205579	0.0021897411296853877	0.005213210612814692	0.015006231306314817	0.017623767229611644	0.020995972135795567	0.022220434983946866
TG>CT	0.00013539046770901563	0.04646350047910062	0.028763163018720093	0.06940592895713053	0.02416108012738505	0.13257082080646115	0.05402386106456903	0.04721858273419173	0.04593952091833614
TG>GA	1.0549743784361498e-06	0.00027806750870700724	0.0005158428072006416	0.008590663543019588	0.0009540347977445407	0.0009487763115382108	0.0036624748067652035	0.0013225080454594717	0.0067304925017509735
TG>GC	7.256804724329768e-05	0.0005064679335002608	0.0008821645927228161	0.009895391658773178	0.0005943396688706848	0.0016126452237648437	0.004111644897003544	0.012288526564904033	0.007541879513361209
TG>GT	0.015450884099856666	0.002333417659215371	0.009622542985505014	0.01715411231912782	0.002640738188561329	0.018396354371458354	0.007097678350522472	0.00785017980835832	0.013770257999426008
TT>AA	0.016223292222760612	0.0008164901935052882	0.007032023644881278	0.04812585830129592	0.00250027139974101	0.007969569363948707	0.00803131600789345	0.00313029782424195	0.030549963730088763
TT>AC	1.2174000763920389e-06	0.00010332271155675698	1.5413428823762843e-06	0.008280983130080131	2.42190364531325e-06	3.2185942575324587e-06	0.00012188547013977313	0.00010596924825222232	6.449902792695638e-06
TT>AG	7.843126688555912e-07	0.001143727159432828	0.0048633634705942085	0.0006896005801713301	0.003674604864574178	0.00885170885962367	0.015213800454583861	0.00369046850540343	0.016973357209078017
TT>CA	0.006905832378016612	1.2328669885164345e-06	1.3857200130473756e-06	1.3763579096348622e-06	2.178736343410037e-06	3.027899937535494e-06	3.1546472911259114e-06	3.161418415587036e-06	0.0002423558618181687
TT>CC	0.007915729681736537	0.007273967974712861	0.0001670276990404318	1.0750503278700307e-06	0.00019486205022829496	2.8784962520944645e-06	3.4948992518479826e-06	0.000486282412967185	0.0002613643112061936
TT>CG	0.00020487683914481635	0.0010089810719625801	0.0014857735330460287	0.0015993010589761348	0.0014183680703072589	0.00786341408997032	0.003793526500593316	0.004461090607500182	0.013446877299908238
TT>GA	1.3178580351436153e-06	1.4171112997019008e-06	1.7706747274814916e-06	1.6061201137063109e-06	2.6650800828065258e-06	3.661942495796211e-06	3.7893572181246783e-06	3.922041207715665e-06	7.170389043977821e-06
TT>GC	1.2251838737142861e-06	1.0682621760338407e-06	0.0021623642923123045	0.00113213089732227	0.0008797896864572685	0.00991778782771803	0.002157758868488031	0.005850198222969993	0.00688030199267132
TT>GG	1.1485985868375793e-06	0.0010533656237771537	0.0033975434866420073	1.3419623354593569e-06	0.0009245047413292262	0.000715493863047989	0.0018753970066202896	0.0007612975757816188	6.140379266099672e-06
