MutationType	SBS96A	SBS96B	SBS96C	SBS96D	SBS96E	SBS96F	SBS96G	SBS96H	SBS96I	SBS96J	SBS96K	SBS96L	SBS96M	SBS96N	SBS96O	SBS96P
A[C>A]A	7.76359666723811e-05	0.0014480597270244294	0.06559319879489124	0.010382584394291572	0.0007423906538853942	4.924197964104593e-05	0.014923725068053778	0.0032484044678903956	0.00010055030937895281	0.0010069580890901797	7.434864483158776e-05	0.002980157081105372	0.015552976373841952	0.010822725936445643	0.0007906497701453175	0.00203266801598213
A[C>A]C	1.1937430390389636e-05	9.48793365205347e-05	0.04964186445177574	0.018101214920441748	0.0006659944342510471	0.0004564579621364828	0.01006545532203149	0.003146831201818259	0.0006439311907811354	0.0005705710577315311	0.0004780020038663224	0.0042184368155358245	0.016653933071248978	0.023997147141849133	0.0007831761433322981	0.00226523512502105
A[C>A]G	1.2253407500963931e-05	0.0005324579643004634	0.03204030604009958	0.01322137401475274	2.8321522882457374e-08	4.74735689071526e-06	0.003382451755135474	8.775557983478066e-06	2.7325533008195625e-05	1.6133269676448235e-05	0.0001683286020347996	0.0011103442215459225	0.0028373018961077756	0.0026079020661212136	0.00018647598288545452	0.001927660181352593
A[C>A]T	4.0195752326610545e-05	0.0004455114986660188	0.030636005834162462	0.015985647721177106	0.00017965246701351134	0.002528432922809465	0.00696485618656574	0.0012176296036084011	0.001458968618462677	5.606988254250211e-05	0.00021780219709034582	0.002900901012244503	0.007673536544766311	0.00826133558924468	0.00025370446696513225	0.005596340381397842
A[C>G]A	2.434208380606151e-06	0.0002807457688874093	0.003958720911097906	0.0030159830582861245	6.671061000602663e-06	0.0004606478185120928	0.0034035939434458127	0.0013088922972834638	0.0	0.0024417874962091445	0.0005999739865583109	0.0007847473395185034	0.04794233032798502	0.004690509567353125	2.133175591723102e-10	0.00047980548380957447
A[C>G]C	8.067337686606774e-05	9.668193111512351e-05	0.002661454117854506	0.001449323871935958	0.000258677498079038	6.910185377421889e-05	0.0019155823716728105	0.001718324898140935	0.00013923075728498722	0.001610650943184737	0.0012064271842114494	0.0008387211255297444	0.041290095923750415	0.009926606219145455	0.000520211529910739	0.0016400174552290991
A[C>G]G	0.0005035120475554611	0.00024237859965941125	0.0023981402019336074	0.001010518069222881	7.69723981737025e-06	6.6721768091326795e-06	0.003915590223784023	0.0009241490911422545	6.302447559326296e-05	0.0006755564872182163	1.1752429205103e-05	0.003424861079408785	0.023478891656632896	0.005278757620938688	7.7333361442129e-05	0.000960551381761725
A[C>G]T	9.123018277989558e-05	6.073424259497053e-05	0.0007647533439528154	0.0015193450076053238	0.00021154906165322365	0.0003072430553564232	0.0011434823617030786	0.0027800911608885314	2.101802034303546e-05	0.003029895228307851	0.0011315243560898124	0.000877424662600319	0.050168334368137266	0.0037586019520766813	0.00036099367769907073	0.0008885459472890033
A[C>T]A	1.5725203265901655e-05	0.0002826385791598085	0.008416759826541522	0.009012056186329574	0.0007761045291520399	0.008584831320549711	0.011261548492878005	0.030614587671589106	1.8189659749623387e-05	0.005121199272689409	0.006688020988327707	0.00842280001109761	0.02276185569591888	0.03818396847229451	0.002994415055909485	0.0028870465312502347
A[C>T]C	0.005810352417114117	0.05530053171980971	0.0008059050099567245	0.002087401231880573	2.002164618046412e-05	0.010250908997690544	0.05019677722211499	0.013950876464526312	0.001646747724805664	8.698549963810365e-06	0.004453542639252627	0.047896755755559156	0.0038232768920002593	0.02060462263760165	0.0004193392827302489	0.009609594818233732
A[C>T]G	9.27769229747355e-06	3.9625168255952305e-06	0.0035511360048084166	0.0013356104788155077	4.171298922681643e-05	0.05093019479162123	0.0019483106932015914	0.35389170262496916	0.0023916532412775384	0.0007406082184941809	0.0024578517643391233	0.0008134724620494259	0.01043156562158778	0.027306784237320955	0.002909985391815724	0.0104275598636562
A[C>T]T	0.0005387420922381856	0.010760777016766952	0.0033385614882256187	0.0029576907464633003	0.000994913701292863	0.004517864806198304	0.022790769570522614	0.015034095038854502	0.0034984401661890562	0.00013931537501775892	0.0026666094495748104	0.03484819855432847	0.014736293804517225	0.019349605762552145	0.0017425745103021484	0.008094835813826648
A[T>A]A	0.00027107365965235887	0.0009979571712452184	0.005949545099336735	0.0015097959817616878	1.5030772219546407e-05	1.5893956051602487e-05	0.003990820793984682	0.0010243348657686638	6.642914376827846e-05	9.467678600433066e-05	0.003994402455305144	0.00919563417779237	0.0025328704646947237	0.01771595081299246	4.518098334191478e-05	0.004682520761247879
A[T>A]C	0.00033394330655483855	0.00040447771297263957	0.004484221696894046	0.0016289488798869908	0.0008257146613830813	0.0026303772304670757	0.002591953717839175	0.002249262347399963	6.772206007108806e-05	0.00011560354412054608	0.012512657961118912	0.006275162558495291	0.0050491342283108765	0.026698164748541586	0.00046322317717240936	0.005354717012622637
A[T>A]G	0.0008780521414606529	0.0006712815411554862	0.01657440591363411	0.001868858191923408	0.000553677656428264	3.2234996919981994e-05	0.0039062038723330283	0.0014163968705649666	9.59482638955933e-05	0.0001228340362502056	0.0005876913233522885	0.005728284085833479	0.0068577840650117135	0.026946258250938087	0.0003317021919428953	0.004539378637458213
A[T>A]T	0.001999283481433736	0.0019085749868611402	0.0025129696680942716	0.0011964502438598856	2.9752201605717234e-05	0.0026492569507536247	0.008145895952986572	0.0016752818345965536	0.00015112608945578644	9.198612429308639e-06	0.005484759209621188	0.025797999589326538	0.0005550839606556224	0.01512611225773778	0.0012798636751601578	0.007254611270888311
A[T>C]A	1.610123287974899e-05	0.00023273178855650166	0.012912527731160575	0.0010454658915647385	7.136128064963998e-06	0.0007872092340760245	0.005301573896940113	0.003609081217930168	0.0020352155392077977	0.00022932173994824723	0.03473687408491969	0.0038996349475476843	0.013825620111801981	0.04671664976273405	4.6549500481773975e-05	0.00674467831385438
A[T>C]C	8.847268048157276e-05	0.00020348867013832795	0.0011502572182204064	0.00019736442518478726	1.7359938356094596e-05	0.0018162573446534225	0.003267423926299671	0.007690929874879657	0.003879415935648467	0.000643377403202976	0.02549633138347417	0.0020255509166025097	0.009575516059412622	0.011798300908412806	0.005882918399292975	0.010715949338627979
A[T>C]G	2.0459859475732147e-05	0.0001886915231295916	0.012992528049800854	0.002014922794230749	2.4749982703280437e-05	0.0009056358548438581	0.011684272920190222	0.013234356715527583	0.0013677237699812395	0.00012834852547148316	0.059332780848835684	0.005725883437011656	0.007093144475376674	0.047399702510192154	0.00015391130350227654	0.008253444454181249
A[T>C]T	0.0004139829687044161	2.7106370507681275e-05	0.0032128190053011705	5.365597287898538e-06	0.00019651773774415304	5.810858895134895e-05	0.0034759490451203067	0.008238417305224956	0.001609941070697971	0.0002787460488048055	0.01315587354292802	0.010832676712831689	0.014111522469996772	0.06723436994293763	0.001404303119850283	0.007871159768229462
A[T>G]A	0.00012352332382209674	0.00012184324455817387	0.0010190705521814713	4.883459351946229e-05	0.00030473773155817327	5.644570438434471e-06	0.0016335477497175432	0.0009009553113817326	0.00011363422064626149	0.0001432741085543654	0.0001340727657242624	0.003930807779932337	0.0027813992642248485	0.008673904661372092	0.0018409166987112258	0.002236456143683725
A[T>G]C	7.028628413647708e-05	0.0005763525769862099	0.0003493493591605912	5.389204352795218e-05	1.3322242011781782e-05	1.200145673045938e-05	0.0021438698316870487	0.00128393345951622	0.0019213614982881344	0.00016699817733936584	0.002206255465258806	0.0019144208939871987	0.0034515158850615536	0.004627665050528833	0.007656766818836331	0.0045242963031191154
A[T>G]G	0.0011836680281257428	0.0005397540006402937	0.0012467862147602915	0.0008481447568604494	2.042248520766066e-06	0.00012229923236445117	0.005607443911428475	0.0012648971632576256	0.0005918938315097932	4.626899753745306e-05	0.0007291312158141494	0.008370162510556875	0.010936071230682387	0.005284449904945063	0.001497267175788295	0.005818537520220843
A[T>G]T	5.312602171741793e-05	0.00035189335740367397	5.7458296978759114e-05	0.00011322755981893806	1.2429289894555496e-06	6.097050635893151e-05	0.0007588969940544388	0.00021167141499840066	0.006818692181515331	7.241001207347608e-06	0.0007304268617718889	0.0014382770287641488	0.0003143574864477117	0.0011556492248785233	0.0371725170686841	0.01876528950443799
C[C>A]A	0.0017348453807099597	0.004158719698135253	0.02484915348450262	0.15005497144344404	0.003043092495492461	0.0009250805704991904	0.03218008241696779	0.0014587762996879404	0.00045140723246191785	0.00011363641723281859	0.0016477962150666413	0.013064667410257424	0.006781484663686825	0.008102096042347214	0.0012998947908123171	0.0031564202797197184
C[C>A]C	0.00046062929843067107	0.0010138472469178974	0.00683280980385895	0.17079311817884446	3.542390004440676e-08	0.0055519618999392865	0.01027945202709283	0.000993606858056406	7.760064253217042e-05	3.7276980999267907e-06	0.008151067816994413	0.0019010549307280655	0.00024316467215203423	0.002237921236494403	0.0006603001698897515	0.0015380520431673972
C[C>A]G	1.5075077608699417e-05	0.0015377308638886689	0.011248657075075812	0.09765552908182144	4.255907253281168e-09	0.0013491085869883992	0.005294354495201676	0.0006245993165664387	7.383256629416038e-05	1.5286144230053367e-06	0.004619246322675395	0.0016349501466100945	2.3504463563028822e-07	0.0010048559275057834	9.207619910966968e-10	0.0016078129968026453
C[C>A]T	3.451723249818267e-05	0.0015281576839793053	0.0013168468565084978	0.1410492919966873	3.0911553015045e-08	0.05185455355663777	0.027718856199012015	0.00023887691877840566	1.0023706740135414e-06	3.5408330019137996e-08	0.018445650567849973	0.005835630010297094	4.863404532429172e-08	0.005748647824855517	4.0703930892505015e-10	0.0012446137037482785
C[C>G]A	5.221530045512512e-05	0.00015666641195407393	0.007049202473302385	0.002298148092613843	5.3684036855443654e-05	0.0	0.004950111485481017	0.0006615405221977256	2.333553439370917e-10	0.006155452099251875	1.021879225495681e-05	0.001522007276252637	0.04820885186133154	0.004482473683208212	0.0005197362615342094	0.001175888493736501
C[C>G]C	0.00037563316808611664	0.0004951663219010545	0.00814541121528034	0.0023903616715798925	0.0008726216638024908	1.3455270465954072e-05	0.00707649002440431	0.0004156959800574889	2.5178909668355232e-09	0.00024935532215724976	2.332088699574797e-06	0.001578590633210558	0.040603097071803804	0.005440615365533006	0.00010722252328131177	0.001038932355015234
C[C>G]G	0.00044632330185372923	0.0010914480812820083	0.006200758843135503	0.0021500073919177177	3.7880056105166205e-08	3.314945245060485e-05	0.007305854336035982	0.0004974162031237306	6.385866413438635e-10	2.720568736018336e-05	0.00011694124570984958	0.005360564352996029	0.03155517399897222	0.008928054932181633	6.72517640806447e-05	0.000803475120575392
C[C>G]T	2.2481458896013752e-05	0.0005201188485660367	0.004996517754336338	0.0025837488641561636	0.0005755403058540394	1.3519928961240879e-05	0.003727619534703465	0.0011675648436645222	2.8664198126193696e-10	0.004940084041083992	6.140866002727562e-05	0.0007073674091371041	0.06947578843683004	0.0015019834342614048	0.0001546462473250898	0.0007037972952625182
C[C>T]A	0.050369208455760914	0.09124379490676901	0.009432805204276253	0.009654586520308968	0.010491318626117074	4.254403846628167e-05	0.017662091008041756	0.002527080429150601	0.0010465240733118365	0.0023584950571286	2.354911906898849e-05	0.26668729811276165	0.003353750671711653	0.008576272385037918	0.0014057395467131073	0.0016760433195074937
C[C>T]C	0.013514167024649556	0.35573221378959713	7.664229816565893e-05	0.0018233592367643747	2.53979826565498e-05	0.0005817561610627209	0.00678017843199882	0.0002946137194470988	0.0001090956126927697	2.80765993106602e-05	0.002667415787568075	0.003944512803543859	0.0003757472623878488	0.0006950043201913392	0.0003094444625598847	0.002281127564948201
C[C>T]G	0.0018650724215301528	0.07786781609763531	0.004632006550452824	0.00448145992029303	0.001025477126315544	0.03584585411579269	0.05739859554646858	0.3206559526566177	0.00789666669021475	0.0032106625870551397	0.0031154930389796255	0.017625026567979117	0.003987800401368302	0.0073759913135760715	0.0019402801784855228	0.007934474109811185
C[C>T]T	0.006731098037853798	0.18446001801988815	0.005151649890903556	0.00555425390033566	0.001947967053249755	0.00057840207070738	0.15475314748715646	0.0017818274650965194	0.007050393979267309	0.001741047361812261	0.0008942068676002179	0.013003785756477437	0.01503714914639582	0.005210024414995729	0.002518817149249557	0.0027656302901189634
C[T>A]A	0.0002879394617595528	0.0008713733836416539	0.01032900030667978	0.0027434154785588305	0.00010549897206270444	1.737471997330431e-05	0.004313976411127669	3.7648935281282546e-05	3.3268192518463025e-05	0.00022397678864763293	0.000262040466632536	0.006258470231364017	0.003934129751032522	0.0068879021512399064	0.0009922135010788224	0.002103825782470512
C[T>A]C	0.001157046930893796	0.0012646658338789152	0.010952933765673656	0.0037457045887691783	0.0006712079971794082	0.0014076449748472442	0.006577056647368593	0.00028522952605271714	2.5973375886678695e-06	0.00016514983427698554	0.0049456148862373085	0.006405706990365625	0.012690587632849599	0.010411376619261259	0.01381298853084445	0.0023382004387266166
C[T>A]G	0.0002948077902114177	0.0026443277223531323	0.04158181662297629	0.015615522092404178	2.6013957637386588e-05	3.6838989295979726e-05	0.0063130918484152684	0.00042270571047271945	4.20002997714164e-09	4.345778764443864e-05	0.0014838876043408772	0.00899104756577792	0.006815331812600238	0.022928276359704257	0.008089929606313148	0.005049799383327139
C[T>A]T	0.0008306230817481452	0.0014056423549908459	0.011355988736314762	0.004667850626903736	7.420526836018127e-05	1.401298464324817e-47	0.007427998448303299	0.00027264527864540256	1.2617852803487039e-06	4.223868188546476e-10	0.00020420677042218708	0.015904638465618178	0.012084721490364814	0.012232050992499808	0.03767465172801167	0.0034424207482919656
C[T>C]A	0.0009399162921214377	0.0008182071451301454	0.006156162592764076	0.0014183741638248704	7.44767825267445e-06	3.2723871717514895e-05	0.0054044272367067235	0.0011400534662293182	0.0002011357844813233	7.090316000911671e-05	0.0323176543135196	0.00818833185742605	0.0019625464688077443	0.011165754177126246	0.008225906872903579	0.0036453782800720093
C[T>C]C	0.000672349200568908	5.676044118814763e-05	0.001096438360059686	0.0018514774161456182	0.00015095259821869443	0.0005393379724682243	0.006591693103546277	0.005865768787473628	0.0002813903658545769	0.00011559324080735682	0.020255376417189837	0.006544200069762948	0.014544948232360183	0.00885604271883281	0.05909565443638712	0.0037096270534701147
C[T>C]G	2.8715256887181796e-05	0.0007587294956797474	0.006682201599837528	0.01020333703120677	2.6151681201902478e-06	0.001831455381619591	0.019543316737251785	0.011993044164063776	0.00010952330556307288	8.968261206021566e-07	0.0784697261769135	0.0038747723605348687	0.003201410942650375	0.017992629975116615	0.038679839856922624	0.004156203497049979
C[T>C]T	0.0017910420401857508	0.0018046415946102324	0.003048859565193191	0.0005467584321601411	5.795043325292681e-05	9.040716690833506e-09	0.009884184031735686	0.0014780937236372792	2.1804295755600832e-08	0.0001883563212835071	0.022505057518858392	0.029685336564837142	0.0031015085868033587	0.021773248491578485	0.12060717893298716	0.008875499486618992
C[T>G]A	0.00010308882803845453	9.138188417779248e-05	0.0002848497372784209	6.240227041059976e-06	9.003313680295833e-06	7.682166028132543e-05	0.0013974439957989927	0.0008472765382588676	0.0009327963672637906	2.793152790275144e-05	0.0008644367289252841	0.0008745141909821947	0.00541543417290086	0.004083129593457784	0.0038322800979949533	0.0034172641854604536
C[T>G]C	0.00045212792305903804	0.0005933343214046971	0.0003658984274471777	0.00013924949484817262	9.300141238782143e-05	0.0008149306659463738	0.004765050675055624	0.00432618859862977	0.001238636196254131	0.00011700551189505859	0.005257975878832894	0.0032356448042594366	0.0062856216583259085	0.004461378760946496	0.023605427145957945	0.0034123076254859086
C[T>G]G	0.0007946441132662586	0.0006378428065745823	0.0014097210969114826	0.005520022860437166	0.0	0.0005981785714962484	0.00919513424683828	0.0030965211668751635	0.001484851928153148	1.6824564954731613e-06	0.010657955248607322	0.006705488469542616	0.02248307456897237	0.006963242494513224	0.016347056180238725	0.0064402049162890765
C[T>G]T	1.2957010930847446e-09	1.2128469384364847e-09	1.4383497370928921e-09	4.507198325676143e-09	3.059350396350524e-09	2.5262339433993475e-05	4.1564351622725636e-08	2.3939298601396986e-06	6.297067642910825e-06	6.355342583308498e-09	2.426568675506502e-07	3.433181214873571e-09	3.4478535493320807e-09	1.777514747836051e-08	0.32826862394809725	7.383698887934997e-06
G[C>A]A	4.203895392974451e-47	0.0052839549725467805	0.0755510434330826	0.012403688510052717	0.0026758515011169946	0.0014673898588841918	0.013079006078507085	0.0053146195928307095	0.00040485804944253803	0.00022192961400573362	1.4234387482758847e-05	0.00018403316311173867	0.014080108978395707	0.019459447703364725	0.00380282935498883	0.0023104875526973956
G[C>A]C	1.7602234256631056e-05	0.0007157072212203986	0.06107910434016958	0.023786949904061886	3.940667073266013e-05	0.0074018880061339585	0.004782473551711372	0.0005650894568747767	0.0003071469366852853	0.0008465769171150228	0.0035728464979911225	0.0015159603394567967	0.010073672546785407	0.008353442332386614	0.00044741399617464594	0.0034812952872016467
G[C>A]G	0.0	0.0006244703938508423	0.04880994995371026	0.018478306702005155	0.00035210128873586655	0.0014668352648115502	0.001709246416907213	0.0012186970760235739	6.0424255146100946e-05	8.823015103727183e-05	0.0005522212173870671	4.158165349460674e-05	0.0008995220766107082	0.001957516938256383	7.738452155336972e-06	0.002346084365507366
G[C>A]T	1.401298464324817e-47	0.0006489053004611378	0.03871209533954544	0.016040639649272118	0.0007439325114046369	0.026761083416640758	0.006771022873976058	0.0002780119658822144	0.001814749556397146	0.00035634846201681113	0.000911381596767947	0.0015072340797632933	0.012293349300208272	0.004718227531747026	0.00034015638224786925	0.007061549013649256
G[C>G]A	0.0	0.00038054035910693783	0.008299884516479722	0.00310161323565419	1.588424784131348e-05	0.000350359092127387	0.0007101414585599208	0.001138593896804565	1.735607617572299e-05	0.002046514773540833	0.0004259578824786558	0.0006371978481865881	0.024951435459927042	0.004584003288941627	0.000953186965198256	0.001128113400462709
G[C>G]C	5.4348167609532545e-05	0.00022480559412542788	0.006723323251803286	0.0043093372767869734	0.00030060263507039056	0.0002850801241204337	0.004778521747962259	0.0037253434133867813	5.516277187325613e-05	0.001081053282827078	0.004614870720542967	0.0013053026072709223	0.036261514602229	0.005407734953599288	3.3949561475310473e-06	0.0007048649020197928
G[C>G]G	0.00015275769315988133	0.00033917538411699867	0.008062224827307958	0.003529103635611648	1.9098763814895393e-09	3.6814033227727803e-06	0.004459261100217375	0.0004870183183180643	8.558866563923573e-07	0.0006553547174621599	1.1801829966486821e-05	0.0015217831726161534	0.010833627956834988	0.004598595304959901	4.679629246311378e-06	0.0010874379028084746
G[C>G]T	1.401298464324817e-47	3.486090077945647e-05	0.003324965942419885	0.00197208759866772	0.00013939033643538322	0.00034804923598699136	0.0023305089058981566	0.0013696618230085277	0.00022455381265187312	0.0030668458656873555	0.001397117808337498	0.0003148134215734899	0.04440220505340278	0.0028567376247669606	0.0001929836869345122	0.0008875347352295649
G[C>T]A	7.804039991524169e-05	0.0002383132080285577	0.007783758279667283	0.007490153171966085	0.0006978974208916558	0.06005467902868986	0.014296080297800131	0.012838350087966001	2.8997118698157464e-05	0.009842100534588099	0.02233606401423458	0.003826738175182238	0.021694785665065587	0.03718048338771496	0.00021586417889921233	0.0018206311644549445
G[C>T]C	0.012538550333510796	0.04670022148269215	0.0009464305755719037	0.006206329574469578	0.0003948900150171417	0.11087534797838401	0.05509314226811093	0.0011695904407972434	0.006934255150892276	0.0005404013657071261	0.04866309855032455	0.0183392428284339	0.0009777893180302195	0.00401472249495896	6.423913517551227e-05	0.016950644674211618
G[C>T]G	5.858955443116542e-07	5.314726365668323e-09	0.0006064835669733173	1.9277364153254035e-05	5.100616441211514e-08	0.501604730784893	0.000799808222180296	0.05093820133658937	0.007527120973144576	0.00032036224571758255	0.0011645994216651712	2.3246852485669932e-07	2.4135833433645003e-05	0.0010203913674219224	0.003112106022897364	0.023971738947256113
G[C>T]T	0.009491460044022642	0.01850895578390922	0.002938222162534494	0.005274195451509929	0.00230178484758541	0.06259997325949371	0.04434190524552688	0.000458512376062572	0.022026098052033375	9.233151940861717e-06	0.024435491109034046	0.005233743989565198	0.013359846793720202	0.008205057638674398	0.0004415244359429238	0.027299224068410694
G[T>A]A	0.0005982881143877938	0.00016679760663734983	0.012185041482417204	0.0018218759865126838	0.00031801885785029074	2.137929397157734e-05	0.0027085124286725915	8.215841767267307e-05	0.00016444954194413843	0.00014367248429294932	0.0027176086132638133	0.0038757289669696603	0.0038976599912095367	0.008758731141626442	6.373797033796258e-06	0.0019494408259720332
G[T>A]C	8.325772723765112e-06	0.0003793259280064376	0.004657512245766426	0.0030408657440679863	0.000609537201717103	0.0015382612274754592	0.0021814610000665826	0.0010109107556978093	2.307721843209265e-05	0.0003075664309835702	0.009993180272285827	0.003560332367924275	0.0054602527636187755	0.016178126728665632	0.00307053268130403	0.0031535088681266645
G[T>A]G	0.0005758440827703319	0.001688001062644986	0.013355784137373873	0.004363214953489809	0.00031775067381261123	7.735833179616237e-06	0.007343218091425712	0.00035467972810806716	3.1127978417089253e-10	3.596609544132434e-05	0.001531640345045524	0.009738824462813298	0.009900904630448152	0.014063958629271305	0.0005739276744850841	0.004615838296122803
G[T>A]T	0.00030499678784517807	0.00026107793613979434	0.005351931005801589	0.0017562863368214116	2.8881596279610733e-05	0.0009052043074916583	0.005410446969810976	0.0005447848787927256	7.666318578003483e-07	2.7325005280403048e-05	0.0017374481875867787	0.012195891343450853	0.0036468516367301617	0.011338557625806515	0.005615584522602148	0.003601213869687303
G[T>C]A	0.0	1.0211213807691521e-05	0.0007097824546680443	0.0018734672802228757	4.8960327164125075e-05	0.00023799672109070524	7.708457454551621e-05	2.5616341055341207e-07	0.006292339116816592	1.2507333346918337e-05	0.1333948205411434	4.325976259167419e-07	1.200827983893995e-07	1.9603317806815568e-05	6.336398087114503e-08	0.014025646143979777
G[T>C]C	4.430624061058097e-07	5.691634284872293e-06	2.2328567732543547e-06	1.1613793030846864e-05	2.802596928649634e-47	0.011890858537478835	0.00039664816763195887	1.1950337341914973e-08	0.01439431320875883	9.144176421779227e-06	0.059266265891492365	0.0001861160595458955	7.049184817415011e-05	0.00043868763401768264	0.009292026231996715	0.03631793021178893
G[T>C]G	2.0818679346272795e-05	1.800569224684523e-05	0.0008172572658384211	0.0029413518207952903	5.018733446604528e-09	0.0009602002569552859	0.003873928556888373	0.0005041758640892669	0.0035630898252657062	6.15709253625063e-05	0.11178147107362747	0.0003137739929117345	4.3294006057333206e-05	0.0029892268207161975	0.0066532452893443405	0.008760624081496787
G[T>C]T	0.010868874475826828	0.0021562900451577603	0.001467647300983037	7.509068341586661e-10	6.165968535754018e-10	5.061620540459444e-05	0.01777775937178838	0.00338417443484099	0.005568117850569028	0.0	0.05752101824981416	0.047031408581843584	0.00022342011829824316	0.012349823654020717	0.0040914383773159105	0.04165290484598436
G[T>G]A	5.4324651135075895e-05	4.1463995104749076e-05	0.0006420358089840761	0.0001493110668210562	6.674314354313538e-06	4.989607034019627e-05	0.0015452907971880948	0.0006468658719926878	0.0008463371093849625	9.972168509105511e-05	0.0002397316148403661	0.0030427285514451796	0.006784057988508039	0.0037077080665792296	0.0012582332367868077	0.0034048561841518677
G[T>G]C	0.0002081702899069171	0.0002034057068691874	0.0004457500063170983	6.607157598409686e-05	1.791295417852723e-05	0.002018926296295831	0.0010858589303257373	0.0005284304545772045	0.0018137260087496543	2.0945476965579246e-05	0.0006124700538565264	0.001726591386545806	0.004881846097621007	0.004306710695527443	0.009892535624094307	0.005667457106968357
G[T>G]G	0.0027667230931586674	0.0010852714804737782	0.0007174097898848686	0.0012157608443823164	1.67822337243706e-05	0.0007885466396427177	0.007941451349010507	0.0016688051285518668	0.0005493280242767184	0.0	0.0011966950562735334	0.010588670598698294	0.01425804591972863	0.00918497627226472	0.0036620033239357407	0.006854879780567699
G[T>G]T	0.0005682246009230305	0.00032557735912177086	0.00010030412455350302	0.0003638287259410333	1.876115973686865e-10	0.0019173555787132556	0.0016022331276235847	3.474644585832465e-08	0.00010113672057620704	0.0	0.0012716581922596149	0.002355306700212802	0.00016514612080632764	0.0006601719209018242	0.08365020997822285	0.0016422899340921737
T[C>A]A	0.00016569088314628152	0.0015734862234633696	0.053443934070379485	0.016394826900760506	0.0009278103514833802	8.092810558082419e-05	0.015273132997097604	0.0016869473069388618	0.00897013872457137	0.052501261876752775	1.0504372767172754e-07	0.00956632044325076	0.0007514148549149979	0.007957538859133813	0.0013893723270819685	0.03251257340663869
T[C>A]C	0.001728410876530273	0.00204735619698762	0.07294358503928584	0.0410640823359472	0.001291295600553326	0.0021866719874014963	0.010512305389484026	0.002512035361747036	0.0021782598522258924	0.02570395897142589	2.5272605580539676e-06	0.01869229041655537	0.00801514535710971	0.017369676127222497	0.00019308453676785575	0.015915689578978345
T[C>A]G	0.0001166529727197485	0.000466642323503379	0.03586900967897009	0.0075928609922312875	0.00023393549926026936	0.0007474487434365074	0.003791558280120981	0.001153834984887787	0.0004892497600582146	0.009128619944676756	5.412488987248936e-05	0.0029104279316492666	0.0007476704117121358	0.008988947719866585	0.00019531686981281383	0.0049736092406784844
T[C>A]T	1.401298464324817e-47	0.0004842556352787142	0.0066914211501391384	0.06658309103286456	3.533053433812938e-08	0.0024583675456360324	0.00234835784088137	0.00043341915348101256	0.07542654189103815	0.019466609669058242	1.4699622097964493e-05	0.0005187359816995495	0.00011772321256122708	0.00025972711292377327	0.005690997744847888	0.2026061623730635
T[C>G]A	1.90854144932473e-09	1.028377282707993e-07	2.7292052440082505e-05	2.6777484985067712e-05	1.4522671131267372e-05	8.740958762354367e-10	0.006306619116531529	0.006104113615939073	3.571308671013185e-09	0.2767032992724563	1.7692825053927662e-08	0.00019424295281192272	8.664445866827463e-05	8.710015170976249e-06	1.6461081883578643e-07	0.02054048129497292
T[C>G]C	0.0008822200633676402	0.0007187088295645339	0.00599110992592003	0.0025991741618734453	0.0001015384666970931	1.196202589198947e-05	0.0045364435630490365	0.0015486757489625092	3.69414044325822e-05	0.09365950603038073	0.0003310125192293216	0.009137645294714053	0.041904639026615766	0.006300477627825114	9.079329031010275e-05	0.005097109065707171
T[C>G]G	0.00014679358331719808	0.0004504805652804816	0.002783809784588591	0.0006984346807512587	6.290267337348614e-05	2.089306994142573e-05	0.0035786943038320375	5.746735518807e-05	4.8663382242439826e-05	0.03249117163952717	2.1961069648757104e-06	0.005203235369240957	0.013928136580462934	0.0022947203263526815	9.721140137735063e-05	0.0033261641397499455
T[C>G]T	7.127967710423544e-05	6.382906625411849e-05	0.00029715451583514353	9.471697796407439e-05	0.00120977859790775	2.1538273047453333e-05	0.0014227573645175795	1.3060137290521468e-07	0.0001943909098162422	0.37023992598056793	0.0005945400493611079	0.0007712053627198484	0.00432662577912868	0.0006903137999148737	0.0006427826735172815	0.0006663842629210848
T[C>T]A	0.031982783945739016	9.687204196459589e-05	0.0017894307836571971	0.001628893818798654	0.6533691617846489	0.0002661286125061757	0.0034463802402103483	3.644817794011601e-05	0.002103161605172143	0.038321811496392966	0.0016934688335076848	0.0013065163362174096	0.000505489458886839	0.0001911838481140217	0.0006461047303589152	0.004634159644016323
T[C>T]C	0.7423294425010681	0.004116509421720323	0.0007984624657790789	0.00491470521571065	0.01480629383744176	5.612500084666294e-06	0.006827520855784324	0.00012047686041935179	0.005096592579512319	0.004176092796436083	5.560850537754902e-05	0.003301749988776893	1.3994266042953983e-06	1.474217900323538e-06	0.00012775660514617961	0.004771851502253526
T[C>T]G	0.06849317904683801	0.005685816122053123	4.039982266590842e-07	7.197444681100506e-05	0.04757807815155323	0.005084448943431264	0.00012424758054542582	0.0495037828582123	0.7182482896745205	0.0004909186912950305	1.3448903902197795e-05	0.0001490051384089064	4.285675936704472e-08	4.080834345465704e-07	0.0003139799776859653	0.023518429826028607
T[C>T]T	0.006241618849980028	0.08914106364954492	0.029433522940746394	0.001164605011030262	0.24535003487776963	9.725262173310155e-07	0.06418032032766952	0.0001031717519005581	0.013617768662595241	0.018941577364563714	1.0767155401758543e-05	0.024707367450760173	0.0009205316000078378	0.005151761455211632	0.0010081819566369354	0.08956401210854566
T[T>A]A	0.0005372667313649315	0.0005126143632374182	0.005383232730735301	0.0014650691480839128	3.5258753518974115e-06	0.00020386857340756376	0.0036857024615784438	0.0012240092200458009	0.00035123881710447336	0.00012191584628533647	0.001338508293887628	0.014496452953363815	0.0014032218957770936	0.015682724559295036	0.00014875791589020082	0.004517046868883625
T[T>A]C	0.0008985561254257964	0.0004963197206635293	0.006762450733931344	0.0010774095379439074	0.00023796204268069942	0.0005145717227753721	0.006316987649570791	0.0007908117228899059	1.6995226844684908e-05	5.590564889997651e-05	0.0011125805823420597	0.018074875621436705	0.0039893395740347925	0.015062702616875328	0.001570161741999314	0.004128649345516813
T[T>A]G	0.0005988198706727133	0.0010295660756976127	0.010334449120355487	0.0026818604942731384	4.2328528815360756e-09	1.9881068146787584e-06	0.004435776967948009	0.0001962738126348995	0.00012205257156892913	1.2177058295037567e-09	0.00034727860552578703	0.009651116987985518	0.004650472435053059	0.008346946703398998	0.000811835606709792	0.0028926703850538616
T[T>A]T	0.0035626229149481503	0.0019106758076969043	0.004516835341018221	0.0007450264907138137	1.1115545667751758e-06	7.25350170472705e-06	0.013860654960821997	0.0004879225772166151	0.00035701174095379427	6.680098886135966e-07	2.745756961065382e-05	0.033069943623292415	0.002182246011572655	0.012325341813862974	0.005224142014521646	0.005887900378359206
T[T>C]A	0.002023231788894009	0.0005335839282842869	0.002253521476930134	0.001001220706380712	5.03684475074806e-05	0.00019802328376054362	0.005954266844863981	0.0013713335734961232	0.0013829044281844724	8.985097993686963e-05	0.029090757928788662	0.02309199941454153	0.0020730417526090682	0.012044198824840082	0.0010834352250549274	0.0105889792055288
T[T>C]C	0.001204702131633091	0.000450082890801365	0.0009862578846514226	1.6159711303771474e-05	0.0002713855009798513	0.0026264778396901532	0.007521110701058938	0.004579409286707232	0.004869685165678805	0.00024248482990515185	0.028331927047111093	0.015160141657106578	0.00438755274459254	0.009672610762130465	0.010815034892875702	0.018780899390694685
T[T>C]G	0.0008716395950430371	0.0007370959983517933	0.001537346504219208	0.001630612368712576	2.3286413429559617e-05	0.0019566371350494194	0.011114079996025417	0.0039373917543260245	0.001023683084411145	0.0001964399136693381	0.032211011573672295	0.01699707001724164	0.0008394386819605204	0.01543608930223371	0.004315929099975619	0.0068775439374894635
T[T>C]T	0.0009403797157244753	0.0015260809727870139	0.0012838695201827478	4.067698143957722e-05	5.845896929544736e-05	0.0004359144888406874	0.005917543014507798	0.001988809799433682	0.0034041082605381235	3.517197297014718e-05	0.018351600752148443	0.019547073519853367	0.0054165430357898	0.015571341966935676	0.00699501542840153	0.016158502009059248
T[T>G]A	0.0002219347290794005	0.00016363675941463363	0.001121431919432716	9.528356575279062e-06	6.366216982591766e-06	6.3381861917743975e-06	0.0028784260753006306	0.0003916288695900594	0.0021477680922803444	0.0001225195218433306	1.1373988624541198e-06	0.00582246424589691	0.004147975354927169	0.004985523022625386	0.0016601431460850336	0.007264883287881503
T[T>G]C	0.0006229778580848944	0.0006181903549351063	0.0010450953310439815	3.133512480417266e-05	4.4030201944238455e-05	1.698093483234686e-05	0.004794945264999919	0.0002453505988665583	0.005296572968363762	0.00018880019999078178	0.000527723990211939	0.00908924634410198	0.0015314999045485677	0.005359669637635849	0.01261528125964105	0.017342142625739715
T[T>G]G	0.00034348869165963693	0.0005346603996870182	0.0018825502755191082	0.000694697171052785	0.00020055318026344083	0.0001087033520820313	0.0051166990278920825	0.0015705693059143754	0.001155515618020025	0.00014049771432723902	0.0002888581671333412	0.005564972517809335	0.012312997730161684	0.008529968768126039	0.004258792274323184	0.005175854790670513
T[T>G]T	0.002088404793466552	7.520485328607051e-05	6.856715214572872e-05	9.816409997753794e-08	1.4434807190299992e-06	3.6566341909960444e-09	2.0317043093243114e-07	9.127902891314932e-09	0.03101770732807217	5.2166029718137e-10	2.558528588991749e-10	0.0001473272443615592	8.306928896306687e-08	0.00019055183555856557	0.06572437133640051	0.06546681556868107
