MutationType	DBS78A	DBS78B	DBS78C	DBS78D	DBS78E	DBS78F	DBS78G	DBS78H
AC>CA	0.0018725256570025729	0.00946621475783509	0.0013827319371301527	0.0011131420324966257	0.0040833146342005	0.008776130519391927	0.0035539917444459947	0.01656248884975298
AC>CG	0.007800202244143861	0.000543363018606442	0.006520548490663032	8.702579295061241e-07	0.0007152646022460374	0.0003575897271065287	0.00022394606075039293	0.00019467081157870325
AC>CT	1.3048458472297852e-06	0.006524850493727854	0.00980052570442453	0.001045123084665942	0.003552071201418876	0.005816814698875881	0.004781673268471543	0.004705073792093231
AC>GA	0.000201718306005354	0.02085017285196855	0.002674093641843669	0.007910443081373515	0.018081349100097555	0.0034809449163324046	0.006277983271988319	0.0018337441033223457
AC>GG	0.00012547873614717986	0.0011197328567013186	0.0012475917216975317	0.000256220441557673	0.0014112313223708383	0.003158131056447928	0.002471185786056935	0.0082039836233605
AC>GT	1.212729846287175e-06	0.0032725208690280285	0.0009769908674638827	0.00043779905738357885	0.0023540007342148783	0.00093458797732481	0.0007249185610686482	0.0019925120800144214
AC>TA	5.888837693518667e-05	0.006833591625348958	0.016756162633184885	0.0025313115771087168	0.004722426501482175	0.02399465643165044	0.026955969917359112	0.013728991404869184
AC>TG	9.861005428035696e-07	0.005530748915996639	0.0002663705129805294	0.001777450968455767	0.0034462319470625856	0.004758053716894323	0.0003464008405673269	0.0018265331593977406
AC>TT	0.01331216354525651	0.004836028735113871	0.010443067202343314	0.0005435944769139667	0.006286477706488705	0.0038407220974685783	0.007377238359779952	0.01392344029635268
AT>CA	0.00023416891586464317	0.0008040739863623969	0.001486435423405581	0.0004956133203715041	0.004175071592694337	0.005121800684842697	0.017566173715098898	0.009080017527496195
AT>CC	1.434844816401437e-06	1.9788999813385998e-06	1.8370510514387207e-06	1.3375277201177482e-06	2.62841027677041e-06	4.000341928076523e-06	3.8289613110009665e-06	6.224325953780863e-06
AT>CG	1.434844816401437e-06	1.9788999813385998e-06	1.8370510514387207e-06	1.3375277201177482e-06	2.62841027677041e-06	4.000341928076523e-06	3.8289613110009665e-06	6.224325953780863e-06
AT>GA	0.0003143478402827782	0.0024457750784569045	0.0011135494046652639	0.008962635841448971	0.00336081150009484	0.002360983387839326	0.006365673564815779	0.0020675186998613524
AT>GC	1.434844816401437e-06	1.9788999813385998e-06	1.8370510514387207e-06	1.3375277201177482e-06	2.62841027677041e-06	4.000341928076523e-06	3.8289613110009665e-06	6.224325953780863e-06
AT>TA	9.10802304332492e-07	0.0007195072804348967	0.00737464614542489	0.007895682300749628	0.0023618230567083744	0.0004736044398038075	0.00364002333626388	0.0004085575972163724
CC>AA	0.02512123385584971	0.2041417586922762	0.10883951232768595	0.2530477303266525	0.233755993694067	0.05103375712049285	0.025747386651518697	0.04511003876289919
CC>AG	0.009160782082362911	0.02630154988508366	0.03660054272359048	0.048931345488891935	0.027654468298346727	0.05525613538870061	0.01572474571248705	0.027839492772113773
CC>AT	0.02943064792663961	0.09575508189439233	0.02886927159883044	0.10422594329342245	0.02451402592502234	0.04637005007463926	0.018757797935353437	0.028797215762571965
CC>GA	2.0002207778091475e-07	0.018674811556766143	0.03277173842903608	0.03573382271205674	0.012469364252722812	0.02883396465360988	0.013632074129085155	0.027183525090348902
CC>GG	1.0049618853713581e-06	0.0004960605904823012	0.007765797078590424	0.00040023063242685455	0.0007736541465368418	0.008045401291299754	0.001495535837691051	0.0005732279596747957
CC>GT	0.04053924263113913	0.005383382464256598	0.003941403499057401	0.005839628372470429	0.016432490127663187	0.01374377124738686	0.035128672064564624	0.08063303640401615
CC>TA	0.05066654272377491	0.02290020419568595	0.0023204443190403003	0.013869007616317824	0.004063417949244297	0.013140521851991665	0.007589792404126285	0.0018413131482847333
CC>TG	0.006150270459193905	0.0055338728367955526	0.007357145695650047	0.001522452591533039	0.0015440818553329905	0.001501739936153399	0.0007505655575399573	0.0006029833567572851
CC>TT	0.2783741547167301	0.017259123529225918	0.021344525620563673	0.057943309818606396	0.01625678538546417	0.011986093053118907	0.041676258828129	0.0380561518785174
CG>AT	1.2676035868253165e-06	0.0003815475959436299	0.0014022604011043427	0.00011504423355415127	0.001524097825372337	6.212124520686757e-05	0.0020913347846118315	5.741542319128712e-06
CG>GC	1.434844816401437e-06	1.9788999813385998e-06	1.8370510514387207e-06	1.3375277201177482e-06	2.62841027677041e-06	4.000341928076523e-06	3.8289613110009665e-06	6.224325953780863e-06
CG>GT	9.662093648898918e-07	0.006792407325229135	0.0008569397571980631	0.002427722835041379	0.0010664582457614812	0.0046819370573753	0.004092728109765957	0.005110239852524501
CG>TA	0.0004968322813100201	0.0037060008318985636	0.0015900029340643162	0.0006924158245737289	0.0029543663645730956	0.013323680475666037	0.011445805229901396	0.03195908837984354
CG>TC	1.434844816401437e-06	1.9788999813385998e-06	1.8370510514387207e-06	1.3375277201177482e-06	2.62841027677041e-06	4.000341928076523e-06	3.8289613110009665e-06	6.224325953780863e-06
CG>TT	1.434844816401437e-06	1.9788999813385998e-06	1.8370510514387207e-06	1.3375277201177482e-06	2.62841027677041e-06	4.000341928076523e-06	3.8289613110009665e-06	6.224325953780863e-06
CT>AA	0.013086598167714953	0.03334471038192973	0.013214925123958422	0.01639491051100947	0.039786675283431806	0.030038123507437148	0.014368346570034874	0.021906370055925918
CT>AC	8.96105976764261e-07	0.00497915627594125	0.0007101202328061618	0.008075236348181249	0.002203961715408127	0.0004750987642748328	0.0029276380527437596	3.7203112332235835e-05
CT>AG	0.0001280520532045415	0.003976556488117564	0.025028826606157396	0.016581265553026015	0.00875278723691693	0.02248097181208465	0.056172510469000375	0.0030098054748205526
CT>GA	8.91995057514805e-07	0.0008129601988989066	0.015440344699939032	0.007045392272557365	0.0034070416354009224	0.000726790465640903	0.003253619556348326	0.00022944387322979765
CT>GC	0.011052930105317387	0.0019139331316699781	0.006959315682312877	0.0006531322639533554	0.001161298339315664	0.008470374837656322	0.0022030060286311937	0.0017250061998218768
CT>GG	0.006594568508092493	0.0016276098140977524	0.008814336304041034	0.0072324709851547195	0.0012017301673813562	0.00028455758773162645	0.0009037621342815783	0.009872125050918043
CT>TA	0.07291908151470125	0.019353500460986765	0.004854814980905644	0.0034905613737948094	0.015614689948242031	0.015859366911584304	0.021468838484551042	0.008090014586319399
CT>TC	0.007467780090789802	0.002223917406347908	0.0031568913118248964	0.0006664997218739188	0.021391946592516718	0.0009606919823294646	0.0026262929240586175	0.013978635446288407
CT>TG	0.0019300310307963642	0.003970501940130191	0.009165195976947017	0.0014150325344297698	0.005972268678498764	0.00879336095504499	0.007076124626537705	0.0357619166531444
GC>AA	0.023242664386507385	0.040332982037188006	0.024866423442439327	0.059540078304708005	0.0876651124190539	0.02252368660482489	0.05811462800924801	0.03505199149511896
GC>AG	0.018105811992429433	0.033903659769484874	0.002791232783429223	0.039476755165883046	0.0073660113162824815	0.0291232056932256	0.04495591026022566	0.007289166711265125
GC>AT	5.733793127904452e-07	0.00471075965827886	0.0046782877674155544	0.013541215751667437	0.004835161991174602	0.037303200734012304	0.011287357333144002	0.023423502989950294
GC>CA	0.00807908038152661	0.003212267898658645	0.02054514416179785	0.000728223560720025	0.004562094106930488	0.0038194021604792106	0.008763167150182837	0.028445616933262842
GC>CG	1.434844816401437e-06	1.9788999813385998e-06	1.8370510514387207e-06	1.3375277201177482e-06	2.62841027677041e-06	4.000341928076523e-06	3.8289613110009665e-06	6.224325953780863e-06
GC>TA	0.0005240704536788598	0.006472069748463554	0.006666363742970987	0.001981550686843434	0.0013898861771997418	0.003763249265327886	0.0033021090616239235	0.004358175099111747
TA>AT	0.0056537430575655636	0.007359552659102455	0.005590847271916992	0.0015987123527904856	0.007472729149281321	0.01926366200809866	0.008726169921259696	0.03365786004177607
TA>CG	9.960260248931264e-07	0.0018693669712459382	0.008638694500025962	0.0005189874230981672	0.0012219555034158702	0.004152931580162544	0.002074491449650111	0.007850718317754399
TA>CT	4.936279934497634e-07	0.010978419263280692	0.029497026464574957	0.0009346762266805798	0.009000853332528251	0.014994619462160018	0.009449956985307609	0.04187231560764019
TA>GC	1.434844816401437e-06	1.9788999813385998e-06	1.8370510514387207e-06	1.3375277201177482e-06	2.62841027677041e-06	4.000341928076523e-06	3.8289613110009665e-06	6.224325953780863e-06
TA>GG	0.0001876594090600392	0.0008961909250619726	0.0021450864529539617	0.00031264673673277345	0.0011714874658207463	0.002686668875123246	0.0019990140813945347	0.007953838533092039
TA>GT	0.0005371376156187325	0.020160493864416935	0.0005562882589515538	0.003394002597460766	0.004874707006349546	0.009419565304082304	0.0027940902887258544	0.005195666303214353
TC>AA	0.009342606302493409	0.05749832319806842	0.14155931144952774	0.021209951152559497	0.12077158512547612	0.06850840207800729	0.12446379608271059	0.05844941945586925
TC>AG	0.05141753993928432	0.019068251917296095	0.01160545278737402	0.0031409639217046246	0.01520738063662634	0.023154329487842507	0.011875025375528168	0.01072886753247012
TC>AT	0.18572567022114528	0.04787880560648773	0.012930773964396848	0.04072658490703361	0.034370953376383115	0.03452514842043684	0.09766251099646979	0.02588452521413316
TC>CA	0.0073283492749930445	0.03046682641237652	0.043106938820375834	0.015116570046512337	0.041367471707251156	0.006568923373242228	0.030827916642010643	0.015474525876652443
TC>CG	0.002157087467388692	0.006809489325664053	0.015219008587592384	0.0025007308918819147	0.0023521818600695356	0.0038325238113992555	0.0016891597925420853	0.0037153854010256284
TC>CT	0.030257497941056498	0.0229631114008862	0.015031181037906833	0.024285839068409133	0.011558234769499052	0.007067496781511124	0.00512750275724386	0.0050978969926848096
TC>GA	0.00023183167174057814	0.01010805973582876	0.010588717296625702	0.033669963011964225	0.01538807593047025	0.009577085516118515	0.04589862314276615	0.004039917426646511
TC>GG	0.007043493859879959	0.0005264331238839759	0.006842718236952408	0.008218959981986273	0.001357856357889915	0.0004882672769575791	9.412681678824697e-05	0.0005536367057419511
TC>GT	0.01008804963466435	0.004081835325316199	0.003664882237862308	0.0014720807890510911	0.009925627220384925	0.006886912171051165	0.010311765354243647	0.035498010023981126
TG>AA	6.681523949225721e-07	0.004179280141606654	0.016550544483985376	0.009717362909919132	0.0035544562483146793	0.001450694946212252	0.004392830616796246	0.000403232092563357
TG>AC	1.3094717829176262e-06	0.00011556452869328382	9.606625208078867e-05	0.007220491905961062	0.0003043753953892292	3.4111812374248985e-06	3.490495556377482e-06	0.00015341466030520224
TG>AT	1.2852218240766432e-07	0.024249951273340856	0.043593072562835004	0.023189319098600548	0.017207516544146415	0.034580696348884034	0.015428663905058641	0.024287618757363988
TG>CA	0.00821337231227858	0.013055878281645334	0.016095823511658693	0.012516810242933047	0.04162841520431925	0.04197684372810308	0.015397294366866916	0.027596158596012686
TG>CC	0.008596053875768561	0.0056205393690865035	0.0025289999790932428	0.001595866564801156	0.006386067138345481	0.02230842011293163	0.028283087967329267	0.013013767124859328
TG>CT	7.287662748699718e-07	0.04430795786935391	0.06586063181311545	0.04157182924200299	0.03107402564244943	0.1360485797370211	0.04860687399759172	0.026455844876106197
TG>GA	1.085590931495517e-06	0.001427844397100273	0.008111445897812786	8.817221994164015e-05	0.0014265103645336552	0.0012682167776927144	0.00037159743952202006	0.008968869712863353
TG>GC	5.949296791300185e-05	0.001431934538935451	0.009605245661498998	0.00020186502638246394	0.0016597862835790523	0.002215524904919164	0.009151394263144824	0.009304984856242982
TG>GT	0.01640151031786459	0.008089112568903545	0.01675814029760497	0.0023805288201464237	0.004271072827171096	0.016846572247424946	0.009742236072897299	0.008434650675417998
TT>AA	0.01531059127688323	0.008273066459017002	0.040880395332883096	0.0012986944668304545	0.006660489328590131	0.009817122443527069	0.005898288210929649	0.023779868073657368
TT>AC	1.2602788777371643e-06	0.00010380533197974273	0.00605673441567177	0.00011832376372421294	0.00029658831364031356	0.0008400175192525694	0.0003038577934347586	0.00018786552268011293
TT>AG	9.01067981686765e-07	0.006333472103434303	0.0024150660056404226	0.0008614219259501254	0.003251389635571762	0.006817987268400713	0.0032947318266341517	0.028374062142538035
TT>CA	0.006761412388250108	0.00021324791612300942	1.5375485341451166e-06	1.054119148591326e-06	2.1414974357725214e-06	3.218875398474097e-06	3.1587041650027458e-06	5.11135154170006e-06
TT>CC	0.007346333804733831	0.00010712426604484903	1.168875545829451e-06	0.007029201645265743	0.0003817416286938169	2.7582138585557915e-06	0.00018569517046778116	0.0002999958086479637
TT>CG	1.020862315215254e-06	0.004270728918334612	0.0017068394030341238	0.00010050610756081823	0.0006215918484826944	0.010353152437701851	0.004717163786758931	0.010083697892213195
TT>GA	1.434844815548786e-06	1.9788999685488305e-06	1.8370510724707855e-06	1.337527723421772e-06	2.6284103131501977e-06	4.000341929213391e-06	3.82896128428456e-06	6.224325924222285e-06
TT>GC	0.00031784312758418307	0.00243900375749007	0.0020162631938387674	9.381904762051363e-07	0.0012004955589560496	0.007048075059392716	0.0053465080509727154	0.00586482965334767
TT>GG	1.1521096924127504e-06	0.003991533631246397	0.00013401821325814467	0.0004540422838880431	0.0011386443289259772	0.001580889743434568	3.3039572238635628e-06	0.0013388665971228876
