MutationType	DBS78A	DBS78B	DBS78C	DBS78D	DBS78E	DBS78F	DBS78G	DBS78H
AC>CA	4.89E-04	1.78E-03	4.65E-04	3.80E-04	1.04E-03	1.83E-03	1.12E-03	2.33E-03
AC>CG	7.54E-04	3.55E-04	7.49E-04	6.57E-08	3.78E-04	1.91E-04	1.56E-04	1.34E-04
AC>CT	4.48E-07	1.29E-03	1.06E-03	3.71E-04	7.65E-04	9.95E-04	8.54E-04	1.01E-03
AC>GA	2.01E-04	2.20E-03	9.68E-04	1.57E-03	2.16E-03	1.05E-03	1.25E-03	8.05E-04
AC>GG	1.24E-04	6.57E-04	1.17E-03	1.88E-04	8.95E-04	1.12E-03	8.02E-04	1.63E-03
AC>GT	5.65E-08	1.06E-03	3.79E-04	2.17E-04	5.81E-04	3.93E-04	4.19E-04	8.50E-04
AC>TA	5.84E-05	1.06E-03	1.55E-03	6.09E-04	1.26E-03	2.83E-03	3.50E-03	2.84E-03
AC>TG	4.74E-08	1.06E-03	2.65E-04	5.39E-04	1.06E-03	1.15E-03	3.43E-04	7.63E-04
AC>TT	9.20E-04	1.06E-03	1.21E-03	2.71E-04	1.13E-03	8.95E-04	1.30E-03	1.93E-03
AT>CA	2.33E-04	3.17E-04	5.07E-04	2.39E-04	1.11E-03	1.95E-03	2.16E-03	1.99E-03
AT>CC	5.85E-08	1.47E-07	1.16E-07	5.75E-08	1.45E-07	2.16E-07	2.17E-07	2.88E-07
AT>CG	5.85E-08	1.47E-07	1.16E-07	5.75E-08	1.45E-07	2.16E-07	2.17E-07	2.88E-07
AT>GA	1.92E-04	1.73E-03	4.17E-04	1.24E-03	1.07E-03	8.35E-04	1.35E-03	8.58E-04
AT>GC	5.85E-08	1.47E-07	1.16E-07	5.75E-08	1.45E-07	2.16E-07	2.17E-07	2.88E-07
AT>TA	5.18E-08	2.80E-04	8.52E-04	9.87E-04	5.62E-04	2.57E-04	8.02E-04	2.13E-04
CC>AA	1.53E-03	9.33E-03	5.20E-03	7.02E-03	8.95E-03	5.71E-03	4.54E-03	4.89E-03
CC>AG	9.47E-04	2.55E-03	2.83E-03	2.55E-03	2.22E-03	4.71E-03	2.45E-03	3.71E-03
CC>AT	1.67E-03	4.92E-03	2.26E-03	3.74E-03	2.80E-03	4.21E-03	3.45E-03	3.45E-03
CC>GA	3.33E-08	2.23E-03	2.24E-03	2.31E-03	1.88E-03	2.94E-03	2.14E-03	3.18E-03
CC>GG	3.09E-08	3.05E-04	9.31E-04	3.04E-04	2.64E-04	1.15E-03	4.79E-04	3.45E-04
CC>GT	2.91E-03	1.66E-03	1.10E-03	1.02E-03	2.86E-03	2.79E-03	4.47E-03	8.67E-03
CC>TA	2.03E-03	2.78E-03	7.43E-04	1.41E-03	9.98E-04	1.81E-03	2.02E-03	9.80E-04
CC>TG	7.02E-04	9.13E-04	8.61E-04	4.05E-04	5.55E-04	5.15E-04	4.24E-04	4.80E-04
CC>TT	4.89E-03	2.50E-03	2.15E-03	3.50E-03	2.04E-03	1.97E-03	4.61E-03	5.39E-03
CG>AT	6.18E-08	1.82E-04	4.42E-04	1.14E-04	3.91E-04	5.86E-05	5.26E-04	2.93E-07
CG>GC	5.85E-08	1.47E-07	1.16E-07	5.75E-08	1.45E-07	2.16E-07	2.17E-07	2.88E-07
CG>GT	4.87E-08	1.41E-03	3.07E-04	6.42E-04	4.47E-04	1.03E-03	1.10E-03	1.45E-03
CG>TA	2.50E-04	1.15E-03	5.51E-04	3.59E-04	1.36E-03	2.34E-03	2.34E-03	4.26E-03
CG>TC	5.85E-08	1.47E-07	1.16E-07	5.75E-08	1.45E-07	2.16E-07	2.17E-07	2.88E-07
CG>TT	5.85E-08	1.47E-07	1.16E-07	5.75E-08	1.45E-07	2.16E-07	2.17E-07	2.88E-07
CT>AA	9.97E-04	2.71E-03	2.03E-03	1.73E-03	3.41E-03	2.90E-03	3.20E-03	3.37E-03
CT>AC	5.26E-08	9.13E-04	3.00E-04	9.23E-04	4.68E-04	3.68E-04	6.38E-04	3.24E-05
CT>AG	1.28E-04	1.15E-03	2.09E-03	1.73E-03	1.44E-03	2.82E-03	4.00E-03	9.27E-04
CT>GA	4.40E-08	4.21E-04	1.52E-03	8.02E-04	7.56E-04	3.37E-04	6.89E-04	1.30E-04
CT>GC	1.05E-03	7.32E-04	9.94E-04	3.26E-04	4.56E-04	1.32E-03	9.11E-04	5.67E-04
CT>GG	7.61E-04	6.78E-04	1.19E-03	8.74E-04	3.94E-04	1.74E-04	3.42E-04	1.48E-03
CT>TA	2.56E-03	2.29E-03	1.37E-03	7.73E-04	1.90E-03	2.42E-03	2.78E-03	2.17E-03
CT>TC	8.56E-04	7.28E-04	1.04E-03	4.06E-04	2.56E-03	4.42E-04	1.22E-03	2.42E-03
CT>TG	5.48E-04	1.01E-03	1.28E-03	5.99E-04	1.99E-03	2.54E-03	1.85E-03	5.49E-03
GC>AA	1.52E-03	3.15E-03	2.82E-03	3.34E-03	5.82E-03	2.82E-03	5.73E-03	4.22E-03
GC>AG	1.42E-03	2.92E-03	9.94E-04	2.47E-03	1.22E-03	3.31E-03	4.33E-03	1.87E-03
GC>AT	4.58E-08	1.21E-03	1.51E-03	1.52E-03	1.48E-03	3.63E-03	2.22E-03	3.18E-03
GC>CA	8.72E-04	9.79E-04	1.92E-03	4.00E-04	8.64E-04	1.09E-03	1.54E-03	3.04E-03
GC>CG	5.85E-08	1.47E-07	1.16E-07	5.75E-08	1.45E-07	2.16E-07	2.17E-07	2.88E-07
GC>TA	2.20E-04	9.50E-04	8.03E-04	6.97E-04	5.97E-04	9.35E-04	1.20E-03	1.35E-03
TA>AT	6.11E-04	1.17E-03	1.61E-03	4.21E-04	1.08E-03	2.36E-03	1.70E-03	3.87E-03
TA>CG	4.18E-08	9.47E-04	1.15E-03	3.02E-04	4.66E-04	1.53E-03	6.01E-04	1.47E-03
TA>CT	4.81E-08	1.95E-03	2.45E-03	3.15E-04	1.62E-03	2.37E-03	1.80E-03	4.65E-03
TA>GC	5.85E-08	1.47E-07	1.16E-07	5.75E-08	1.45E-07	2.16E-07	2.17E-07	2.88E-07
TA>GG	1.87E-04	4.26E-04	1.25E-03	2.39E-04	7.21E-04	8.31E-04	7.94E-04	1.56E-03
TA>GT	2.68E-04	2.20E-03	4.11E-04	8.22E-04	1.17E-03	1.95E-03	8.04E-04	1.44E-03
TC>AA	1.07E-03	3.67E-03	5.19E-03	1.83E-03	5.75E-03	5.18E-03	8.48E-03	4.31E-03
TC>AG	2.22E-03	3.04E-03	1.90E-03	7.54E-04	2.18E-03	2.67E-03	2.99E-03	2.47E-03
TC>AT	4.48E-03	3.66E-03	2.16E-03	2.23E-03	2.89E-03	4.32E-03	5.64E-03	4.09E-03
TC>CA	6.60E-04	3.42E-03	3.05E-03	1.97E-03	3.79E-03	1.80E-03	3.52E-03	3.00E-03
TC>CG	4.23E-04	1.22E-03	1.52E-03	7.35E-04	8.99E-04	1.19E-03	7.12E-04	9.69E-04
TC>CT	1.53E-03	2.09E-03	1.42E-03	1.63E-03	1.40E-03	1.68E-03	1.80E-03	1.78E-03
TC>GA	2.32E-04	1.58E-03	1.21E-03	2.21E-03	2.08E-03	1.52E-03	4.29E-03	1.31E-03
TC>GG	7.05E-04	2.86E-04	8.45E-04	8.96E-04	6.36E-04	2.28E-04	9.14E-05	3.47E-04
TC>GT	1.00E-03	9.76E-04	1.32E-03	8.11E-04	1.59E-03	1.56E-03	1.56E-03	3.56E-03
TG>AA	4.52E-08	7.46E-04	1.57E-03	1.02E-03	7.53E-04	5.96E-04	9.66E-04	2.87E-04
TG>AC	6.35E-08	1.14E-04	9.46E-05	9.02E-04	2.29E-04	2.25E-07	2.13E-07	1.48E-04
TG>AT	2.29E-08	2.03E-03	2.71E-03	1.57E-03	2.01E-03	3.41E-03	2.44E-03	3.91E-03
TG>CA	8.82E-04	2.13E-03	2.38E-03	1.65E-03	3.80E-03	4.86E-03	2.47E-03	5.01E-03
TG>CC	7.53E-04	1.11E-03	8.08E-04	4.86E-04	1.46E-03	3.23E-03	3.94E-03	2.57E-03
TG>CT	6.24E-07	4.20E-03	3.55E-03	2.98E-03	3.59E-03	6.55E-03	4.26E-03	3.91E-03
TG>GA	5.41E-08	6.31E-04	1.82E-03	8.72E-05	4.78E-04	6.02E-04	2.11E-04	1.23E-03
TG>GC	5.84E-05	5.35E-04	1.20E-03	1.43E-04	6.29E-04	6.51E-04	1.53E-03	1.53E-03
TG>GT	1.34E-03	1.17E-03	1.39E-03	6.98E-04	1.03E-03	2.21E-03	2.02E-03	2.10E-03
TT>AA	9.89E-04	1.29E-03	3.27E-03	5.47E-04	1.90E-03	1.94E-03	1.89E-03	2.98E-03
TT>AC	5.50E-08	1.02E-04	8.89E-04	1.17E-04	1.69E-04	3.98E-04	3.00E-04	1.82E-04
TT>AG	5.85E-08	1.37E-03	8.88E-04	3.41E-04	8.98E-04	1.30E-03	1.02E-03	3.50E-03
TT>CA	7.25E-04	2.12E-04	1.15E-07	6.39E-08	1.44E-07	2.23E-07	2.04E-07	2.75E-07
TT>CC	6.75E-04	1.05E-04	1.20E-07	7.84E-04	2.93E-04	2.45E-07	1.83E-04	2.96E-04
TT>CG	5.86E-08	2.44E-03	6.33E-04	9.96E-05	5.12E-04	2.28E-03	1.27E-03	2.11E-03
TT>GA	5.85E-08	1.47E-07	1.16E-07	5.75E-08	1.45E-07	2.16E-07	2.17E-07	2.88E-07
TT>GC	2.26E-04	8.57E-04	8.26E-04	5.12E-08	6.09E-04	1.49E-03	1.53E-03	1.41E-03
TT>GG	5.37E-08	8.36E-04	1.33E-04	1.97E-04	3.29E-04	4.53E-04	2.12E-07	6.48E-04
