MutationType	DBS78A	DBS78B	DBS78C
AC>CA	4.67E-04	7.67E-04	7.77E-04
AC>CG	1.01E-04	3.66E-04	5.34E-04
AC>CT	3.93E-04	7.78E-04	1.71E-04
AC>GA	9.48E-04	6.90E-04	5.62E-04
AC>GG	1.93E-04	3.58E-04	3.37E-04
AC>GT	2.04E-04	3.95E-04	1.53E-04
AC>TA	6.18E-04	1.38E-03	4.33E-04
AC>TG	3.45E-04	4.64E-04	1.72E-04
AC>TT	3.85E-04	7.98E-04	9.12E-04
AT>CA	2.97E-04	6.95E-04	4.41E-04
AT>CC	5.29E-08	9.89E-08	6.90E-08
AT>CG	5.29E-08	9.89E-08	6.90E-08
AT>GA	4.54E-04	3.90E-04	4.10E-04
AT>GC	5.29E-08	9.89E-08	6.90E-08
AT>TA	3.84E-04	4.36E-04	5.16E-05
CC>AA	3.67E-03	5.74E-03	1.76E-03
CC>AG	1.43E-03	2.10E-03	1.04E-03
CC>AT	1.92E-03	2.08E-03	1.92E-03
CC>GA	1.11E-03	1.50E-03	3.33E-04
CC>GG	1.75E-04	5.06E-04	7.00E-05
CC>GT	9.81E-04	1.68E-03	2.75E-03
CC>TA	7.90E-04	6.88E-04	1.82E-03
CC>TG	2.73E-04	5.38E-04	5.90E-04
CC>TT	1.86E-03	1.48E-03	4.14E-03
CG>AT	2.03E-04	1.80E-04	3.15E-05
CG>GC	5.29E-08	9.89E-08	6.90E-08
CG>GT	3.76E-04	3.88E-04	4.46E-04
CG>TA	3.46E-04	9.92E-04	7.72E-04
CG>TC	5.29E-08	9.89E-08	6.90E-08
CG>TT	5.29E-08	9.89E-08	6.90E-08
CT>AA	1.33E-03	1.74E-03	1.21E-03
CT>AC	4.11E-04	2.51E-04	9.45E-05
CT>AG	1.09E-03	1.86E-03	6.88E-04
CT>GA	5.14E-04	8.01E-04	5.57E-08
CT>GC	2.40E-04	6.62E-04	8.04E-04
CT>GG	3.71E-04	5.77E-04	6.80E-04
CT>TA	8.96E-04	8.72E-04	2.30E-03
CT>TC	6.83E-04	7.97E-04	1.10E-03
CT>TG	5.18E-04	1.36E-03	8.21E-04
GC>AA	2.20E-03	2.61E-03	1.45E-03
GC>AG	1.32E-03	1.61E-03	1.84E-03
GC>AT	8.51E-04	1.50E-03	5.09E-04
GC>CA	4.18E-04	1.18E-03	9.03E-04
GC>CG	5.29E-08	9.89E-08	6.90E-08
GC>TA	4.26E-04	5.74E-04	4.14E-04
TA>AT	6.45E-04	1.14E-03	8.90E-04
TA>CG	1.81E-04	5.52E-04	2.71E-04
TA>CT	7.29E-04	1.81E-03	6.79E-04
TA>GC	5.29E-08	9.89E-08	6.90E-08
TA>GG	1.48E-04	3.38E-04	2.81E-04
TA>GT	6.65E-04	6.56E-04	7.69E-04
TC>AA	2.72E-03	4.13E-03	1.45E-03
TC>AG	8.46E-04	1.37E-03	2.20E-03
TC>AT	1.84E-03	2.11E-03	3.59E-03
TC>CA	1.66E-03	2.22E-03	6.77E-04
TC>CG	4.49E-04	8.39E-04	4.45E-04
TC>CT	9.08E-04	1.01E-03	1.34E-03
TC>GA	1.35E-03	1.56E-03	5.13E-04
TC>GG	3.06E-04	4.19E-04	5.24E-04
TC>GT	6.54E-04	9.55E-04	1.23E-03
TG>AA	5.59E-04	7.12E-04	5.15E-05
TG>AC	2.60E-04	7.23E-05	2.24E-04
TG>AT	1.04E-03	1.63E-03	2.90E-04
TG>CA	1.27E-03	2.07E-03	1.07E-03
TG>CC	5.78E-04	1.30E-03	1.11E-03
TG>CT	2.13E-03	3.43E-03	9.47E-04
TG>GA	1.77E-04	6.35E-04	1.86E-04
TG>GC	2.27E-04	7.27E-04	4.28E-04
TG>GT	4.55E-04	1.16E-03	1.29E-03
TT>AA	7.38E-04	1.69E-03	1.02E-03
TT>AC	1.37E-04	4.69E-04	9.03E-08
TT>AG	4.08E-04	8.46E-04	7.60E-04
TT>CA	6.37E-08	1.18E-07	4.67E-04
TT>CC	2.59E-04	1.26E-04	5.57E-04
TT>CG	2.60E-04	4.79E-04	5.67E-04
TT>GA	5.29E-08	9.89E-08	6.90E-08
TT>GC	1.38E-04	6.12E-04	5.52E-04
TT>GG	1.94E-04	2.12E-04	7.61E-08
