MutationType	DBS78A	DBS78B	DBS78C
AC>CA	0.0030754215307507594	0.005948825533822344	0.006014104271402658
AC>CG	0.0002881169734290623	0.0032123308217334666	0.005259474222184508
AC>CT	0.003013377080301325	0.009324401066238011	0.0005422224156987454
AC>GA	0.015859087012962618	0.003140670075682195	0.0013459579952603917
AC>GG	0.0006870810249625947	0.0022520941188014375	0.0009530769905620673
AC>GT	0.0011664685856311507	0.0023238580700518695	0.00015510094805989638
AC>TA	0.0052490905679853485	0.022619744919915093	0.0017301566473367559
AC>TG	0.0031949253284153656	0.002205798652957469	0.00017288355255402622
AC>TT	0.0025070296499839096	0.009724369646660734	0.012982878022203295
AT>CA	0.0024135969566597736	0.00630621092783116	0.001627703103133058
AT>CC	1.8613058944083604e-06	3.092783329066151e-06	2.4271519589547097e-06
AT>CG	1.8613058944083604e-06	3.092783329066151e-06	2.4271519589547097e-06
AT>GA	0.0050660015736223585	0.001757468193884737	0.001279930325692078
AT>GC	1.8613058944083604e-06	3.092783329066151e-06	2.4271519589547097e-06
AT>TA	0.004268682779924688	0.0037021724374403675	5.2715169348118705e-05
CC>AA	0.2281845223903656	0.08640937532923999	0.02745904365554452
CC>AG	0.037393874193585364	0.0388274295652343	0.01009421460608216
CC>AT	0.07814657492563129	0.027252455064895	0.032193207756993164
CC>GA	0.02525233479614627	0.02734503813921492	0.0006020565134611289
CC>GG	0.0008919088187968782	0.005789173380127863	7.113293405893728e-05
CC>GT	0.005496729871385924	0.01672002604834077	0.05180093144661214
CC>TA	0.011293965455946875	0.0034723477891641964	0.04289413996040821
CC>TG	0.002437011304814405	0.003752759396011882	0.005022172360421564
CC>TT	0.021182445985017465	0.0108716593245407	0.22863413520157339
CG>AT	0.001234405755312764	0.0007689513475708054	3.340745212256024e-05
CG>GC	1.8613058944083604e-06	3.092783329066151e-06	2.4271519589547097e-06
CG>GT	0.0031923622457566123	0.0021413704770731814	0.0019051894038180706
CG>TA	0.0014309897895562074	0.010221281196947131	0.00515807869238472
CG>TC	1.8613058944083604e-06	3.092783329066151e-06	2.4271519589547097e-06
CG>TT	1.8613058944083604e-06	3.092783329066151e-06	2.4271519589547097e-06
CT>AA	0.02899402487764064	0.019534312476735635	0.014461364687825266
CT>AC	0.005706005903828668	0.0009511490739927809	9.64517373361673e-05
CT>AG	0.01367270796283691	0.02973446726676457	0.0023151533262949896
CT>GA	0.005022377063166914	0.006667256964860542	8.41287392177037e-07
CT>GC	0.0011465185699123736	0.005340981148362403	0.009053838949694465
CT>GG	0.0026508059534975812	0.00531392187856369	0.0064987536065709865
CT>TA	0.01019179529012888	0.00452705521498153	0.06661631997674704
CT>TC	0.004110505916739129	0.004854819761454294	0.01002311513449186
CT>TG	0.0024516425550937717	0.013464104334882734	0.004632816613122373
GC>AA	0.06665163127705455	0.031181388321583653	0.02497931257536095
GC>AG	0.02958218031330034	0.011753143213672103	0.023933610679942062
GC>AT	0.008807825697257386	0.018493061382301477	0.0020235342231127618
GC>CA	0.0027782780482475287	0.016060021627666288	0.008607199539215316
GC>CG	1.8613058944083604e-06	3.092783329066151e-06	2.4271519589547097e-06
GC>TA	0.0033830346198558204	0.004487643445193043	0.0019523361488572278
TA>AT	0.00602284706355448	0.013360855549352095	0.007077769299223462
TA>CG	0.000829134357339285	0.006086195409948232	0.0006769699489322533
TA>CT	0.005832611334587341	0.029829814520137887	0.0024200042634889662
TA>GC	1.8613058944083604e-06	3.092783329066151e-06	2.4271519589547097e-06
TA>GG	0.000508675911964076	0.0022963480129556046	0.000944362368337579
TA>GT	0.008042526454535591	0.0035577451554441807	0.0034872990199421848
TC>AA	0.07525172313675284	0.12384410630911588	0.011330972159992016
TC>AG	0.0064202528631073005	0.011787121054354319	0.050425050160847605
TC>AT	0.03966119126662306	0.019569257897746155	0.17090824641287328
TC>CA	0.030520880155982012	0.03270568445933577	0.00758133860056752
TC>CG	0.003030754886120164	0.008679911409590062	0.003075854572534382
TC>CT	0.018198013331602852	0.009210264952514485	0.0259012802853249
TC>GA	0.026982309707478863	0.014035208842648784	0.0014152331218791048
TC>GG	0.003055196578264052	0.003009067644121899	0.005402841623672998
TC>GT	0.004867101952040898	0.007293435528911703	0.0140448456955869
TG>AA	0.0076090393032365	0.006733632806883065	5.2239387958277204e-05
TG>AC	0.0023323387755260685	0.00011845178899989151	0.00022637019628120924
TG>AT	0.023522091277590675	0.03902196224002637	0.0004536344553260285
TG>CA	0.020424436973867727	0.0273361967688097	0.010236963900856542
TG>CC	0.00471509955628811	0.011738888120581947	0.012399638338629585
TG>CT	0.04668646099034504	0.08011481341432045	0.0031900435180132166
TG>GA	0.0007678332738798232	0.005298440076681459	0.000607247228492156
TG>GC	0.0009869152085072662	0.00801139279569412	0.0017605317105847007
TG>GT	0.0032468229093998956	0.01480026989767623	0.01728844549359337
TT>AA	0.004816083055838476	0.022882347210162378	0.015376718730584287
TT>AC	0.0003919293856949935	0.0030556768646704314	1.6930987578689383e-06
TT>AG	0.0023965134425210266	0.008050894458383348	0.0034223867917064156
TT>CA	1.134672563409822e-06	2.026881591490337e-06	0.004539924202532575
TT>CC	0.0018398113821017149	0.00021009121339801595	0.005941579157602064
TT>CG	0.001155864110343714	0.00361134022017751	0.003056287173063765
TT>GA	1.8613058966820973e-06	3.092783316560599e-06	2.4271519339436056e-06
TT>GC	0.0002893505970282462	0.004338720273121055	0.003552270811536005
TT>GG	0.0015029856636118665	0.0009288527930294777	1.5584388188472076e-06
