NMF_Replicate	L1	L1 %	L2	L2 %	KL Divergence	Correlation	Convergence Iterations
1	147.771	73.139	26.67	52.085	0.609	0.743	40000.0
2	148.35	73.627	26.802	52.211	0.607	0.742	40000.0
3	147.677	72.394	26.667	51.734	0.612	0.751	40000.0
4	147.068	72.186	26.475	51.628	0.609	0.751	50000.0
5	148.679	73.146	26.44	51.893	0.615	0.747	30000.0
6	147.526	72.718	26.628	51.945	0.606	0.744	30000.0
7	149.311	73.102	26.619	52.001	0.616	0.747	40000.0
8	147.92	72.552	26.689	51.881	0.614	0.75	30000.0
9	147.587	73.273	26.617	51.954	0.604	0.745	30000.0
10	147.334	72.395	26.42	51.727	0.612	0.751	60000.0
11	148.284	73.606	26.76	52.006	0.607	0.744	40000.0
12	149.137	73.92	26.765	52.5	0.618	0.742	50000.0
13	147.675	72.425	26.641	51.607	0.612	0.753	60000.0
14	147.307	72.801	26.654	51.982	0.606	0.745	30000.0
15	147.048	72.489	26.438	51.782	0.602	0.746	40000.0
16	147.981	72.474	26.639	51.77	0.614	0.751	40000.0
17	148.362	72.982	26.771	52.07	0.608	0.745	30000.0
18	147.915	73.054	26.724	51.928	0.607	0.744	40000.0
19	148.032	72.688	26.677	51.854	0.615	0.75	30000.0
20	147.275	72.305	26.54	51.629	0.612	0.751	30000.0
21	148.312	73.271	26.823	52.023	0.606	0.744	40000.0
22	147.621	73.007	26.563	51.975	0.605	0.744	20000.0
23	147.902	73.128	26.63	52.114	0.61	0.742	40000.0
24	147.378	72.25	26.449	51.522	0.61	0.754	40000.0
25	148.016	73.511	26.74	52.147	0.612	0.741	40000.0
26	148.433	73.586	26.77	52.131	0.607	0.742	20000.0
27	147.747	72.508	26.667	51.862	0.614	0.75	70000.0
28	148.011	72.414	26.713	51.774	0.614	0.75	30000.0
29	148.006	73.229	26.761	52.048	0.605	0.743	30000.0
30	147.883	73.214	26.724	52.171	0.61	0.742	30000.0
31	148.68	72.833	26.439	51.73	0.612	0.751	40000.0
32	147.396	73.193	26.559	52.122	0.608	0.742	30000.0
33	147.656	73.287	26.678	52.115	0.609	0.742	40000.0
34	147.613	72.407	26.552	51.658	0.614	0.751	70000.0
35	148.908	73.395	26.753	52.281	0.612	0.745	50000.0
36	148.811	73.817	26.766	52.396	0.614	0.744	20000.0
37	147.873	73.187	26.757	52.023	0.605	0.744	40000.0
38	148.534	73.391	26.864	52.071	0.606	0.744	40000.0
39	147.818	72.323	26.637	51.729	0.61	0.752	30000.0
40	148.083	73.131	26.701	52.073	0.608	0.744	40000.0
41	147.724	72.95	26.714	52.094	0.608	0.744	30000.0
42	148.434	73.399	26.872	52.028	0.606	0.745	40000.0
43	148.113	72.6	26.626	51.764	0.614	0.751	70000.0
44	148.442	73.548	26.791	52.194	0.612	0.742	30000.0
45	147.321	72.952	26.538	51.978	0.612	0.744	30000.0
46	147.826	73.067	26.72	51.987	0.606	0.745	30000.0
47	147.381	72.91	26.593	52.113	0.606	0.742	40000.0
48	147.87	73.169	26.574	52.0	0.606	0.745	50000.0
49	147.453	72.805	26.607	51.939	0.607	0.745	30000.0
50	147.546	72.974	26.635	52.092	0.605	0.743	70000.0
51	148.162	73.469	26.779	52.081	0.609	0.743	50000.0
52	147.825	72.641	26.572	51.785	0.615	0.751	50000.0
53	148.447	73.482	26.903	52.006	0.605	0.746	30000.0
54	148.31	73.499	26.628	52.213	0.61	0.745	40000.0
55	147.651	72.409	26.669	51.773	0.613	0.752	30000.0
56	147.25	72.821	26.569	51.891	0.603	0.746	50000.0
57	148.896	72.741	26.6	51.795	0.609	0.749	50000.0
58	147.188	72.732	26.666	52.06	0.605	0.744	50000.0
59	148.376	73.236	26.789	52.17	0.609	0.742	30000.0
60	147.415	72.426	26.557	51.764	0.612	0.75	30000.0
61	148.225	73.317	26.878	52.182	0.609	0.742	40000.0
62	147.226	72.879	26.523	51.9	0.606	0.745	60000.0
63	148.357	73.286	26.926	52.113	0.606	0.744	40000.0
64	147.338	73.067	26.569	52.025	0.609	0.743	30000.0
65	147.147	72.435	26.373	51.627	0.613	0.75	40000.0
66	147.927	72.381	26.632	51.815	0.611	0.751	30000.0
67	148.771	72.973	26.495	51.894	0.613	0.747	40000.0
68	149.185	73.806	26.844	52.513	0.614	0.743	20000.0
69	147.335	72.952	26.535	52.0	0.611	0.744	40000.0
70	148.13	73.137	26.721	51.976	0.602	0.745	50000.0
71	147.994	73.246	26.752	52.093	0.607	0.743	40000.0
72	148.706	73.438	26.895	52.08	0.606	0.744	20000.0
73	147.418	72.286	26.636	51.624	0.612	0.753	40000.0
74	147.915	73.23	26.719	52.044	0.604	0.745	50000.0
75	148.846	73.057	26.537	51.86	0.615	0.748	30000.0
76	147.888	73.303	26.746	52.019	0.607	0.744	30000.0
77	147.714	72.355	26.686	51.842	0.612	0.751	30000.0
78	148.934	73.845	26.708	52.476	0.613	0.742	40000.0
79	147.681	73.154	26.669	52.104	0.609	0.743	30000.0
80	148.519	73.587	26.657	52.253	0.613	0.745	50000.0
81	147.531	72.327	26.65	51.702	0.611	0.752	40000.0
82	148.797	72.996	26.463	51.92	0.611	0.747	30000.0
83	147.751	73.079	26.629	52.06	0.607	0.743	40000.0
84	148.692	73.491	26.855	52.153	0.608	0.743	60000.0
85	147.55	72.401	26.653	51.738	0.612	0.752	20000.0
86	148.373	73.508	26.58	52.279	0.614	0.744	30000.0
87	146.775	72.657	26.486	51.95	0.604	0.745	50000.0
88	147.702	72.475	26.635	51.824	0.614	0.749	30000.0
89	147.221	72.969	26.614	51.964	0.608	0.745	30000.0
90	147.833	72.447	26.723	51.778	0.614	0.75	30000.0
91	147.348	73.001	26.46	52.027	0.608	0.744	20000.0
92	147.467	72.856	26.527	51.948	0.606	0.745	30000.0
93	147.387	72.843	26.617	51.925	0.605	0.746	30000.0
94	148.262	73.465	26.781	52.228	0.61	0.741	40000.0
95	149.82	74.004	26.971	52.491	0.615	0.744	30000.0
96	148.904	72.862	26.553	51.84	0.61	0.749	30000.0
97	147.614	72.974	26.702	51.869	0.605	0.746	30000.0
98	148.102	72.502	26.704	51.787	0.611	0.75	40000.0
99	147.366	72.284	26.576	51.713	0.612	0.75	40000.0
100	148.686	72.866	26.507	51.86	0.611	0.749	30000.0
