Samples	SBS1	SBS5	SBS7a	SBS7b	SBS10b	SBS15	SBS17a	SBS17b	SBS38	SBS39
TCGA-3N-A9WB-06	12	0	113	63	33	0	0	0	0	0
TCGA-3N-A9WC-06	95	174	1244	1074	0	0	0	0	0	0
TCGA-3N-A9WD-06	56	46	657	502	0	0	0	0	0	0
TCGA-BF-A1PU-01	9	0	21	67	15	0	0	0	0	0
TCGA-BF-A1PV-01	13	0	168	164	46	0	0	0	0	0
TCGA-BF-A1PX-01	16	0	171	270	0	0	0	0	0	0
TCGA-BF-A1PZ-01	15	23	73	222	0	0	0	0	0	0
TCGA-BF-A1Q0-01	35	31	437	347	104	0	0	0	0	0
TCGA-BF-A3DJ-01	9	0	97	63	29	0	0	0	0	0
TCGA-BF-A3DL-01	19	13	316	191	67	0	0	0	0	0
TCGA-BF-A3DM-01	28	5	251	306	60	0	0	0	0	0
TCGA-BF-A3DN-01	3	31	49	26	0	0	0	0	0	0
TCGA-BF-A5EO-01	29	42	407	288	93	0	0	0	0	0
TCGA-BF-A5EP-01	15	42	59	108	0	0	0	0	0	0
TCGA-BF-A5EQ-01	25	0	348	361	75	0	0	0	0	0
TCGA-BF-A5ER-01	12	7	98	125	34	0	0	0	0	0
TCGA-BF-A5ES-01	47	41	280	346	0	0	0	0	0	0
TCGA-BF-A9VF-01	8	21	34	62	0	0	0	0	0	0
TCGA-BF-AAOU-01	18	0	173	198	63	0	0	0	0	0
TCGA-BF-AAOX-01	45	57	705	702	206	0	0	0	0	0
TCGA-BF-AAP0-06	14	0	257	278	93	0	0	0	0	0
TCGA-BF-AAP1-01	38	21	600	381	179	0	0	0	0	0
TCGA-BF-AAP2-01	65	0	772	996	0	0	0	0	0	0
TCGA-BF-AAP4-01	26	17	377	595	109	0	0	0	0	0
TCGA-BF-AAP6-01	12	0	18	37	24	0	0	0	0	0
TCGA-BF-AAP7-01	18	47	176	294	83	0	0	0	0	0
TCGA-BF-AAP8-01	2	6	0	0	0	6	0	0	0	0
TCGA-D3-A1Q1-06	10	19	0	0	0	15	0	0	0	23
TCGA-D3-A1Q3-06	5	45	0	0	0	0	0	0	0	0
TCGA-D3-A1Q4-06	18	8	204	141	0	0	0	0	0	0
TCGA-D3-A1Q5-06	24	0	142	326	0	0	0	0	0	0
TCGA-D3-A1Q6-06	48	93	381	621	0	0	0	0	0	0
TCGA-D3-A1Q7-06	6	0	42	67	16	0	0	0	0	0
TCGA-D3-A1Q8-06	13	15	100	165	31	0	0	0	0	0
TCGA-D3-A1Q9-06	6	36	0	0	0	0	0	0	0	0
TCGA-D3-A1QA-06	23	13	279	211	78	0	0	0	0	0
TCGA-D3-A1QB-06	25	18	179	249	50	0	0	0	0	0
TCGA-D3-A2J6-06	6	12	8	0	0	0	0	0	0	0
TCGA-D3-A2J7-06	13	3	180	233	46	0	0	0	0	0
TCGA-D3-A2J8-06	12	0	402	255	107	0	0	0	0	0
TCGA-D3-A2J9-06	9	12	27	47	0	0	0	0	0	0
TCGA-D3-A2JA-06	26	66	183	219	0	0	0	0	0	0
TCGA-D3-A2JB-06	3	9	0	6	0	0	0	0	0	0
TCGA-D3-A2JC-06	12	0	77	143	44	0	0	0	0	0
TCGA-D3-A2JD-06	21	0	171	360	0	0	0	0	0	0
TCGA-D3-A2JE-06	28	16	188	230	0	0	0	0	0	0
TCGA-D3-A2JF-06	86	0	935	953	0	0	0	0	0	0
TCGA-D3-A2JG-06	8	14	65	61	0	0	0	0	0	0
TCGA-D3-A2JH-06	35	45	289	379	105	0	0	0	0	0
TCGA-D3-A2JK-06	20	41	152	194	0	0	0	0	0	0
TCGA-D3-A2JL-06	31	38	197	174	0	0	0	0	0	0
TCGA-D3-A2JN-06	21	70	184	171	0	0	0	0	0	0
TCGA-D3-A2JO-06	41	76	431	293	0	0	0	0	0	0
TCGA-D3-A2JP-06	10	3	122	167	57	0	0	0	0	0
TCGA-D3-A3BZ-06	14	15	0	0	0	0	4	10	0	38
TCGA-D3-A3C1-06	16	48	46	66	23	0	0	0	0	0
TCGA-D3-A3C3-06	30	47	81	182	0	0	0	0	0	0
TCGA-D3-A3C6-06	8	0	56	91	0	0	0	0	0	0
TCGA-D3-A3C7-06	53	59	567	591	0	0	0	0	0	0
TCGA-D3-A3C8-06	21	17	451	214	0	0	0	0	0	0
TCGA-D3-A3CB-06	10	0	161	108	38	0	0	0	0	0
TCGA-D3-A3CC-06	1	7	7	0	0	0	0	0	0	24
TCGA-D3-A3CE-06	7	13	11	9	0	0	0	0	0	0
TCGA-D3-A3CF-06	10	0	0	9	0	0	0	0	7	16
TCGA-D3-A3ML-06	35	24	646	426	137	0	0	0	0	0
TCGA-D3-A3MO-06	12	28	28	15	0	0	0	0	0	0
TCGA-D3-A3MR-06	31	0	477	560	109	0	0	0	0	0
TCGA-D3-A3MU-06	29	27	366	240	0	0	0	0	0	0
TCGA-D3-A3MV-06	19	16	353	262	85	0	0	0	0	0
TCGA-D3-A51E-06	15	30	98	173	52	0	0	0	0	0
TCGA-D3-A51F-06	7	13	38	107	0	0	0	0	0	0
TCGA-D3-A51G-06	57	87	498	853	195	0	0	0	0	0
TCGA-D3-A51H-06	2	6	21	11	0	0	0	0	0	0
TCGA-D3-A51J-06	26	17	225	345	0	0	0	0	0	0
TCGA-D3-A51K-06	0	10	0	0	0	15	7	0	0	0
TCGA-D3-A51N-06	7	30	27	55	0	0	0	0	0	0
TCGA-D3-A51R-06	49	0	513	406	0	0	0	0	0	0
TCGA-D3-A51T-06	75	0	695	844	0	0	0	0	0	0
TCGA-D3-A5GL-06	35	89	194	259	0	0	0	0	0	0
TCGA-D3-A5GN-06	27	0	346	296	0	0	0	0	0	0
TCGA-D3-A5GO-06	88	79	1156	853	0	0	0	0	0	0
TCGA-D3-A5GR-06	14	52	154	132	0	0	0	0	0	0
TCGA-D3-A5GS-06	18	14	237	287	0	0	0	0	0	0
TCGA-D3-A5GT-01	11	15	0	0	0	0	0	0	0	0
TCGA-D3-A5GU-06	43	135	297	544	0	0	0	0	0	0
TCGA-D3-A8GB-06	35	1	503	784	141	0	0	0	0	0
TCGA-D3-A8GC-06	40	27	514	578	0	0	0	0	0	0
TCGA-D3-A8GD-06	13	45	24	35	15	0	0	0	0	0
TCGA-D3-A8GE-06	0	8	0	0	0	0	0	0	0	0
TCGA-D3-A8GI-06	181	0	4154	2180	717	0	0	0	0	0
TCGA-D3-A8GJ-06	18	12	127	115	0	0	0	0	0	0
TCGA-D3-A8GK-06	26	56	383	333	0	0	0	0	0	0
TCGA-D3-A8GL-06	101	59	1249	1154	0	0	0	0	0	0
TCGA-D3-A8GM-06	537	628	2255	1824	0	0	0	0	0	0
TCGA-D3-A8GN-06	15	0	124	163	39	0	0	0	0	0
TCGA-D3-A8GO-06	37	47	359	357	0	0	0	0	0	0
TCGA-D3-A8GP-06	26	68	328	279	83	0	0	0	0	0
TCGA-D3-A8GQ-06	28	0	1141	566	246	0	0	0	0	0
TCGA-D3-A8GR-06	20	59	179	261	0	0	0	0	0	0
TCGA-D3-A8GS-06	23	9	97	164	0	0	0	0	0	0
TCGA-D3-A8GV-06	19	22	254	193	71	0	0	0	0	0
TCGA-D9-A148-06	21	71	127	167	0	0	0	0	0	0
TCGA-D9-A149-06	23	20	106	169	0	0	0	0	0	0
TCGA-D9-A1JW-06	47	31	493	685	0	0	0	0	0	0
TCGA-D9-A1JX-06	12	7	96	90	46	0	0	0	0	0
TCGA-D9-A1X3-06	12	14	0	16	0	0	0	0	6	0
TCGA-D9-A3Z1-06	32	37	241	370	0	0	0	0	0	0
TCGA-D9-A3Z3-06	9	25	99	51	0	0	0	0	0	0
TCGA-D9-A3Z4-01	16	22	35	134	0	0	0	0	0	0
TCGA-D9-A4Z2-01	4	21	0	0	0	6	0	0	0	0
TCGA-D9-A4Z3-01	50	0	299	729	0	0	0	0	0	0
TCGA-D9-A4Z5-01	13	23	0	18	0	0	0	0	34	0
TCGA-D9-A4Z6-06	16	0	189	164	0	0	0	0	0	0
TCGA-D9-A6E9-06	15	25	93	113	0	0	0	0	0	0
TCGA-D9-A6EA-06	32	70	410	377	0	0	0	0	0	0
TCGA-D9-A6EC-06	63	576	1902	1693	469	0	388	677	0	0
TCGA-D9-A6EG-06	11	42	25	26	0	0	0	0	0	0
TCGA-DA-A1HV-06	41	11	974	673	171	0	0	0	0	0
TCGA-DA-A1HW-06	15	24	175	184	54	0	0	0	0	0
TCGA-DA-A1HY-06	32	7	358	601	0	0	0	0	0	0
TCGA-DA-A1I0-06	34	62	248	342	0	0	0	0	0	0
TCGA-DA-A1I1-06	18	22	204	232	55	0	0	0	0	0
TCGA-DA-A1I2-06	10	26	51	92	0	0	0	0	0	0
TCGA-DA-A1I4-06	21	19	144	178	0	0	0	0	0	0
TCGA-DA-A1I5-06	20	0	289	280	0	0	0	0	0	0
TCGA-DA-A1I7-06	27	15	219	219	129	0	0	0	0	0
TCGA-DA-A1I8-06	9	67	67	109	0	0	0	0	0	0
TCGA-DA-A1IA-06	26	74	143	241	0	0	0	0	0	0
TCGA-DA-A1IB-06	0	5	0	0	0	0	0	0	3	0
TCGA-DA-A1IC-06	86	160	445	671	0	0	0	0	0	0
TCGA-DA-A3F3-06	19	5	182	125	61	0	0	0	0	0
TCGA-DA-A3F5-06	30	59	125	207	36	0	0	0	0	0
TCGA-DA-A3F8-06	71	0	805	768	0	0	0	0	0	0
TCGA-DA-A95V-06	24	52	137	159	0	0	0	0	0	0
TCGA-DA-A95W-06	13	11	69	123	0	0	0	0	0	0
TCGA-DA-A95X-06	16	36	287	250	95	0	0	0	0	0
TCGA-DA-A95Y-06	31	53	248	229	0	0	0	0	0	0
TCGA-DA-A95Z-06	83	21	1222	981	349	0	0	0	0	0
TCGA-DA-A960-01	40	0	505	476	166	0	0	0	0	0
TCGA-EB-A1NK-01	14	21	78	83	0	0	0	0	0	0
TCGA-EB-A24C-01	12	15	0	0	0	0	0	0	8	0
TCGA-EB-A24D-01	37	81	298	399	0	0	0	0	0	0
TCGA-EB-A299-01	13	2	79	113	0	0	0	0	0	0
TCGA-EB-A3HV-01	0	5	23	16	0	10	0	0	9	0
TCGA-EB-A3XB-01	24	44	279	278	71	0	0	0	0	0
TCGA-EB-A3XC-01	27	56	193	292	0	0	0	0	0	0
TCGA-EB-A3XD-01	15	0	195	230	80	0	0	0	0	0
TCGA-EB-A3XE-01	0	0	7	6	0	9	0	0	0	0
TCGA-EB-A3XF-01	9	0	260	211	56	0	0	0	0	0
TCGA-EB-A3Y6-01	32	60	290	374	85	0	0	0	0	0
TCGA-EB-A3Y7-01	42	127	701	507	141	0	0	0	0	0
TCGA-EB-A41A-01	48	13	1319	969	271	0	0	0	0	0
TCGA-EB-A41B-01	17	0	295	170	73	0	0	0	0	0
TCGA-EB-A42Y-01	14	45	22	0	0	0	0	0	0	0
TCGA-EB-A42Z-01	12	3	30	82	30	0	0	0	0	0
TCGA-EB-A430-01	21	17	155	284	52	0	0	0	0	0
TCGA-EB-A431-01	98	0	976	1323	0	0	0	0	0	0
TCGA-EB-A44N-01	7	4	55	113	29	0	0	0	0	0
TCGA-EB-A44O-01	41	57	194	400	0	0	0	0	0	0
TCGA-EB-A44P-01	15	51	154	258	0	0	0	0	0	0
TCGA-EB-A44Q-06	7	23	16	0	0	11	0	0	0	0
TCGA-EB-A44R-06	25	36	0	0	0	0	0	0	10	0
TCGA-EB-A4IQ-01	1	10	0	5	0	6	0	0	0	0
TCGA-EB-A4IS-01	23	58	258	434	0	0	0	0	0	0
TCGA-EB-A4OY-01	14	58	0	0	0	0	0	0	0	0
TCGA-EB-A4OZ-01	0	16	0	0	0	0	0	0	0	0
TCGA-EB-A4P0-01	16	40	85	117	0	0	0	0	0	0
TCGA-EB-A4XL-01	27	34	255	350	0	0	0	0	0	0
TCGA-EB-A51B-01	28	35	231	273	0	0	0	0	0	0
TCGA-EB-A550-01	14	0	62	101	26	0	0	0	0	0
TCGA-EB-A551-01	17	36	185	167	69	0	0	0	0	0
TCGA-EB-A553-01	31	84	102	218	0	0	0	0	0	0
TCGA-EB-A57M-01	9	33	0	0	0	17	0	0	0	0
TCGA-EB-A5FP-01	27	42	218	270	0	0	0	0	0	0
TCGA-EB-A5KH-06	14	40	0	0	0	0	0	0	0	0
TCGA-EB-A5SE-01	9	27	123	200	39	0	0	0	0	0
TCGA-EB-A5SF-01	2	23	17	0	0	0	0	0	0	0
TCGA-EB-A5SG-06	8	24	179	158	0	0	0	0	0	0
TCGA-EB-A5SH-06	10	29	22	0	0	0	0	0	29	32
TCGA-EB-A5UL-06	22	56	183	315	56	0	0	0	0	0
TCGA-EB-A5UM-01	27	4	251	387	83	0	0	0	0	0
TCGA-EB-A5UN-06	47	112	331	508	0	0	0	0	0	0
TCGA-EB-A5VU-01	13	34	0	18	0	0	0	0	0	0
TCGA-EB-A6L9-06	9	19	0	0	0	0	0	0	0	0
TCGA-EB-A6QY-01	26	24	355	375	92	0	0	0	0	0
TCGA-EB-A6QZ-01	19	48	109	211	0	0	0	0	0	0
TCGA-EB-A6R0-01	31	50	169	278	0	0	0	0	0	0
TCGA-EB-A82B-01	23	42	0	0	0	0	0	0	0	0
TCGA-EB-A82C-01	6	21	9	0	12	0	0	0	0	0
TCGA-EB-A85I-01	16	7	111	133	39	0	0	0	0	0
TCGA-EB-A85J-01	14	0	258	210	82	0	0	0	0	0
TCGA-EB-A97M-01	25	0	170	187	47	0	0	0	0	0
TCGA-EE-A17X-06	57	55	518	460	0	0	0	0	0	0
TCGA-EE-A17Y-06	12	25	89	106	0	0	0	0	0	0
TCGA-EE-A17Z-06	4	22	0	0	0	0	0	0	0	0
TCGA-EE-A180-06	37	26	264	321	77	0	0	0	0	0
TCGA-EE-A181-06	64	40	1704	1829	367	0	0	0	0	0
TCGA-EE-A182-06	39	42	948	765	246	0	0	0	0	0
TCGA-EE-A183-06	28	0	456	400	132	0	0	0	0	0
TCGA-EE-A184-06	13	30	0	0	0	0	0	0	367	0
TCGA-EE-A185-06	18	22	99	129	0	0	0	0	0	0
TCGA-EE-A20B-06	7	25	84	128	0	0	0	0	0	0
TCGA-EE-A20C-06	132	217	995	1527	0	0	0	0	0	0
TCGA-EE-A20F-06	11	9	289	273	69	0	0	0	0	0
TCGA-EE-A20H-06	40	80	337	356	0	0	0	0	0	0
TCGA-EE-A20I-06	9	21	0	0	0	0	0	0	0	0
TCGA-EE-A29A-06	13	4	131	206	0	0	0	0	0	0
TCGA-EE-A29B-06	21	63	378	287	0	0	0	0	0	0
TCGA-EE-A29C-06	18	19	156	313	67	0	0	0	0	0
TCGA-EE-A29D-06	218	0	2171	2855	0	0	0	0	0	0
TCGA-EE-A29E-06	183	117	2620	1969	0	0	0	0	0	0
TCGA-EE-A29G-06	3	57	190	169	55	0	0	0	0	0
TCGA-EE-A29H-06	11	0	172	189	46	0	0	0	0	0
TCGA-EE-A29L-06	128	134	1288	1210	0	0	0	0	0	0
TCGA-EE-A29M-06	105	34	1660	1448	0	0	0	0	0	0
TCGA-EE-A29N-06	47	82	235	483	0	0	0	0	0	0
TCGA-EE-A29P-06	19	5	160	226	0	0	0	0	0	0
TCGA-EE-A29Q-06	10	43	135	170	51	0	0	0	0	0
TCGA-EE-A29R-06	22	0	406	422	84	0	0	0	0	0
TCGA-EE-A29S-06	62	125	638	673	0	0	0	0	0	0
TCGA-EE-A29T-06	46	26	241	144	56	0	0	0	0	0
TCGA-EE-A29V-06	57	93	401	861	0	0	0	0	0	0
TCGA-EE-A29W-06	12	0	26	55	0	0	0	0	0	0
TCGA-EE-A29X-06	5	17	75	108	0	0	0	0	0	0
TCGA-EE-A2A0-06	22	35	287	189	0	0	0	0	0	0
TCGA-EE-A2A1-06	17	6	207	234	65	0	0	0	0	0
TCGA-EE-A2A2-06	83	161	710	1120	0	0	0	0	0	0
TCGA-EE-A2A5-06	21	48	145	224	0	0	0	0	0	0
TCGA-EE-A2A6-06	11	12	153	173	68	0	0	0	0	0
TCGA-EE-A2GB-06	18	3	346	454	90	0	0	0	0	0
TCGA-EE-A2GC-06	136	105	1341	1652	0	0	0	0	0	0
TCGA-EE-A2GD-06	20	14	368	267	75	0	0	0	0	0
TCGA-EE-A2GE-06	9	29	97	191	0	0	0	0	0	0
TCGA-EE-A2GH-06	19	26	189	192	0	0	0	0	0	0
TCGA-EE-A2GI-06	98	132	899	1013	0	0	0	0	0	0
TCGA-EE-A2GJ-06	64	128	696	722	0	0	0	0	0	0
TCGA-EE-A2GK-06	0	2	0	0	0	0	0	0	2	0
TCGA-EE-A2GL-06	21	19	156	301	0	0	0	0	0	0
TCGA-EE-A2GM-06	46	44	384	500	0	0	0	0	0	0
TCGA-EE-A2GN-06	17	63	192	297	0	0	0	0	0	0
TCGA-EE-A2GO-06	132	81	1006	1562	0	0	0	0	0	0
TCGA-EE-A2GP-06	51	16	414	383	0	0	0	0	0	0
TCGA-EE-A2GR-06	106	126	709	1274	0	0	0	0	0	0
TCGA-EE-A2GS-06	26	29	203	210	0	0	0	0	0	0
TCGA-EE-A2GT-06	41	13	215	193	0	0	0	0	0	0
TCGA-EE-A2GU-06	34	0	422	372	0	0	0	0	0	0
TCGA-EE-A2M5-06	65	126	764	1589	221	0	0	0	0	0
TCGA-EE-A2M6-06	34	43	305	364	0	0	0	0	0	0
TCGA-EE-A2M7-06	9	25	17	11	9	0	0	0	15	0
TCGA-EE-A2M8-06	5	9	80	24	33	0	0	0	0	0
TCGA-EE-A2MC-06	24	14	395	427	170	0	0	0	0	0
TCGA-EE-A2MD-06	51	0	999	954	327	0	0	0	0	0
TCGA-EE-A2ME-06	2	7	12	15	6	0	0	0	0	0
TCGA-EE-A2MF-06	40	78	577	337	0	0	0	0	0	0
TCGA-EE-A2MG-06	16	3	131	127	0	0	0	0	0	0
TCGA-EE-A2MH-06	12	22	47	120	0	0	0	0	0	0
TCGA-EE-A2MI-06	60	45	734	649	0	0	0	0	0	0
TCGA-EE-A2MJ-06	50	0	1225	1056	321	0	0	0	0	0
TCGA-EE-A2MK-06	6	40	194	128	36	0	0	0	0	0
TCGA-EE-A2ML-06	34	63	212	449	0	0	0	0	0	0
TCGA-EE-A2MM-06	26	0	304	338	93	0	0	0	0	0
TCGA-EE-A2MN-06	13	24	82	86	0	0	0	0	0	0
TCGA-EE-A2MP-06	13	51	97	194	38	0	0	0	0	0
TCGA-EE-A2MQ-06	13	30	91	182	49	0	0	0	0	0
TCGA-EE-A2MR-06	111	0	2269	1547	1134	0	0	0	0	0
TCGA-EE-A2MS-06	155	132	1435	2260	0	0	0	0	0	0
TCGA-EE-A2MT-06	60	44	473	682	0	0	0	0	0	0
TCGA-EE-A2MU-06	22	14	393	390	91	0	0	0	0	0
TCGA-EE-A3AA-06	37	0	938	828	247	0	0	0	0	0
TCGA-EE-A3AB-06	0	458	148	303	0	0	0	0	0	0
TCGA-EE-A3AC-06	58	85	610	632	0	0	0	0	0	0
TCGA-EE-A3AD-06	28	57	211	300	0	0	0	0	0	0
TCGA-EE-A3AE-06	94	35	1057	827	0	0	0	0	0	0
TCGA-EE-A3AF-06	58	74	385	844	0	0	0	0	0	0
TCGA-EE-A3AG-06	86	84	860	1282	0	0	0	0	0	0
TCGA-EE-A3AH-06	20	13	204	271	0	0	0	0	0	0
TCGA-EE-A3J3-06	23	24	45	107	28	0	0	0	0	0
TCGA-EE-A3J4-06	36	81	161	140	0	0	0	0	0	0
TCGA-EE-A3J5-06	121	104	1264	1451	0	0	0	0	0	0
TCGA-EE-A3J7-06	84	166	312	788	0	0	0	0	0	0
TCGA-EE-A3J8-06	14	31	204	122	0	0	0	0	0	0
TCGA-EE-A3JA-06	67	0	763	605	0	0	0	0	0	0
TCGA-EE-A3JB-06	38	122	252	447	0	0	0	0	0	0
TCGA-EE-A3JD-06	47	27	1192	1339	497	0	0	0	0	0
TCGA-EE-A3JE-06	6	41	85	194	43	0	0	0	0	0
TCGA-EE-A3JH-06	25	31	82	107	0	0	0	0	0	0
TCGA-EE-A3JI-06	67	193	526	750	0	0	0	0	0	0
TCGA-ER-A193-06	74	66	1090	1143	246	0	0	0	0	0
TCGA-ER-A194-01	80	42	710	1034	0	0	0	0	0	0
TCGA-ER-A195-06	11	0	150	150	37	0	0	0	0	0
TCGA-ER-A196-01	1	11	0	0	0	13	0	0	0	0
TCGA-ER-A197-06	14	38	0	0	0	0	0	0	0	0
TCGA-ER-A198-06	41	52	213	346	0	0	0	0	0	0
TCGA-ER-A199-06	14	34	156	168	0	0	0	0	0	0
TCGA-ER-A19A-06	5	0	110	84	49	0	0	0	0	0
TCGA-ER-A19B-06	6	103	22	0	0	0	0	0	0	0
TCGA-ER-A19C-06	4	17	55	46	0	0	0	0	0	0
TCGA-ER-A19D-06	28	32	206	299	77	0	0	0	0	0
TCGA-ER-A19E-06	23	88	214	218	74	0	0	0	0	0
TCGA-ER-A19F-06	25	0	495	672	121	0	0	0	0	0
TCGA-ER-A19G-06	40	50	230	378	0	0	0	0	0	0
TCGA-ER-A19H-06	12	18	87	199	57	0	0	0	0	0
TCGA-ER-A19J-06	26	0	155	110	0	0	0	0	0	0
TCGA-ER-A19K-01	26	0	253	223	0	0	0	0	0	0
TCGA-ER-A19L-06	2	13	31	28	0	0	0	0	0	0
TCGA-ER-A19M-06	35	32	240	370	0	0	0	0	0	0
TCGA-ER-A19N-06	23	31	271	337	0	0	0	0	0	0
TCGA-ER-A19O-06	8	0	109	91	36	0	0	0	0	0
TCGA-ER-A19P-06	13	141	130	191	0	0	0	0	165	0
TCGA-ER-A19Q-06	11	2	42	74	34	0	0	0	0	0
TCGA-ER-A19S-06	16	22	124	113	0	0	0	0	0	0
TCGA-ER-A19T-01	7	12	0	15	0	9	0	0	0	27
TCGA-ER-A19W-06	28	81	187	192	0	0	0	0	0	0
TCGA-ER-A1A1-06	3	2	27	62	0	0	0	0	0	0
TCGA-ER-A2NB-01	16	24	0	12	0	0	0	0	10	23
TCGA-ER-A2NC-06	27	15	227	283	0	0	0	0	0	0
TCGA-ER-A2ND-06	18	54	41	32	0	0	0	0	0	0
TCGA-ER-A2NE-06	1	30	66	63	19	0	0	0	0	0
TCGA-ER-A2NF-01	8	0	14	19	0	0	0	0	0	0
TCGA-ER-A2NG-06	9	29	144	165	0	0	0	0	0	0
TCGA-ER-A2NH-06	7	0	187	175	46	0	0	0	0	0
TCGA-ER-A3ES-06	13	3	0	0	0	13	0	0	0	0
TCGA-ER-A3ET-06	20	75	21	0	0	0	0	0	0	0
TCGA-ER-A3EV-06	15	13	0	17	0	0	0	0	0	54
TCGA-ER-A3PL-06	19	0	160	340	0	0	0	0	0	0
TCGA-ER-A42H-01	34	44	0	0	0	0	0	0	0	0
TCGA-ER-A42K-06	11	43	78	141	0	0	0	0	0	0
TCGA-ER-A42L-06	36	0	691	574	0	0	0	0	0	0
TCGA-FR-A2OS-01	9	7	0	0	0	0	0	0	0	0
TCGA-FR-A3R1-01	24	0	138	362	65	0	0	0	0	0
TCGA-FR-A3YN-06	20	34	274	363	97	0	0	0	0	0
TCGA-FR-A3YO-06	32	0	492	509	156	0	0	0	0	0
TCGA-FR-A44A-06	24	66	136	194	0	0	0	0	0	0
TCGA-FR-A69P-06	12	0	115	135	43	0	0	0	0	0
TCGA-FR-A726-01	306	200	3828	5812	0	0	0	0	0	0
TCGA-FR-A728-01	17	46	245	232	0	0	0	0	0	0
TCGA-FR-A729-06	22	19	558	467	138	0	0	0	0	0
TCGA-FR-A7U8-06	12	17	0	0	0	15	0	0	0	0
TCGA-FR-A7U9-06	65	0	1178	977	260	0	0	0	0	0
TCGA-FR-A7UA-06	9	0	150	82	0	0	0	0	0	0
TCGA-FR-A8YC-06	95	129	1835	1653	388	0	0	0	0	0
TCGA-FR-A8YD-06	6	101	25	0	0	0	0	0	0	0
TCGA-FR-A8YE-06	12	42	227	190	0	0	0	0	0	0
TCGA-FS-A1YW-06	16	4	101	77	21	0	0	0	0	0
TCGA-FS-A1YX-06	0	4	0	15	0	11	0	0	0	0
TCGA-FS-A1YY-06	19	0	107	148	0	0	0	0	0	0
TCGA-FS-A1Z0-06	18	43	124	134	32	0	0	0	0	0
TCGA-FS-A1Z3-06	29	30	574	581	176	0	0	0	0	0
TCGA-FS-A1Z4-06	3	10	25	15	0	0	0	0	0	0
TCGA-FS-A1Z7-06	16	22	106	106	0	0	0	0	0	0
TCGA-FS-A1ZA-06	41	44	704	624	211	0	0	0	0	0
TCGA-FS-A1ZB-06	7	0	120	152	37	0	0	0	0	0
TCGA-FS-A1ZC-06	27	18	418	421	94	0	0	0	0	0
TCGA-FS-A1ZD-06	16	43	113	169	0	0	0	0	0	0
TCGA-FS-A1ZE-06	11	40	76	41	22	0	0	0	0	0
TCGA-FS-A1ZF-06	11	45	77	116	30	0	0	0	0	0
TCGA-FS-A1ZG-06	12	18	0	0	0	15	0	0	0	0
TCGA-FS-A1ZH-06	7	14	0	13	10	0	0	0	0	0
TCGA-FS-A1ZJ-06	21	20	15	0	0	0	0	0	0	27
TCGA-FS-A1ZK-06	66	111	537	1498	0	0	0	0	0	0
TCGA-FS-A1ZM-06	14	22	94	168	33	0	0	0	0	0
TCGA-FS-A1ZN-01	8	10	54	65	0	0	0	0	0	0
TCGA-FS-A1ZP-06	18	0	299	162	101	0	0	0	0	0
TCGA-FS-A1ZQ-06	29	19	376	259	0	0	0	0	0	0
TCGA-FS-A1ZR-06	5	0	67	91	24	0	0	0	0	0
TCGA-FS-A1ZS-06	29	50	149	156	0	0	0	0	0	0
TCGA-FS-A1ZT-06	17	2	115	108	0	0	0	0	0	0
TCGA-FS-A1ZU-06	9	17	0	0	13	13	0	0	0	0
TCGA-FS-A1ZW-06	24	50	333	369	132	0	0	0	0	0
TCGA-FS-A1ZY-06	7	15	0	14	0	0	0	0	6	0
TCGA-FS-A1ZZ-06	34	0	1061	734	318	0	0	0	0	0
TCGA-FS-A4F0-06	35	61	241	433	0	0	0	0	0	0
TCGA-FS-A4F4-06	10	9	17	0	0	0	0	0	0	20
TCGA-FS-A4F5-06	17	0	395	470	143	0	0	0	0	0
TCGA-FS-A4F8-06	16	29	91	99	0	0	0	0	0	0
TCGA-FS-A4F9-06	23	33	268	266	0	0	0	0	0	0
TCGA-FS-A4FB-06	9	16	80	116	29	0	0	0	0	0
TCGA-FS-A4FC-06	31	1	418	441	108	0	0	0	0	0
TCGA-FS-A4FD-06	11	0	295	232	70	0	0	0	0	0
TCGA-FW-A3I3-06	28	45	0	0	0	0	0	0	0	0
TCGA-FW-A3R5-06	651	0	9616	12695	4507	0	0	0	0	0
TCGA-FW-A3TU-06	64	111	334	571	0	0	0	0	0	0
TCGA-FW-A3TV-06	12	39	187	159	61	0	0	0	0	0
TCGA-FW-A5DX-01	15	31	97	124	0	0	0	0	0	0
TCGA-FW-A5DY-06	15	0	121	105	0	0	0	0	0	0
TCGA-GF-A2C7-01	3	15	29	56	0	0	0	0	0	0
TCGA-GF-A3OT-06	29	39	227	408	81	0	0	0	0	0
TCGA-GF-A4EO-06	16	31	111	188	0	0	0	0	0	0
TCGA-GF-A6C8-06	19	30	178	248	52	0	0	0	0	0
TCGA-GF-A6C9-06	71	0	2019	1277	487	0	0	0	0	0
TCGA-GF-A769-01	14	18	58	104	21	0	0	0	0	0
TCGA-GN-A262-06	23	28	102	342	0	0	0	0	0	0
TCGA-GN-A263-01	23	8	253	319	0	0	0	0	0	0
TCGA-GN-A264-06	4	34	12	0	11	0	0	0	0	0
TCGA-GN-A265-06	9	29	85	187	0	0	0	0	0	0
TCGA-GN-A266-06	129	0	2719	1852	647	0	0	0	0	0
TCGA-GN-A267-06	38	50	187	325	0	0	0	0	0	0
TCGA-GN-A268-06	24	43	233	151	0	0	0	0	0	0
TCGA-GN-A269-01	11	43	418	447	79	0	0	0	0	0
TCGA-GN-A26A-06	23	22	125	282	0	0	0	0	0	0
TCGA-GN-A26C-01	58	0	1220	973	256	0	0	0	0	0
TCGA-GN-A26D-06	10	38	10	0	0	0	0	0	0	0
TCGA-GN-A4U3-06	14	8	137	249	53	0	0	0	0	0
TCGA-GN-A4U4-06	35	29	437	474	0	0	0	0	0	0
TCGA-GN-A4U5-01	24	0	116	313	0	0	0	0	0	0
TCGA-GN-A4U7-06	18	62	104	163	0	0	0	0	0	0
TCGA-GN-A4U8-06	21	34	266	225	0	0	0	0	0	0
TCGA-GN-A4U9-06	8	41	0	0	0	15	6	7	0	0
TCGA-GN-A8LK-06	117	129	1144	1402	0	0	0	0	0	0
TCGA-GN-A8LL-06	1	50	8	0	0	11	0	0	0	0
TCGA-GN-A8LN-01	11	0	145	141	63	0	0	0	0	0
TCGA-GN-A9SD-06	12	37	92	63	0	0	0	0	0	0
TCGA-HR-A2OG-06	20	26	85	123	0	0	0	0	0	0
TCGA-HR-A2OH-06	8	2	35	86	26	0	0	0	0	0
TCGA-HR-A5NC-01	13	29	15	36	0	0	0	0	0	0
TCGA-IH-A3EA-01	80	0	1093	842	0	0	0	0	0	0
TCGA-LH-A9QB-06	5	0	100	194	60	0	0	0	0	0
TCGA-OD-A75X-06	77	39	671	668	0	0	0	0	0	0
TCGA-QB-A6FS-06	77	0	748	779	0	0	0	0	0	0
TCGA-QB-AA9O-06	61	130	789	882	234	0	0	0	0	0
TCGA-RP-A690-06	8	12	0	0	0	0	0	0	0	0
TCGA-RP-A693-06	47	60	330	654	0	0	0	0	0	0
TCGA-RP-A694-06	26	35	396	391	127	0	0	0	0	0
TCGA-RP-A695-06	41	50	496	598	0	0	0	0	0	0
TCGA-RP-A6K9-06	19	49	0	0	0	0	0	0	0	0
TCGA-W3-A824-06	169	106	800	956	0	0	0	0	0	0
TCGA-W3-A825-06	40	0	707	610	197	0	0	0	0	0
TCGA-W3-A828-06	45	214	461	1131	0	0	0	0	0	0
TCGA-W3-AA1O-06	54	0	478	516	0	0	0	0	0	0
TCGA-W3-AA1Q-06	41	0	609	469	150	0	0	0	0	0
TCGA-W3-AA1R-06	55	97	994	995	250	0	0	0	0	0
TCGA-W3-AA1V-06	171	148	3260	3176	734	0	0	0	0	0
TCGA-W3-AA1W-06	32	0	468	352	107	0	0	0	0	0
TCGA-W3-AA21-06	23	11	340	247	82	0	0	0	0	0
TCGA-WE-A8JZ-06	16	19	129	117	0	0	0	0	0	0
TCGA-WE-A8K1-06	16	15	188	158	83	0	0	0	0	0
TCGA-WE-A8K4-01	33	26	438	558	104	0	0	0	0	0
TCGA-WE-A8K5-06	51	0	679	665	195	0	0	0	0	0
TCGA-WE-A8K6-06	19	40	116	191	0	0	0	0	0	0
TCGA-WE-A8ZM-06	9	42	30	22	0	0	0	0	0	0
TCGA-WE-A8ZN-06	14	18	86	107	0	0	0	0	0	0
TCGA-WE-A8ZO-06	15	0	203	203	66	0	0	0	0	0
TCGA-WE-A8ZQ-06	21	59	68	102	0	0	0	0	0	0
TCGA-WE-A8ZR-06	4	1	11	0	12	8	0	0	0	0
TCGA-WE-A8ZT-06	20	30	243	335	0	0	0	0	0	0
TCGA-WE-A8ZX-06	27	46	480	247	0	0	0	0	0	0
TCGA-WE-A8ZY-06	17	45	140	144	0	0	0	0	0	0
TCGA-WE-AA9Y-06	8	5	34	57	0	0	0	0	0	0
TCGA-WE-AAA0-06	68	65	748	1101	0	0	0	0	0	0
TCGA-WE-AAA3-06	15	5	259	169	82	0	0	0	0	0
TCGA-WE-AAA4-06	11	7	112	130	52	0	0	0	0	0
TCGA-XV-A9VZ-01	2	5	3	0	0	0	0	0	0	8
TCGA-XV-A9W2-01	1	20	12	0	0	23	0	0	0	0
TCGA-XV-A9W5-01	9	16	51	34	25	0	0	0	0	0
TCGA-XV-AAZV-01	17	0	77	65	0	0	0	0	0	0
TCGA-XV-AAZW-01	13	28	77	71	25	0	0	0	0	0
TCGA-XV-AAZY-01	6	13	136	84	0	0	0	0	0	0
TCGA-YD-A89C-06	57	25	1086	1030	207	0	0	0	0	0
TCGA-YD-A9TA-06	213	124	2413	1886	0	0	0	0	0	0
TCGA-YD-A9TB-06	16	21	251	123	57	0	0	0	0	0
TCGA-YG-AA3N-01	97	51	1378	1270	0	0	0	0	0	0
TCGA-YG-AA3O-06	68	52	727	680	0	0	0	0	0	0
TCGA-YG-AA3P-06	10	73	0	0	0	0	0	0	15	0
TCGA-Z2-A8RT-06	125	0	2249	1701	0	0	0	0	0	0
TCGA-Z2-AA3S-06	15	10	130	138	0	0	0	0	0	0
TCGA-Z2-AA3V-06	34	16	266	277	0	0	0	0	0	0
