MutationType	SBS96A	SBS96B	SBS96C	SBS96D	SBS96E	SBS96F	SBS96G	SBS96H	SBS96I	SBS96J	SBS96K	SBS96L	SBS96M	SBS96N	SBS96O	SBS96P	SBS96Q
A[C>A]A	5.935306539658569e-05	0.0008252486905649326	0.08002923587599049	0.006675001667301003	0.00018753773832585807	0.004782287817754392	0.00800209225375852	1.1949061016878204e-05	0.0020529608413637846	0.0007923473115694435	0.005590001114757793	7.325067642057093e-05	0.0018625063793372477	0.01631653876489893	0.009174389567669914	0.0006828878846856412	0.0008026655411956796
A[C>A]C	3.479788723135948e-37	7.91112138540484e-05	0.05700120258756783	0.014067800727314238	0.000733374801213813	0.0047174546619069705	0.0029953173757485273	0.0003928157856331893	0.0038496546742692317	0.000540232265362309	0.00860245935890545	0.0005778592547585556	0.00369891574096755	0.01614173000726907	0.02150759200763086	0.0006712824209751033	0.002216180424557024
A[C>A]G	8.477840057420096e-06	9.589456794145689e-07	0.030882915379251585	0.010619815071159807	9.404353300865865e-06	0.0042181341429908545	0.0018604497088694672	4.381485103790439e-06	0.0007443750752749789	6.541017773091795e-06	0.006754639947609284	0.0001511278867252508	0.0030575149712696614	0.003299518839512636	0.0017881057704524838	0.00015225834393758575	0.00011625477973806753
A[C>A]T	3.4761461553038805e-05	7.781522770642445e-05	0.036705210884497574	0.013727491477804676	4.870222065846974e-05	0.002119197845095755	0.0016590772848020397	0.0024617078509618297	0.0005530057675532163	7.428772659167748e-05	0.002979000477549301	0.0002438122551241406	0.0020913986228984173	0.008192009954013955	0.009976836813467855	0.0001720212890510809	0.006701806431047714
A[C>G]A	7.91416360925723e-07	1.1407955284994386e-05	0.005922436098190751	0.0032709397129015035	4.324264182974602e-05	0.001012076737614578	0.0023417404454837863	0.0004137061922142493	0.0008687362959716746	0.002358471396728419	0.0006300611670357625	0.000494935388829596	0.00024572418503794325	0.04908172530537286	0.006849452288198634	2.728915937666443e-10	0.0006770827950463953
A[C>G]C	3.4192733983218206e-05	6.658523031813474e-05	0.002282119895918786	0.0013071194130605335	0.00031265955472406406	0.0029057724928111383	0.0010860832495188787	0.0001034841368326056	0.0007355897016680047	0.0015116428816691042	0.0014139066490543362	0.0012511811629030945	0.0014965243576935449	0.043511693162450696	0.011206945874817648	0.0005235072331561242	0.0007635914400998445
A[C>G]G	0.0005534275215762818	2.6430390256315663e-05	0.002886018153029649	0.0008573302832084417	9.945985582930917e-06	0.003123786363708092	0.0014940404200324137	8.116792084251756e-06	0.0006852528614349218	0.0006348956027164832	0.0018460433989960735	3.690646756737692e-06	0.004381740067515825	0.024480615131276834	0.004716117925790471	6.597551245306477e-05	0.0002179983896951976
A[C>G]T	7.218717394483323e-05	5.127923969587682e-05	0.0013711173657352748	0.0011150086725267312	0.00022442762003677786	0.0020348519343744314	0.000605909338613202	0.0003233264466061314	0.0022620141757041167	0.0031220799934817476	0.0012604013127563006	0.0011741032032219322	0.0007751848452715393	0.050343462569512665	0.005366318294162653	0.0002881246855849895	0.0009588771406561136
A[C>T]A	3.746104310266673e-05	0.00020020787815155927	0.007676471776778263	0.010148463390237339	0.0012706850258600833	0.016040264193790107	0.003213045412071045	0.00767766370830941	0.030844956125522387	0.005044937159400433	0.004242048369206567	0.006682630271855033	0.012422314053110313	0.021353432355771557	0.03903207526247614	0.003010380325722508	0.00028782844736233826
A[C>T]C	0.0037780054833525412	0.058486230466413144	0.0014398753317204083	0.0015134268199930873	3.673903017650915e-05	0.041485371633048655	0.006886638700369474	0.010412808713475186	0.012739422736846109	1.365707775042857e-06	0.019973307274029253	0.0029622699071785974	0.06897445260658239	0.006268888121594798	0.017639743775089797	0.0002531529844515035	0.00351981946281537
A[C>T]G	1.4012984643248171e-46	8.944100554799662e-06	0.0009523909910949317	0.00021505405537793176	2.5296880038467863e-05	0.0012900410099070164	0.003933759145514184	0.04014450832929487	0.3817041155975312	0.00048477550972263444	0.0005616498466265974	0.0021663204254697634	0.00025698408841761164	0.011308474156849612	0.03252796165660284	0.0024127641283095613	0.012554993228492321
A[C>T]T	0.000430978526087845	0.009710892968371809	0.0036943556290119518	0.0030902942363493936	0.0007320803320116786	0.017886249682633207	0.006333492714687237	0.004698038994210947	0.011788196364793748	0.00011139490252389805	0.021957395986080895	0.0023442904995555126	0.037602326146236466	0.012682199266549858	0.02147103527924629	0.001416943630320038	0.0049032489442925
A[T>A]A	0.00013781775300935378	0.0009000884452319724	0.00352931636206268	0.001371063268558288	0.0005850732722000629	0.0041687042234878555	0.0011062441395581501	2.350656973996834e-05	2.498859125530828e-05	0.00010089487960557975	0.009857704437722159	0.0035027801174573538	0.008650524636866927	0.0026585528564022454	0.020458902018559683	3.309449490906502e-05	0.0003237079402731524
A[T>A]C	0.00022411227470733763	0.00021479820873910427	0.00230320152982592	0.0016811261554999391	0.0005924959728856384	0.0034361561768351616	0.0009481387361384464	0.0025751102860222374	0.0008970591492847309	0.00015958791864435808	0.00872986168777885	0.01137695453647968	0.005027680491182854	0.0054493087216096825	0.0361368264228804	0.0003950512516001936	0.00016013147997439334
A[T>A]G	0.0009496081792582345	0.00012579034989940397	0.013099451960223298	0.0010576272247353558	0.001370001347188321	0.006959492402672043	0.004805037756325313	4.9472210084194856e-05	0.0006823875861692308	0.00013246899217163487	0.006801504706121904	0.0005940149705358521	0.0054314712010153695	0.008859897370465185	0.0253680396753586	0.000324240130384732	0.0002702161570270789
A[T>A]T	0.0015453146383413241	0.002101611409884825	0.0009495701759192347	0.0013006241324620405	8.960357387344738e-05	0.01104028787031873	0.002109250915159846	0.0027745358659012707	0.0009034000266915343	8.638118234607361e-06	0.017551038764649588	0.00501245316588431	0.022914243042469026	0.0005647507717367262	0.011999903756646405	0.001114373343472863	0.0008215230207875912
A[T>C]A	2.2224186263867658e-05	0.000124091105067779	0.0100307191163499	0.0011823032696690048	0.00019438215378613676	0.0042086844842626195	0.003016897996956871	0.0007595624445970372	0.002123456473867389	0.00023284581765357755	0.005817076671067412	0.035032504741102456	0.0070814821340502475	0.013049919299413588	0.047750879958753385	2.880227179389294e-05	0.008387928341398947
A[T>C]C	9.412888552811971e-05	0.0002086257216919566	0.0006249769876012791	0.00040718999363889455	0.0002974855131469667	0.0021403401491989806	0.0029252750159547403	0.001624831278150225	0.007166418076667481	0.0005805663299179287	0.0020295293589151697	0.02645926780998707	0.002295645807753374	0.01059741566190496	0.011241418345598504	0.005917151379399002	0.012753477403894067
A[T>C]G	2.0885371848642363e-05	0.0001343973561751	0.007912437364447484	0.0038308785236793597	0.0008285495307609381	0.011591369784380912	0.0058709151192925906	0.0008483661099722184	0.0107611382822591	0.00010489456837351695	0.006030866608825818	0.06075328340753913	0.006864956894084676	0.008890434461453083	0.04589379131587634	0.0001307126808787018	0.004727596703160089
A[T>C]T	0.00037197593977151834	4.902586467210313e-06	0.0013772771526896108	6.926928671482813e-05	0.00022644773782047045	0.004281245548431798	0.001353069892647909	5.8581351864184227e-05	0.004279574176607462	0.00027949166886941156	0.008127871020579373	0.012844958064649746	0.015863006106338916	0.014825970844374724	0.07137844436336309	0.0013314159062633734	0.005160746868957631
A[T>G]A	0.00011690410013848407	0.00010154786639034806	0.00038733661187920985	2.9956739535190735e-05	0.00027462361674153614	0.0021075240944590946	0.0006954714686511388	7.305496775238396e-06	0.00042412940182924076	0.00013760706492282893	0.0037266613980074938	0.00012910206360452036	0.005182205852031103	0.0029132536583013824	0.007294452305761681	0.0018812566422059262	0.0004957165797458174
A[T>G]C	7.969039029433134e-05	0.0005697881473212918	0.0002965547190979123	1.2953025616297963e-05	1.7081399587794976e-05	0.001210659082138364	0.0012090261397427566	1.8835290297634088e-05	0.0010444485920351454	0.00017598047538762416	0.001878877289071994	0.0021769263358146418	0.0023059571075564377	0.0035071435380198677	0.004924820186747425	0.0076949966070242225	0.005256140544079244
A[T>G]G	0.0010392145258265608	0.0004208104295641374	0.0010381105421061853	0.0008346675836634176	4.1864844251904285e-06	0.006155773791752424	0.001407606762669502	0.0001045590620287573	0.0004192968977420996	5.623788739164987e-05	0.008288089868967959	0.0006186873114041803	0.009982324484891763	0.007953626826489	0.00721188798510223	0.0011476797631880232	0.0024551135902584065
A[T>G]T	6.564352469107249e-05	0.0003824276165734641	6.600127484972518e-05	0.00010140566396138695	5.469685149250836e-10	0.00041713116695537384	0.0009280322205459142	2.993130538062161e-05	0.00018488993274509368	9.001750506598682e-07	0.0006966987127450608	0.0007679034623834013	0.001444378197167803	0.00034519457619573756	0.0015126547694084458	0.03700139246881008	0.02653278990648687
C[C>A]A	0.001627179580086633	0.0010982476606002751	0.028809284395905833	0.15676776026828848	1.1704188533911974e-08	0.008129060261387343	0.013323284617034832	0.000976252827973596	0.0008708186920990357	0.00016419900889335425	0.01848235251208891	0.0017027675992781965	0.012805567812993475	0.006195016328856131	0.006204630386352789	0.0013789556374374	0.0019099259579977
C[C>A]C	0.00048369069942867605	7.30451683375577e-05	0.007865059734587607	0.1793478809297085	0.0003072242270753489	0.0066505635813294	0.0029681200985073554	0.0054797136655652424	0.001608048381261895	1.036495435791096e-05	0.001586582254352979	0.009178896409970534	0.002650928889482653	0.00015614423406177903	0.000682324303762325	0.0007102089048368044	0.0003522297765496751
C[C>A]G	2.927012869728407e-06	0.0008211102752718346	0.010913842823783569	0.10101406566798687	1.5235372699464734e-05	0.0040065033760026654	0.001054035174184413	0.0012982561900163469	0.0010479331020035643	3.1744187864735094e-06	0.003985117497441741	0.005074149326512725	0.003084407051539486	1.679302024015783e-07	0.00011998820890237737	1.9763801262229208e-10	0.00017285201347323918
C[C>A]T	6.1618911983885025e-06	0.00149253990146645	0.0021838603145712733	0.1610415118337781	0.0014365034578453129	0.01592561789183596	0.001500848291267065	0.055618788031933375	0.0004569719343866296	5.823404808995569e-06	1.1373738365740849e-05	0.02076183723654747	1.537201176127212e-08	5.0654732746124867e-08	0.0023800684434454244	4.769710670871064e-10	0.0014343351719991481
C[C>G]A	5.435820072216657e-05	1.6813326760538593e-05	0.008570401244153945	0.001995414744187407	0.00012431572201771602	0.0018966081056945683	0.0028420911385244807	0.0	0.00017117023974776656	0.0055744957819013055	0.003102800222025621	9.690501758612414e-06	0.0030627394028456046	0.05281857932747698	0.0041384633019564635	0.00047438852232959403	6.468257645053654e-09
C[C>G]C	0.00035488540290842254	0.00023842610399679387	0.007374828593019527	0.0013498882843823523	0.0007970390018824957	0.004361056672445427	0.004996830900391316	1.6322088995366358e-05	0.0007213343236945668	0.00018513546187964635	0.0029104366955841885	4.155440205320105e-06	0.007252234821222601	0.040211697801743114	0.004710124982029003	8.736165767579962e-05	1.761889834028807e-10
C[C>G]G	0.0004705904439955899	0.0008124880126327838	0.005480725704973699	0.00196145138161777	4.076124980336715e-06	0.004899486541841846	0.00406986003971582	2.172945897045864e-05	0.0007298154568492032	1.9623559995478603e-05	0.0019902336751677296	8.623181403982549e-05	0.010399047830020073	0.03353665017616507	0.006091607110622554	4.148852647507084e-05	3.7059556934337933e-09
C[C>G]T	9.628689149394631e-06	0.0003800454349475402	0.004918056465012981	0.0021350735835629566	0.00041199355677505877	0.003958730929825833	0.0006119465718959738	1.6262893041130155e-05	0.0011026037963743462	0.004945000678417273	0.0020479535608463094	7.925066256265684e-05	0.002688713079910485	0.07158515440221322	0.0041741329741434895	0.00016213137633542374	1.1009954955731871e-07
C[C>T]A	0.04940485876045047	0.09443564721688279	0.008663707257938365	0.00940682113540131	0.009679705034802382	0.034154559470672224	0.0041587145339277405	6.184149388708704e-05	0.003678369842381371	0.0022910998918206026	0.0053417008381236395	0.00010602210749818042	0.26128376556560395	0.0033923768941598424	0.00962833161974503	0.0022604361252317774	2.356027111559911e-05
C[C>T]C	0.0042953990948222795	0.4234108030796051	3.692589100153798e-05	0.00014257515518100505	5.273087063468296e-05	0.0037713603987000687	0.0002032866618624605	0.0002607936044085735	1.6098250848204405e-05	1.2120256159580122e-05	0.0007805129126912123	0.003123431626787794	0.006040817027284911	2.41807700325225e-07	0.0006304171408141813	0.0002847288145330928	0.00122683614505668
C[C>T]G	0.00041055610979949975	0.07362813673042098	0.003265932561447122	0.0032655346545098518	0.0010346400550702414	0.07461134444417455	0.02366184183703855	0.026700621843774027	0.329618237153818	0.003321543421309201	0.017731380457816494	0.0025668380306700955	0.020307724480806845	0.0034279912133061345	0.008390406514447477	0.0017714492674977577	0.0024824444663694577
C[C>T]T	0.0029227093608668406	0.15651165960918426	0.0025290900526052447	0.005394147475036277	0.0011948783530986104	0.2457782090875994	0.006899415080508226	0.0005282777078501066	0.0009677827445124976	0.0013867080993470793	0.003515934657016493	0.000924446507772557	0.010530513106548085	0.01150392114236645	0.00454948505388387	0.0018813030361548248	0.0020317797685670764
C[T>A]A	0.00019820936086389906	0.0001695322098587922	0.00906898184319342	0.0019590821575251583	0.0003462745811547409	0.005806177016794436	0.0019408090069506301	1.711959921331513e-05	0.00033530189483721884	0.00020087001252584003	0.006008860061047443	0.0002456905554835798	0.005036302346164232	0.003942287270647143	0.006137935796468881	0.000843216867100192	0.00012945765278971066
C[T>A]C	0.0011064070425373957	0.0007660959405257018	0.010090067470446265	0.0035451934245696757	0.0018349731798633286	0.008738037960862642	0.0034859210860213354	0.0014645701687186375	0.00026420612328305283	0.00019279491159977625	0.006516231461663508	0.004629757815273479	0.005162391866324469	0.011367636004579254	0.010463359281041277	0.01380172297197504	0.0003707128018140793
C[T>A]G	0.00016222236987296413	0.0002097822952960371	0.03054121516224768	0.01348799123239041	0.001132328303812802	0.012786058809757321	0.009452211695145039	9.324212599750581e-06	0.0009362996366254528	5.50445542298994e-05	0.017137256392921785	0.0014348727187827493	0.010458670751562166	0.0070374472558106934	0.018619478985752398	0.00787901369680185	8.702011659369901e-05
C[T>A]T	0.0007061605085991175	0.0006696920769886144	0.0080440765889074	0.003994332198242217	0.000683510506591749	0.012202489412539812	0.0023179455472585532	5.605193857299268e-47	0.0011311530800360715	4.951907186523385e-09	0.015325331090280971	0.0002290095446909568	0.011551001704890212	0.009834916589893581	0.008492478960619394	0.03778885419946164	0.0005829846113920211
C[T>C]A	0.0009791158120581206	0.00036547990847151523	0.006021580573108076	0.001256343611301937	0.00014893392352632873	0.006332050266304065	0.002405063187413532	1.4925059502957082e-07	0.000902928718016085	7.708067443246592e-05	0.0036034425303258376	0.03236991704441607	0.008356315569544677	0.002756484174942102	0.010607019199315459	0.00842703636852093	0.000583344996675521
C[T>C]C	0.0005277349827872081	1.8738772487268894e-05	0.0012614903808918498	0.002461931474050374	0.0005862033211462583	0.0068722610967830635	0.002900676436037219	0.0005271742471238384	0.00563298087567725	0.0001137093747547624	0.005893280977888935	0.02084044160321355	0.005307183250912105	0.013883657528785988	0.007359092738346605	0.0601059356998303	0.0018542574422902901
C[T>C]G	1.995752111213278e-05	0.000273734176201188	0.0069219471475757645	0.013184758652529023	0.002641718256541825	0.017186584135947258	0.007488296736438471	0.0016276826130443567	0.011125149434267989	9.762556819126189e-07	0.0013895190991459572	0.08085099862786621	0.003145364598680658	0.0031988454596779546	0.012322317879599965	0.03971142275258899	0.0010088120112087394
C[T>C]T	0.0015584218753905076	0.0019362469436688145	0.002508644164325915	0.0005587271628431268	0.0007160834618058943	0.014013306476056116	0.0027717171747892876	6.555370726246679e-09	0.0007900280320631481	0.00018446967848371188	0.01506573443933803	0.02219792268446156	0.024628345910947473	0.0019695783153708224	0.02054742908752118	0.12188711035996676	0.002611051469777603
C[T>G]A	8.973483334472126e-05	0.00013501071328619218	0.00039370142047857827	2.1223909170657864e-05	3.0186381193668013e-05	0.0007950666416954205	0.0006312372498757668	9.211336106045189e-05	0.0005401560548687101	1.5082999690996246e-05	0.0010702205796400222	0.0008881531010376875	0.0013290320276308876	0.005188429609076195	0.004388699661409987	0.0038512226240709426	0.003981456497567706
C[T>G]C	0.0005592129231770926	0.0005080254241875082	0.00035124294601700967	0.0002941089830710553	0.00023499789839545482	0.003772215327699087	0.002251401152755669	0.0009216803203190694	0.004708840904349927	0.0001225196093092107	0.003128621140785981	0.005483797513879836	0.0024894679903809448	0.005678916112883598	0.004368619392892015	0.023874744083732368	0.0030586075835162775
C[T>G]G	0.0005293731092417097	0.0004941166411708764	0.000679020890540869	0.006258440538331455	0.000253745261579752	0.007462613306103662	0.0025958700221384223	0.0007117197905025919	0.0033407215198405994	0.0	0.005320758818816103	0.010704279982019217	0.006994201314977317	0.021441052218433468	0.008446258760631053	0.016433346699923277	0.006131777851842344
C[T>G]T	3.5385627761286288e-12	1.0626882085418287e-09	3.974630846670379e-11	4.045088890514137e-09	2.9147570645982057e-09	1.8011836484560854e-08	7.134393031371645e-07	1.996478073124308e-05	7.612692124894238e-06	8.55538386357324e-09	2.5387658197928433e-09	5.969672036698626e-08	1.8514120014856418e-09	1.2867016485618167e-09	1.4863046171598172e-08	0.33337525427341463	1.4432497058010086e-05
G[C>A]A	5.195973505625062e-06	9.01442120948559e-11	0.08547770803573165	0.009217969703668132	2.016483634292854e-06	0.009354233194097504	0.007593570398748853	0.0014647967741538892	0.004405170872639701	0.0001734127572352051	0.006228403985821061	1.8385527161086655e-05	0.0003081820986699313	0.013504607535997266	0.015319845328466784	0.003969012321385889	0.001812588008163516
G[C>A]C	2.4203664816013782e-05	3.277176344822716e-05	0.06693150041188488	0.020036105609852254	4.0059712700895035e-05	0.0033118149758058157	0.0038782339421322832	0.007277625885326416	0.0014460297706484226	0.000820801186187623	0.005032898793643488	0.0036391669338263453	0.0007924914761986201	0.010228067697507868	0.010450099809651156	0.0004509657401295186	0.001393302387773474
G[C>A]G	0.0	4.278524645684456e-11	0.05492931788123712	0.013949288066842959	4.789951631479994e-05	0.0013292105329450444	0.0001302588111943237	0.0016251294129690308	0.0016982251808462224	7.110684111751198e-05	0.003387995050344834	0.0005295839032986294	0.0012022229577772947	0.0005188695487328588	0.0025382752639585247	1.298821288155949e-05	0.0002519219797944316
G[C>A]T	4.1818692261585964e-06	1.1210387714598537e-46	0.04771668120530819	0.014021644246688537	0.00014638217544415966	0.0024444137272691792	0.0017906527009944285	0.027505295425653456	0.0010860442043878393	0.00030425608645121113	0.0018387800888806066	0.000999525247161941	0.0005127297265522657	0.010656480988616508	0.004791567074876184	0.00027953367894795634	0.008634863939369098
G[C>G]A	1.401298464324817e-47	0.0	0.008383463344922576	0.002570209519369258	6.991144232415536e-09	0.0014568244149431565	0.002338766713076268	0.00034208341510478136	0.0007343564042274054	0.002047340961289592	0.0008090888825259057	0.00039953365781094876	0.00034586636386077117	0.02508458232489723	0.006923405657254449	0.000979987006940064	0.0006274036256709792
G[C>G]C	4.695569659313836e-05	0.00010610635324951544	0.0079892339708596	0.005261398598566416	0.00037126711932501167	0.0032643810652064078	0.0016056306080490402	0.00019444754810287178	0.003760065584588119	0.0008561538677895441	0.0011624234373456943	0.004581097433692775	0.0031782580315768885	0.03534533358644694	0.0070022594337933695	1.0260799899697304e-05	0.0007452343679119622
G[C>G]G	0.00013701547138971647	0.00025450589763150735	0.008307238555369008	0.0026417024355432518	7.81309970708577e-06	0.002574531377116287	0.0024556958316716048	5.31738614267141e-06	0.00024708425486952735	0.0006398732665218176	0.002580618073339292	3.053261799618401e-05	0.0030338108262967724	0.012577362686231153	0.003621472241469903	1.9285039530814173e-06	7.94026291821126e-06
G[C>G]T	2.802596928649634e-47	8.407790785948902e-47	0.0033077295779852965	0.0017408549953850446	7.608404690072846e-05	0.0015776599858199703	0.001882572418310093	0.00036101820004750705	0.0010698385843225821	0.0027702892995989715	0.0013584722533374815	0.001436069476119286	0.0008565039546543218	0.04501337172376225	0.0055516521434249635	0.00017404275562818983	0.000987994578827056
G[C>T]A	9.557637418760257e-05	2.5407181528862565e-05	0.007163344892706507	0.00978028453855531	0.0018126538546683279	0.01922499137100388	0.0038398525076627265	0.06024611817678761	0.012195620538867611	0.010250509065372171	0.0031910758002777584	0.0229559473667988	0.004116402258426035	0.01985150613316626	0.038407098713974505	0.0001799267260520321	0.0016881140008160856
G[C>T]C	0.011151676961153498	0.05025465219314583	0.0005014536903718971	0.007534863101827227	0.0011748662633458901	0.05549986233924798	0.00505244585204751	0.11823111982271171	0.0001252302182495768	0.0004808951330020958	0.007335700312182283	0.04740829652077082	0.022631950467928732	0.0014859978291910294	0.008834775099630291	8.627033060669476e-05	0.019226322051677017
G[C>T]G	7.428523929320363e-10	2.0943203768442053e-14	0.00032895207281793406	5.421094634339374e-05	2.6584596923839854e-09	9.749576978884011e-05	0.0011149297855238811	0.5112508204579354	0.05721859467810617	0.00028329746966453714	4.7962142405184595e-05	0.00028012864037577854	7.967004526321376e-08	0.0002772712003455311	0.0009975872125077068	0.0038075879174897407	0.025040630420418458
G[C>T]T	0.008686620516142458	0.01787144595058635	0.0029931786874914518	0.006153472280975685	0.0029097791447096014	0.0557408205025531	0.012313350506283216	0.06653331672772765	0.000310656755604839	2.0650584556278773e-05	0.0015783037306286473	0.02368930463475408	0.005537396867632865	0.011963956705949443	0.01114523137074999	0.000450906351428273	0.038742144915092924
G[T>A]A	0.0005927510411284231	9.504620281114491e-05	0.011269644863942113	0.0012381545458272213	0.00044070953785066533	0.003692328037806334	0.001973838600875197	1.26078860906631e-05	0.00011959497759320924	9.781814915324816e-05	0.0036478650762817467	0.002677047264708108	0.004785426740890683	0.003603771533707487	0.0073975585066799	1.1556415380198359e-10	0.00046412419581429274
G[T>A]C	2.569161297287792e-06	6.38812073923134e-05	0.003174675214198146	0.002622518370711927	0.0008622478184611294	0.004028485361490866	0.0012574543728260323	0.0015782589640730294	0.00026813854599929245	0.0003374116321322163	0.005049157284565382	0.009471407133387401	0.0023622815589561695	0.006002688255487208	0.01926319366409615	0.0029913370373014915	0.00027039329723265837
G[T>A]G	0.0004932764919570337	0.0016063698176708384	0.011883431450291405	0.003678524083643282	0.00010812794282216487	0.005908495235997862	0.003363685252599566	5.913993100961079e-06	4.304505172418871e-06	1.7610754513201486e-05	0.008454692703390379	0.0012657630116309116	0.011751020360097541	0.011426961625746941	0.014451438486126377	0.0004793485699089217	0.00025132697328583475
G[T>A]T	0.0003381044504788378	0.0003601816334817151	0.004676394477253752	0.0010946684348611768	0.00032134042253204596	0.007431022618903213	0.001310495824436657	0.0008761755275623528	0.00036720724559430096	2.374339882905474e-05	0.009496052572147988	0.0014904406383482182	0.00929689728056803	0.004366630167903062	0.00856665910691163	0.0057045731211837845	0.00017095281044021248
G[T>C]A	1.401298464324817e-47	2.9241965737725196e-10	0.0010095090775070982	0.0018774847360085545	7.030945337049843e-09	5.218967906486682e-05	0.00041843811504740816	9.934840465922079e-05	2.6472477458767686e-05	1.0164522147491083e-05	0.00010567186348932723	0.13418438106775285	1.8423526024378135e-05	4.603173544459164e-05	6.947076472986424e-05	3.356472384815845e-05	0.02156645843768615
G[T>C]C	2.429651042135106e-08	3.968382989825159e-06	5.043374100850428e-06	1.5248676316863551e-05	9.8479695509468e-10	5.6819923967808e-05	0.0012991137598835677	0.011877918677928392	1.760011497495384e-05	4.223800889491258e-08	0.00027674342970986034	0.05967118851840496	0.00010173264689509409	4.3900196254043064e-06	0.0008815946620566662	0.009094399767927825	0.0532127078324126
G[T>C]G	2.399639203833459e-05	1.152705815684385e-05	0.0008048653637172265	0.003378344244968474	0.00048592329017637547	0.004009843808826829	0.0017543361582031737	0.0007101186647702562	4.678703017255259e-05	5.619301032194102e-05	0.00041963455798935454	0.11339584276080132	0.00033522506774954055	5.1532806662777374e-05	0.0014992640429907678	0.006985683874227107	0.011752653742723709
G[T>C]T	0.010983678182348768	0.00041374498698957483	0.000673174559715739	2.74961091475215e-06	9.660656807852774e-10	0.010945959687967069	0.0032249959752568814	4.6792803853890064e-07	1.568551872386692e-05	2.737345550229975e-10	0.04193173234947977	0.05532411912695465	0.051225902623958534	0.00018297150288058893	0.015415419972031356	0.0035836045961239195	0.022441238510856606
G[T>G]A	6.284728012936114e-05	3.5787443975863196e-05	0.0007328655604071344	0.00011076939645668916	7.667401899738046e-06	0.0017125105287419018	0.0006304269038078658	4.2838436927468136e-05	0.0005097700363121894	0.00010575203222231267	0.0026574453528721877	0.00022571698615990953	0.0027277194718726607	0.006812405982599348	0.0036817358844691305	0.0011790550012392488	0.0028817174674895794
G[T>G]C	0.00018892652834310298	0.0002215121850798596	0.00030352019484325865	2.996617178496308e-05	1.4569941522495355e-05	0.0011836350278116602	0.0005777819617802038	0.0020161378956981934	0.0003590011937148098	2.1815128366142745e-05	0.0014380788429866698	0.0006149442579464217	0.0017893932246139071	0.004721370294399207	0.00597200886183217	0.00990828539710492	0.005889084243681282
G[T>G]G	0.002514626771971962	0.0010803082498397033	0.0016699488100054439	0.0013281522292598008	1.702080822951757e-09	0.006598366139397768	0.0022770569750943537	0.000745335279799626	0.0005825314584743624	5.502466393636496e-10	0.009382853114764913	0.001071128111451216	0.012665825514033351	0.011839542283203315	0.010743284469147624	0.0031799791368177922	0.002635809166532539
G[T>G]T	0.0005358020692398189	0.00048232859659642663	8.343675822025887e-05	0.000345625383196797	0.0	0.0014551627445439053	0.00021178966475596806	0.0019850040820188044	9.088225430327058e-06	0.0	0.0023964031372539552	0.0010647931709081603	0.002363743616543843	1.733527232733678e-05	0.000662794876749615	0.08439977340400219	0.001055648934141651
T[C>A]A	0.0001305134229937721	0.00036314968097278034	0.05932484952256871	0.012386865445339628	0.0008612877568326922	0.0067334526466817125	0.005053717823468276	7.921976468509228e-05	0.0008633595098446989	0.05489795908331871	0.017307800016191664	1.8371867582800405e-10	0.01144145038685476	0.0013780592830317474	0.0046077313941171386	0.0010194915193824628	0.034424673933535814
T[C>A]C	0.0018132312520214812	0.0012035454398781173	0.08273639998880526	0.03736871621069213	0.001135862064838875	0.00920078143273713	0.004651553300442557	0.0018320628140281773	0.0023804597295192854	0.02634981004521251	0.02794192026136443	5.490573268616572e-05	0.01608587718169474	0.007609670465186342	0.01512535124781948	5.550933514314238e-05	0.008750934953019627
T[C>A]G	0.00010052023574916191	5.411513698163617e-06	0.034776051027386005	0.005953530455233276	0.00027757650984323596	0.0023193808768520088	0.003236603229056314	0.0007974614032382021	0.0006764045930363127	0.009126137276180089	0.007390495456115005	4.46945085088335e-05	0.005993421556144214	0.0013315008318920216	0.009315577275628843	0.0001834414623453995	0.0011555237033927669
T[C>A]T	2.802596928649634e-47	1.1210387714598537e-46	0.010118037081708095	0.06749987629873687	0.0001910495164949566	0.001711783016785855	0.00048112197578539903	0.001768169214892863	0.00024297300040721837	0.018238917829834236	0.002649289372096071	3.486917245902888e-05	0.00015385226181675372	6.758699105713362e-08	8.706009964498662e-08	0.0029947396356146782	0.30170108273625373
T[C>G]A	2.851228231293135e-10	5.401060176879468e-10	0.005948452860338876	1.9005857515930204e-05	1.044566102947897e-07	4.387284442763928e-07	0.01174120386907373	9.52875840454226e-10	1.7614979904490014e-07	0.28059898231152375	0.025350605040460352	1.051925411221788e-08	7.294440276162106e-07	0.00016169220955021047	2.1482967240551432e-05	8.406689500262132e-07	3.398297540258e-08
T[C>G]C	0.0007799763454407821	0.0005200626095448942	0.006902697587089932	0.0023581099046027986	7.803191136474653e-05	0.0035054071381777517	0.0019092856875016651	1.3491124263964594e-06	0.0007782398642490002	0.09456186911258556	0.017678437831918862	0.00024374283328726325	0.00561203049484682	0.04339906608394564	0.009000636101138326	6.663116386489365e-05	0.0002351299440420007
T[C>G]G	0.0001469530914259379	0.0001760346714540769	0.0036551850359625264	0.0004332123342162086	4.3454968057652365e-05	0.0021026332079029687	0.0026213758788267505	2.058733774902066e-05	0.00015274583747914016	0.032055914696011316	0.006650452423593549	1.9206322834719458e-06	0.004815056211669102	0.01385312330316971	0.002850181999167989	9.046683691430247e-05	0.00020638040756010056
T[C>G]T	6.193712741430315e-05	8.248183306046662e-05	7.845706181186074e-05	8.731821442856002e-05	0.004558488454801302	0.0006786620530918143	2.6390200779220113e-05	1.7336987201161947e-05	6.714102712912506e-08	0.38528748215267117	0.003841431622085945	0.0005628100618987731	1.529542156575303e-06	0.004447659057616491	0.001316012466277625	0.0006443396118317679	0.0005889908869187365
T[C>T]A	0.026235720039311322	0.0050036528789282895	0.0010325412441524052	0.0012863981539315717	0.7095980566786602	0.003221707083668016	0.007885196125197148	0.00022327616696365737	6.041273224262511e-05	0.02829964480665353	0.008308283694283616	0.0015503449007695735	0.0006920753966952242	0.00021566815940832912	0.000117504942158142	0.0006708869017520499	5.558849370213892e-05
T[C>T]C	0.7729896432161332	0.009466253745100416	0.00020165722100269206	0.004826680575463555	0.011525362163061032	0.0038106528726060307	0.004984601546339561	7.988279626973542e-05	7.123261129586829e-07	0.001828772835387879	0.0016459556652474849	5.91014839339996e-05	0.0026641501086645033	1.0028202632517745e-06	0.00012440387844144446	9.656626558816749e-05	0.001359718750501724
T[C>T]G	0.06332269383887461	0.00045194833793227876	2.5500084456098194e-06	4.951073690515173e-05	0.038185899731810594	0.0009557880147808362	0.6959344985180416	0.0026988092687617636	0.04481578537093036	0.0003411850410859085	0.002042064621350299	1.9201894836535783e-05	0.0003990416611919767	2.0117313219714107e-07	2.4187282736676253e-07	0.00024716734766958123	0.09105074946307014
T[C>T]T	0.009512536193025221	0.06982196078577955	0.00021855843120444974	0.0005441439992256011	0.19110412688930542	0.019558804657912106	0.004751536869168191	5.5440782024681275e-06	2.354174152685573e-07	0.012345960927980357	0.3262576849958704	2.961521598685124e-05	0.015874431825728053	0.000624846296811608	0.002230569650405663	0.0006379235467175443	0.03396719410142271
T[T>A]A	0.0006217902273371756	0.00031923510510178943	0.004558256853233616	0.0009847691878558315	0.00014071640194774206	0.006019380949651349	0.001468353252400334	0.00017060032323303886	0.001064198872990545	0.00010922467779453153	0.009038380615725785	0.0013223059148081973	0.011464273375537602	0.0011552287982246068	0.015268781726682903	0.0001532867210698363	0.00028496025460668763
T[T>A]C	0.0008199125570456545	0.000454935032534749	0.004996009523104306	0.0006166980589063176	0.00037405985793611824	0.009608851784898214	0.0013465293871073895	0.0005226903954144291	0.00082002208299361	5.3778751566092177e-05	0.013616135398744405	0.000852798673038535	0.012437603919985243	0.003911004021652866	0.013973502658171242	0.0014915083362493941	0.00023599886922260894
T[T>A]G	0.0005864816535783858	0.0004637526855444186	0.007348313897566037	0.0022023297657990048	0.0001713836363393284	0.005393071784861761	0.002741370544876851	9.80518165306421e-06	0.0005027257758049331	2.684426217456348e-06	0.006906524069590461	0.0003506933411460533	0.010178888415762515	0.004986813810276392	0.006699688646426738	0.0007498264578870106	0.0006370882017660051
T[T>A]T	0.003425229859978458	0.001937095826021249	0.0015662520349342302	0.0005030262881104619	2.658645213233335e-05	0.0188469464219445	0.001970433082908771	3.099884507875572e-06	0.0007616843787176819	1.452928081562277e-06	0.022846431287866977	2.6206556867691687e-06	0.024082216161362444	0.0019274869030800445	0.007965181828515008	0.004800083610532795	0.0013693978690386644
T[T>C]A	0.001667673358349191	0.0003316606688736101	0.0015287607153280191	0.0012198212986404113	0.0001208765292217784	0.005234604724991554	0.0013519643385458836	0.00019996201836655264	0.0005966833423842743	0.00011118150855850217	0.014241102983484666	0.028410161887931055	0.022574063941478924	0.0021032300840201044	0.013143810941080004	0.001084166935893478	0.0048096081049095575
T[T>C]C	0.001011905657069292	0.00016786354609023168	0.000624071174825076	0.0001333486737075873	0.00026644489997124766	0.004977263978844701	0.003005424177095123	0.0025271701320433238	0.0038690510880405784	0.00022227041384212506	0.01727150019898545	0.0284139959840104	0.012723569559548197	0.0033625687260064297	0.011204637726632428	0.01037258269265294	0.015940451459027827
T[T>C]G	0.0008354746829718374	0.0005848343183163251	0.001417025926883916	0.0025145374792191434	0.0005102543291650363	0.010358760479474184	0.003076126346659795	0.0017210957930404902	0.003591416511209218	0.00017086902343180555	0.01417153793411785	0.03172415140898238	0.015460649795230147	0.00043521135163707966	0.012900757776635317	0.004143807428190485	0.0029829361593965587
T[T>C]T	0.0005958414028893872	0.001355288250061512	0.0009818306338274852	0.0002209013352512562	5.232812120084418e-05	0.007325170261319727	0.0018324097605056976	0.0003252825989551411	0.0017600634674580767	3.370497528976557e-05	0.01865295635588609	0.018236934148008005	0.013918819037941147	0.004801584738030145	0.016139320924137338	0.006748042980907485	0.01254032989963889
T[T>G]A	0.00023505580547976025	6.878646648551978e-05	0.0005850319544785709	6.2698458495269446e-06	1.3237062856763514e-05	0.00196935634817077	0.0008235330936069829	6.2803969090374776e-06	0.00048597619774852773	9.61922244197666e-05	0.004596206591401852	7.225269091115649e-07	0.004739016471785416	0.003882425208280722	0.004954686584608545	0.001522345789243218	0.00897357052671154
T[T>G]C	0.0005679962331560066	0.0005133852550236995	0.00035347627313399245	2.239684135432185e-06	1.9868184237168405e-05	0.00463444889070935	0.0007289983355428831	7.932491915632056e-06	0.00034154538080747085	0.00018402952699894434	0.009273751260381715	0.0004985505585000283	0.007101447587850558	0.0016348865956432959	0.0034557314660932457	0.012408074392005801	0.020819205296631296
T[T>G]G	0.00031496188858000097	0.0003518013829474393	0.0017691943590205028	0.0007650202187911504	5.842650006355754e-05	0.0054379538492793245	0.0017597375862257536	9.770759533466844e-05	0.0011679344894245248	0.00015789833981912692	0.005116819466035451	0.00027457304468924803	0.005066145681373939	0.011470907012301836	0.009515122360031113	0.003927118060802286	0.004341986287819281
T[T>G]T	0.0021792574057337786	0.00013789599241292194	8.03445271222003e-06	2.3570089739344267e-06	7.575343137913764e-05	8.049055102347276e-07	0.0030039219099876123	2.0934434363795163e-09	2.983891191077337e-09	1.6410168468539155e-09	0.00010385037141851682	8.985916899462153e-11	0.00010594686720260426	4.476511300310904e-08	2.3060631342275428e-08	0.06426733441650867	0.10070446476340295
