MutationType	SBS96A	SBS96B	SBS96C	SBS96D	SBS96E	SBS96F	SBS96G	SBS96H	SBS96I	SBS96J	SBS96K	SBS96L	SBS96M	SBS96N	SBS96O	SBS96P	SBS96Q
A[C>A]A	2.02E-05	7.95E-05	4.62E-03	1.34E-03	1.26E-04	2.30E-03	3.68E-03	7.41E-06	4.30E-04	6.80E-05	1.75E-03	1.91E-05	4.16E-04	1.99E-03	2.25E-03	8.24E-05	3.84E-04
A[C>A]C	3.48E-37	5.47E-05	3.98E-03	1.68E-03	1.30E-04	1.68E-03	1.79E-03	6.73E-05	9.16E-04	6.74E-05	2.84E-03	8.50E-05	1.76E-03	1.84E-03	3.07E-03	7.05E-05	3.95E-04
A[C>A]G	3.62E-06	6.73E-07	2.50E-03	1.62E-03	9.20E-06	1.84E-03	1.07E-03	2.35E-06	7.44E-04	4.23E-06	2.00E-03	2.15E-05	1.43E-03	8.20E-04	8.17E-04	1.98E-05	1.51E-05
A[C>A]T	1.11E-05	1.53E-05	2.16E-03	1.11E-03	4.42E-05	5.75E-04	7.53E-04	1.29E-04	1.76E-04	2.22E-05	1.14E-03	4.21E-05	6.61E-04	1.01E-03	1.69E-03	4.43E-05	4.07E-04
A[C>G]A	7.80E-07	4.12E-06	9.21E-04	3.29E-04	2.63E-05	3.44E-04	1.15E-03	3.66E-05	6.80E-04	1.30E-04	2.77E-04	4.40E-05	1.23E-04	1.95E-03	1.40E-03	2.73E-10	6.77E-04
A[C>G]C	1.25E-05	1.87E-05	6.01E-04	2.33E-04	5.02E-05	1.22E-03	4.84E-04	2.92E-05	1.22E-04	8.97E-05	3.60E-04	7.38E-05	4.49E-04	1.77E-03	1.76E-03	4.93E-05	3.98E-04
A[C>G]G	4.54E-05	1.71E-05	6.41E-04	1.29E-04	9.77E-06	9.95E-04	6.15E-04	4.32E-06	4.09E-04	4.52E-05	4.05E-04	2.26E-06	8.85E-04	1.20E-03	9.92E-04	1.81E-05	5.40E-05
A[C>G]T	1.62E-05	1.81E-05	6.74E-04	2.03E-04	3.65E-05	7.24E-04	2.60E-04	4.47E-05	5.45E-04	1.57E-04	5.87E-04	7.52E-05	4.47E-04	1.98E-03	1.60E-03	4.34E-05	8.85E-04
A[C>T]A	2.31E-05	6.20E-05	1.42E-03	1.17E-03	4.26E-04	4.17E-03	9.92E-04	5.54E-04	1.49E-03	2.24E-04	8.39E-04	4.80E-04	2.05E-03	1.75E-03	4.16E-03	1.23E-04	1.35E-04
A[C>T]C	7.29E-04	3.81E-03	5.68E-04	3.16E-04	2.13E-05	8.85E-03	4.31E-03	1.05E-03	4.01E-03	1.37E-06	5.74E-03	3.72E-04	9.80E-03	9.62E-04	2.73E-03	6.25E-05	4.45E-04
A[C>T]G	4.67E-47	7.53E-06	3.63E-04	9.49E-05	2.53E-05	8.36E-04	2.42E-03	6.55E-03	1.24E-02	1.28E-04	3.82E-04	5.74E-04	1.75E-04	2.26E-03	5.58E-03	2.29E-04	1.28E-03
A[C>T]T	1.38E-04	8.87E-04	8.03E-04	4.49E-04	1.26E-04	2.26E-03	1.37E-03	4.10E-04	1.12E-03	3.46E-05	3.87E-03	2.47E-04	3.89E-03	1.27E-03	2.80E-03	1.39E-04	3.60E-04
A[T>A]A	3.54E-05	9.31E-05	3.90E-04	2.31E-04	5.79E-04	1.03E-03	4.01E-04	1.41E-05	1.83E-05	1.78E-05	1.42E-03	3.03E-04	1.35E-03	4.78E-04	1.87E-03	1.65E-05	8.66E-05
A[T>A]C	5.03E-05	4.84E-05	4.39E-04	2.45E-04	7.28E-05	1.13E-03	4.51E-04	1.81E-04	4.41E-04	3.90E-05	2.11E-03	8.09E-04	1.10E-03	9.52E-04	3.58E-03	5.90E-05	4.55E-05
A[T>A]G	8.51E-05	3.42E-05	1.24E-03	2.75E-04	1.06E-03	1.94E-03	1.53E-03	1.15E-05	4.40E-04	3.84E-05	1.38E-03	6.59E-05	1.10E-03	1.52E-03	2.25E-03	5.06E-05	3.19E-05
A[T>A]T	1.86E-04	3.00E-04	6.58E-04	1.64E-04	5.75E-05	2.10E-03	8.99E-04	1.53E-04	1.66E-04	4.83E-06	2.73E-03	2.98E-04	2.47E-03	2.16E-04	1.69E-03	1.29E-04	3.09E-04
A[T>C]A	9.13E-06	3.24E-05	1.22E-03	2.95E-04	1.86E-04	1.13E-03	1.11E-03	1.15E-04	7.36E-04	3.49E-05	1.93E-03	5.81E-04	1.66E-03	1.56E-03	3.64E-03	2.30E-05	4.31E-04
A[T>C]C	2.22E-05	3.92E-05	3.38E-04	1.84E-04	2.84E-04	5.41E-04	8.90E-04	1.57E-04	5.78E-04	4.44E-05	6.31E-04	3.92E-04	5.71E-04	9.17E-04	1.50E-03	1.49E-04	4.62E-04
A[T>C]G	1.08E-05	2.87E-05	1.26E-03	1.27E-03	6.88E-04	3.07E-03	2.62E-03	3.73E-04	1.10E-03	3.00E-05	1.73E-03	2.35E-03	1.60E-03	1.32E-03	4.36E-03	4.58E-05	2.35E-04
A[T>C]T	7.63E-05	3.21E-06	7.57E-04	6.33E-05	5.08E-05	1.39E-03	5.55E-04	2.02E-05	1.16E-03	5.04E-05	1.85E-03	5.77E-04	3.02E-03	2.04E-03	5.89E-03	1.32E-04	2.37E-04
A[T>G]A	2.48E-05	3.41E-05	1.66E-04	1.26E-05	3.99E-05	6.16E-04	4.28E-04	3.47E-06	2.41E-04	2.68E-05	7.87E-04	2.63E-05	7.81E-04	3.91E-04	8.46E-04	9.51E-05	1.26E-04
A[T>G]C	2.02E-05	6.49E-05	1.49E-04	5.84E-06	1.11E-05	2.66E-04	3.94E-04	9.34E-06	2.20E-04	2.93E-05	5.30E-04	8.42E-05	4.10E-04	3.46E-04	6.53E-04	1.23E-04	2.13E-04
A[T>G]G	1.11E-04	9.80E-05	6.38E-04	9.77E-05	2.66E-06	1.45E-03	6.53E-04	1.98E-05	3.37E-04	1.33E-05	1.66E-03	7.06E-05	1.72E-03	8.79E-04	1.44E-03	1.06E-04	3.50E-04
A[T>G]T	1.88E-05	4.02E-05	2.72E-05	2.27E-05	5.47E-10	1.71E-04	5.96E-04	8.61E-06	8.93E-05	8.99E-07	2.07E-04	6.91E-05	2.83E-04	1.27E-04	3.76E-04	3.64E-04	9.49E-04
C[C>A]A	1.64E-04	2.10E-04	5.67E-03	8.41E-03	5.73E-09	2.92E-03	7.94E-03	2.08E-04	2.50E-04	4.19E-05	8.11E-03	2.82E-04	3.52E-03	1.05E-03	1.42E-03	1.22E-04	3.98E-04
C[C>A]C	7.57E-05	3.68E-05	2.48E-03	5.80E-03	3.07E-04	1.85E-03	1.45E-03	7.39E-04	4.29E-04	8.85E-06	1.06E-03	7.26E-04	2.13E-03	1.09E-04	4.48E-04	6.71E-05	6.82E-05
C[C>A]G	2.59E-06	8.50E-05	1.98E-03	3.59E-03	1.52E-05	1.33E-03	7.17E-04	2.20E-04	3.99E-04	3.17E-06	1.64E-03	3.33E-04	1.69E-03	6.44E-08	1.01E-04	1.98E-10	3.34E-05
C[C>A]T	5.76E-06	1.70E-04	1.07E-03	7.42E-03	1.44E-03	5.48E-03	1.05E-03	2.95E-03	3.28E-04	5.81E-06	1.13E-05	1.54E-03	7.34E-09	4.11E-08	1.37E-03	4.77E-10	4.00E-04
C[C>G]A	1.19E-05	6.88E-06	1.28E-03	3.70E-04	5.93E-05	7.90E-04	1.13E-03	0.00E+00	1.71E-04	2.29E-04	7.93E-04	3.93E-06	9.35E-04	2.17E-03	1.51E-03	4.96E-05	5.15E-09
C[C>G]C	5.00E-05	5.20E-05	7.72E-04	2.75E-04	9.00E-05	1.55E-03	1.96E-03	5.63E-06	5.32E-04	4.39E-05	6.69E-04	2.89E-06	2.02E-03	2.21E-03	1.27E-03	1.72E-05	1.76E-10
C[C>G]G	7.32E-05	9.73E-05	9.77E-04	3.09E-04	3.73E-06	1.90E-03	1.75E-03	5.56E-06	5.58E-04	9.29E-06	7.18E-04	1.72E-05	1.96E-03	2.21E-03	1.65E-03	9.89E-06	2.40E-09
C[C>G]T	9.63E-06	6.35E-05	6.76E-04	2.60E-04	6.51E-05	1.17E-03	3.10E-04	8.69E-06	8.83E-04	2.13E-04	5.80E-04	1.53E-05	8.78E-04	2.56E-03	1.36E-03	3.45E-05	9.92E-08
C[C>T]A	3.80E-03	8.22E-03	1.22E-03	1.08E-03	1.11E-03	8.01E-03	1.31E-03	4.04E-05	7.80E-04	3.61E-04	1.79E-03	5.22E-05	2.60E-02	9.25E-04	2.35E-03	3.07E-04	2.34E-05
C[C>T]C	2.33E-03	1.25E-02	3.32E-05	8.17E-05	2.88E-05	1.48E-03	1.46E-04	9.03E-05	1.53E-05	5.53E-06	4.27E-04	3.68E-04	1.96E-03	7.30E-08	3.81E-04	9.47E-05	1.85E-04
C[C>T]G	2.06E-04	4.18E-03	6.03E-04	7.24E-04	3.82E-04	1.55E-02	1.12E-02	5.38E-03	1.26E-02	2.85E-04	4.89E-03	5.50E-04	4.75E-03	1.19E-03	1.95E-03	2.84E-04	6.14E-04
C[C>T]T	8.96E-04	1.21E-02	5.88E-04	6.44E-04	3.14E-04	2.75E-02	1.10E-03	1.39E-04	2.32E-04	2.16E-04	1.04E-03	1.84E-04	3.37E-03	1.76E-03	1.45E-03	2.42E-04	3.02E-04
C[T>A]A	3.79E-05	4.46E-05	7.59E-04	3.49E-04	3.31E-04	1.10E-03	7.14E-04	5.19E-06	2.88E-04	2.43E-05	9.18E-04	3.41E-05	8.44E-04	5.25E-04	1.14E-03	6.32E-05	4.45E-05
C[T>A]C	1.16E-04	2.30E-04	1.04E-03	4.92E-04	1.18E-03	1.42E-03	1.12E-03	9.15E-05	2.09E-04	3.37E-05	1.32E-03	1.77E-04	1.16E-03	8.56E-04	1.59E-03	2.77E-04	3.71E-04
C[T>A]G	3.72E-05	9.12E-05	3.11E-03	1.95E-03	1.12E-03	3.40E-03	3.45E-03	4.03E-06	6.99E-04	1.96E-05	4.25E-03	1.19E-04	2.56E-03	1.48E-03	3.28E-03	2.03E-04	8.70E-05
C[T>A]T	1.25E-04	2.26E-04	8.68E-04	4.86E-04	6.46E-04	2.03E-03	9.36E-04	5.61E-47	6.99E-04	3.49E-09	2.31E-03	4.01E-05	1.76E-03	1.12E-03	1.53E-03	4.86E-04	5.83E-04
C[T>C]A	9.96E-05	7.69E-05	6.14E-04	2.92E-04	1.43E-04	1.19E-03	7.64E-04	1.49E-07	3.77E-04	1.39E-05	7.35E-04	5.11E-04	9.64E-04	5.06E-04	1.34E-03	2.03E-04	2.87E-04
C[T>C]C	6.77E-05	1.34E-05	4.91E-04	3.79E-04	3.52E-04	1.21E-03	9.37E-04	1.17E-04	5.42E-04	2.27E-05	1.00E-03	5.77E-04	8.26E-04	7.83E-04	1.45E-03	7.39E-04	1.62E-03
C[T>C]G	9.71E-06	4.65E-05	9.70E-04	2.09E-03	1.87E-03	4.29E-03	3.09E-03	5.41E-04	8.91E-04	8.36E-07	5.61E-04	3.67E-03	7.60E-04	6.72E-04	3.64E-03	6.21E-04	1.00E-03
C[T>C]T	2.13E-04	2.76E-04	7.19E-04	1.63E-04	5.48E-04	2.01E-03	9.96E-04	4.50E-09	6.01E-04	2.89E-05	2.50E-03	7.15E-04	2.75E-03	4.95E-04	2.50E-03	1.37E-03	2.61E-03
C[T>G]A	1.51E-05	2.39E-05	1.40E-04	1.01E-05	1.63E-05	2.88E-04	3.18E-04	1.61E-05	1.50E-04	4.53E-06	3.36E-04	6.51E-05	3.03E-04	3.98E-04	5.31E-04	8.67E-05	2.21E-04
C[T>G]C	7.67E-05	8.87E-05	2.29E-04	1.35E-04	1.65E-04	5.56E-04	6.87E-04	1.77E-04	3.33E-04	2.31E-05	6.82E-04	2.91E-04	5.17E-04	4.65E-04	7.27E-04	2.84E-04	4.12E-04
C[T>G]G	7.86E-05	8.48E-05	2.03E-04	5.17E-04	2.54E-04	1.23E-03	9.82E-04	1.48E-04	6.05E-04	0.00E+00	1.20E-03	5.31E-04	1.01E-03	1.09E-03	1.43E-03	2.28E-04	3.52E-04
C[T>G]T	3.54E-12	5.16E-10	3.97E-11	3.46E-09	1.61E-09	5.87E-09	5.51E-07	1.54E-06	5.80E-06	2.60E-09	1.04E-09	1.53E-08	1.09E-09	8.04E-10	4.26E-09	1.38E-03	1.35E-06
G[C>A]A	4.34E-06	6.38E-11	6.16E-03	1.71E-03	1.30E-06	4.45E-03	3.78E-03	1.25E-04	8.49E-04	3.42E-05	3.08E-03	8.84E-06	1.92E-04	2.15E-03	3.01E-03	2.09E-04	2.03E-04
G[C>A]C	9.83E-06	9.27E-06	3.77E-03	2.26E-03	1.94E-05	1.38E-03	1.54E-03	2.29E-04	1.26E-03	7.44E-05	1.81E-03	1.66E-04	4.99E-04	1.66E-03	2.11E-03	6.22E-05	2.43E-04
G[C>A]G	0.00E+00	4.28E-11	2.96E-03	1.77E-03	4.79E-05	1.03E-03	8.52E-05	1.31E-04	9.08E-04	1.77E-05	1.82E-03	6.79E-05	8.77E-04	4.92E-04	8.92E-04	8.46E-06	2.93E-05
G[C>A]T	3.30E-06	6.51E-47	2.48E-03	1.25E-03	1.30E-04	1.10E-03	1.03E-03	6.60E-04	6.34E-04	4.08E-05	7.88E-04	1.42E-04	3.65E-04	1.14E-03	1.29E-03	4.86E-05	5.26E-04
G[C>G]A	1.40E-47	0.00E+00	8.08E-04	3.35E-04	6.99E-09	6.06E-04	1.09E-03	3.74E-05	3.46E-04	1.12E-04	2.85E-04	4.31E-05	2.59E-04	1.42E-03	1.45E-03	4.60E-05	5.13E-04
G[C>G]C	1.43E-05	2.22E-05	1.04E-03	5.10E-04	8.88E-05	1.19E-03	7.12E-04	4.77E-05	6.52E-04	6.07E-05	3.72E-04	1.52E-04	1.07E-03	1.44E-03	1.23E-03	6.05E-06	7.13E-04
G[C>G]G	2.52E-05	3.72E-05	7.90E-04	3.28E-04	4.64E-06	9.60E-04	1.01E-03	4.04E-06	8.93E-05	4.93E-05	7.87E-04	9.71E-06	7.17E-04	1.02E-03	7.45E-04	1.92E-06	7.94E-06
G[C>G]T	1.97E-47	5.92E-47	1.21E-03	2.49E-04	2.43E-05	7.79E-04	1.05E-03	4.60E-05	5.30E-04	1.44E-04	5.24E-04	8.45E-05	8.09E-04	1.98E-03	1.67E-03	3.69E-05	3.45E-04
G[C>T]A	2.68E-05	1.43E-05	1.25E-03	1.88E-03	1.20E-03	5.43E-03	1.44E-03	1.85E-03	1.29E-03	3.87E-04	1.09E-03	1.30E-03	1.31E-03	1.78E-03	4.20E-03	4.66E-05	8.44E-04
G[C>T]C	9.66E-04	3.17E-03	2.53E-04	1.23E-03	6.31E-04	1.19E-02	2.15E-03	5.44E-03	1.12E-04	9.77E-05	3.39E-03	1.83E-03	4.90E-03	4.94E-04	2.67E-03	4.37E-05	1.10E-03
G[C>T]G	7.43E-10	2.09E-14	1.46E-04	4.14E-05	1.64E-09	6.85E-05	1.09E-03	1.11E-02	7.24E-03	7.87E-05	4.67E-05	1.87E-04	2.58E-08	1.95E-04	6.68E-04	2.72E-04	3.66E-03
G[C>T]T	9.01E-04	2.82E-03	6.03E-04	1.15E-03	7.89E-04	6.69E-03	1.54E-03	2.83E-03	1.84E-04	2.06E-05	9.44E-04	1.10E-03	2.06E-03	1.06E-03	2.33E-03	1.04E-04	1.28E-03
G[T>A]A	5.11E-05	3.10E-05	8.40E-04	2.69E-04	7.76E-05	9.68E-04	8.08E-04	5.00E-06	1.20E-04	2.51E-05	7.33E-04	1.32E-04	9.36E-04	4.71E-04	1.12E-03	1.16E-10	6.47E-05
G[T>A]C	2.57E-06	1.75E-05	4.92E-04	3.31E-04	3.85E-04	8.42E-04	6.11E-04	1.12E-04	1.77E-04	4.25E-05	1.06E-03	4.53E-04	5.74E-04	7.34E-04	2.16E-03	1.08E-04	1.92E-04
G[T>A]G	8.95E-05	1.47E-04	1.12E-03	5.68E-04	1.08E-04	1.39E-03	1.09E-03	3.24E-06	4.05E-06	5.86E-06	1.56E-03	1.35E-04	1.74E-03	1.63E-03	1.82E-03	5.70E-05	2.51E-04
G[T>A]T	5.99E-05	1.13E-04	5.82E-04	1.88E-04	2.80E-04	1.28E-03	5.19E-04	4.72E-05	2.01E-04	9.51E-06	1.34E-03	1.13E-04	1.19E-03	5.46E-04	1.20E-03	1.65E-04	1.67E-04
G[T>C]A	1.40E-47	2.03E-10	2.01E-04	2.31E-04	4.39E-09	4.16E-05	3.21E-04	6.28E-05	2.62E-05	4.80E-06	8.01E-05	3.35E-03	1.50E-05	4.58E-05	6.76E-05	3.35E-05	1.22E-03
G[T>C]C	2.31E-08	3.12E-06	3.87E-06	1.21E-05	9.85E-10	5.67E-05	8.65E-04	4.47E-04	1.76E-05	3.06E-08	1.18E-04	1.53E-03	7.54E-05	4.18E-06	5.46E-04	3.79E-04	1.54E-03
G[T>C]G	6.75E-06	5.57E-06	2.07E-04	6.32E-04	4.84E-04	1.22E-03	9.14E-04	1.92E-04	4.67E-05	1.11E-05	1.48E-04	1.60E-03	1.70E-04	5.04E-05	8.21E-04	1.69E-04	6.73E-04
G[T>C]T	9.34E-04	2.05E-04	6.59E-04	2.75E-06	6.24E-10	4.80E-03	2.02E-03	1.85E-07	1.30E-05	1.93E-10	1.06E-02	3.24E-03	8.00E-03	1.70E-04	6.70E-03	3.38E-04	3.32E-03
G[T>G]A	1.52E-05	1.15E-05	3.10E-04	3.58E-05	4.78E-06	4.33E-04	2.67E-04	8.32E-06	2.41E-04	1.52E-05	5.06E-04	3.09E-05	4.51E-04	4.33E-04	5.99E-04	8.40E-05	1.23E-04
G[T>G]C	2.92E-05	3.91E-05	2.21E-04	1.02E-05	9.26E-06	3.07E-04	2.04E-04	8.36E-05	1.32E-04	6.65E-06	4.52E-04	7.92E-05	3.14E-04	3.96E-04	8.31E-04	1.43E-04	2.72E-04
G[T>G]G	2.14E-04	2.34E-04	9.34E-04	1.56E-04	1.70E-09	1.93E-03	1.15E-03	6.47E-05	5.75E-04	5.50E-10	2.33E-03	1.13E-04	2.15E-03	1.36E-03	2.23E-03	1.96E-04	5.47E-04
G[T>G]T	6.44E-05	8.00E-05	3.86E-05	4.48E-05	0.00E+00	3.90E-04	1.25E-04	9.55E-05	9.07E-06	0.00E+00	6.27E-04	1.12E-04	4.31E-04	1.73E-05	2.85E-04	7.57E-04	6.33E-04
T[C>A]A	4.33E-05	8.79E-05	3.59E-03	1.29E-03	5.80E-04	2.55E-03	1.50E-03	2.26E-05	6.13E-04	1.57E-03	3.51E-03	1.84E-10	1.49E-03	6.66E-04	1.05E-03	2.64E-04	1.03E-03
T[C>A]C	2.48E-04	2.16E-04	5.66E-03	2.40E-03	3.58E-04	1.78E-03	2.38E-03	1.77E-04	7.41E-04	1.00E-03	6.17E-03	3.20E-05	1.97E-03	1.72E-03	4.00E-03	2.60E-05	4.77E-04
T[C>A]G	2.48E-05	3.80E-06	1.87E-03	7.81E-04	6.39E-05	7.78E-04	1.32E-03	5.94E-05	5.14E-04	3.62E-04	1.81E-03	1.38E-05	1.41E-03	4.87E-04	1.73E-03	3.22E-05	7.59E-05
T[C>A]T	1.97E-47	7.63E-47	1.95E-03	2.86E-03	1.91E-04	8.54E-04	2.61E-04	3.87E-04	1.87E-04	6.53E-04	1.06E-03	2.48E-05	1.54E-04	2.65E-08	3.27E-08	1.71E-03	8.81E-03
T[C>G]A	2.85E-10	4.00E-10	5.81E-03	1.32E-05	8.39E-08	8.94E-08	8.76E-03	6.60E-10	6.32E-08	8.85E-03	1.24E-02	3.08E-09	2.03E-07	6.29E-05	1.44E-05	6.93E-07	1.76E-08
T[C>G]C	8.83E-05	8.70E-05	1.97E-03	3.20E-04	4.35E-05	9.17E-04	1.26E-03	1.35E-06	3.16E-04	2.82E-03	6.65E-03	3.63E-05	9.31E-04	2.05E-03	1.88E-03	1.97E-05	1.39E-04
T[C>G]G	3.11E-05	3.52E-05	8.42E-04	1.03E-04	2.07E-05	5.63E-04	1.16E-03	4.99E-06	1.11E-04	1.11E-03	2.01E-03	1.37E-06	8.16E-04	1.02E-03	9.92E-04	2.18E-05	3.77E-05
T[C>G]T	2.21E-05	5.83E-05	4.18E-05	3.14E-05	3.79E-03	2.17E-04	1.47E-05	6.45E-06	3.62E-08	1.04E-02	2.33E-03	5.94E-05	8.48E-07	1.14E-03	6.10E-04	7.61E-05	4.32E-05
T[C>T]A	5.03E-03	2.40E-03	3.23E-04	2.79E-04	1.87E-02	1.44E-03	3.95E-03	6.52E-05	4.28E-05	5.34E-03	2.29E-03	2.14E-04	2.93E-04	1.49E-04	9.52E-05	1.66E-04	4.74E-05
T[C>T]C	1.13E-02	2.93E-03	1.37E-04	8.86E-04	2.95E-03	1.37E-03	1.97E-03	5.28E-05	1.85E-07	5.12E-04	6.34E-04	2.39E-05	8.70E-04	1.89E-07	1.23E-04	5.92E-05	1.02E-03
T[C>T]G	1.01E-02	1.96E-04	1.52E-06	2.51E-05	6.34E-03	4.87E-04	4.13E-02	7.18E-04	6.28E-03	1.27E-04	8.49E-04	1.85E-05	1.93E-04	1.16E-07	8.67E-08	7.32E-05	1.15E-02
T[C>T]T	3.31E-03	6.77E-03	1.02E-04	1.37E-04	1.40E-02	6.18E-03	2.30E-03	5.08E-06	6.23E-08	2.57E-03	4.24E-02	1.92E-05	4.96E-03	4.24E-04	7.65E-04	3.59E-04	2.65E-03
T[T>A]A	8.84E-05	1.61E-04	5.60E-04	1.52E-04	1.31E-04	1.16E-03	4.08E-04	2.84E-05	2.54E-04	2.11E-05	1.31E-03	1.41E-04	1.40E-03	2.69E-04	1.42E-03	3.11E-05	8.54E-05
T[T>A]C	1.23E-04	2.17E-04	5.60E-04	1.41E-04	1.78E-04	1.63E-03	5.06E-04	4.73E-05	4.51E-04	1.63E-05	2.10E-03	9.78E-05	1.79E-03	6.04E-04	1.47E-03	1.47E-04	1.52E-04
T[T>A]G	7.96E-05	7.68E-05	7.61E-04	3.50E-04	1.62E-04	1.11E-03	9.18E-04	5.12E-06	3.64E-04	2.32E-06	1.13E-03	4.43E-05	1.13E-03	7.64E-04	1.13E-03	7.07E-05	1.50E-04
T[T>A]T	3.98E-04	6.29E-04	6.02E-04	9.84E-05	1.90E-05	3.36E-03	9.76E-04	2.16E-06	6.12E-04	1.08E-06	4.12E-03	1.93E-06	3.55E-03	4.24E-04	1.62E-03	3.28E-04	8.87E-05
T[T>C]A	2.17E-04	1.18E-04	3.65E-04	1.81E-04	8.23E-05	1.58E-03	5.03E-04	4.41E-05	4.39E-04	2.45E-05	2.83E-03	1.01E-03	2.48E-03	4.21E-04	2.27E-03	9.97E-05	3.69E-04
T[T>C]C	1.50E-04	7.13E-05	4.52E-04	6.43E-05	6.56E-05	1.12E-03	1.08E-03	1.69E-04	5.10E-04	3.95E-05	2.74E-03	8.82E-04	1.61E-03	5.11E-04	2.05E-03	2.37E-04	5.36E-04
T[T>C]G	1.37E-04	1.18E-04	4.56E-04	5.43E-04	3.98E-04	1.69E-03	1.21E-03	2.28E-04	5.19E-04	2.64E-05	2.12E-03	8.23E-04	2.01E-03	1.40E-04	1.94E-03	1.76E-04	3.97E-04
T[T>C]T	1.05E-04	2.30E-04	4.83E-04	1.00E-04	4.69E-05	1.31E-03	6.69E-04	5.82E-05	4.85E-04	9.17E-06	2.86E-03	5.74E-04	1.99E-03	6.56E-04	2.14E-03	2.11E-04	4.25E-04
T[T>G]A	3.91E-05	2.42E-05	2.74E-04	6.27E-06	8.12E-06	5.73E-04	3.43E-04	2.37E-06	3.03E-04	1.61E-05	8.87E-04	7.18E-07	6.32E-04	4.06E-04	7.38E-04	1.15E-04	3.56E-04
T[T>G]C	8.46E-05	1.56E-04	2.61E-04	1.85E-06	9.99E-06	9.19E-04	3.59E-04	3.94E-06	2.41E-04	2.32E-05	1.43E-03	5.35E-05	9.68E-04	3.10E-04	7.02E-04	2.48E-04	6.80E-04
T[T>G]G	6.32E-05	6.02E-05	5.70E-04	1.25E-04	2.07E-05	1.17E-03	8.05E-04	1.92E-05	6.41E-04	2.68E-05	1.19E-03	3.85E-05	1.10E-03	9.80E-04	1.42E-03	1.81E-04	1.61E-04
T[T>G]T	7.97E-05	5.43E-05	8.03E-06	2.36E-06	7.57E-05	6.04E-07	2.09E-03	1.29E-09	1.16E-09	1.47E-09	1.04E-04	8.99E-11	1.06E-04	3.06E-08	6.40E-09	1.13E-03	2.61E-03
