MutationType	SBS96A	SBS96B	SBS96C	SBS96D	SBS96E	SBS96F	SBS96G	SBS96H	SBS96I	SBS96J
A[C>A]A	0.00022321374414787057	0.0010695258723137637	0.00023877228649130445	0.011134596632600023	0.012935768001307437	0.004034386603817621	8.571031687097274e-05	0.007473117534891855	0.02195303165620544	0.028383504130627558
A[C>A]C	0.0004649845631291031	5.977617553980963e-05	0.0018588117334537647	0.010613650543307927	0.019644858017913835	0.012793134306295783	0.0007636331981601075	0.017448943814373907	0.02334472449118465	0.025153547687150942
A[C>A]G	1.9944428863496454e-05	2.5464250094913155e-05	0.0012683632975871012	0.003879933895997887	0.007754588813671717	0.0029827651778552423	0.0011216451873315237	0.004234072782513465	0.007130974312774327	0.0062623014202537065
A[C>A]T	6.458128191297874e-06	4.357080074246511e-05	0.001112978920661476	0.003309055456438763	0.006560706237645065	0.0025921921838553885	0.0026613340759286076	0.008600399182467697	0.014091697882025613	0.0195434237683196
A[C>G]A	0.0002169427012014502	0.002296384599492285	3.3478487896587696e-07	0.003934400060413737	0.03573599707212253	0.001604440973366863	0.00010755721935893802	0.0036079711193346495	0.004426719760702724	0.007348565432240122
A[C>G]C	0.0008083928106301385	0.0011824708397835248	0.00015901584997996313	0.008364935984320709	0.023077788313053987	0.003614309593140916	0.0005682286096519817	0.0033255031835777516	0.005386485624416224	0.009903968243410475
A[C>G]G	2.925949216404433e-05	0.0006125128962071358	1.2293697770644496e-05	0.002950098950813782	0.022497456632947888	0.0015236649879773268	0.0005381378962675854	0.0029152565851316243	0.0008616255380707117	0.006042895477649566
A[C>G]T	0.00024292375698593106	0.0033502722620298896	2.8248227460956342e-05	0.005645396132321565	0.034646029535871606	0.0025837700740763123	0.000749816780546837	0.00457092455530308	0.0029388901210128894	0.0052070093350144835
A[C>T]A	0.00426181654632046	0.0004897604510188106	0.022618819427955687	0.00956863597181723	0.020623126866446455	0.02155464049980651	0.004187846162894857	0.0227111825006734	0.012212814545353012	0.005978976137296286
A[C>T]C	0.0006497253495264488	0.0001207809902552981	0.009121617682768743	0.007851716926128205	0.007337548671603145	0.012200656016408401	0.00798935927432467	0.02666488692938003	0.025935449208940184	0.015624783199791636
A[C>T]G	0.000850189090706408	0.0025275223434024887	0.23377496564726244	0.009155928943972812	0.0044812053299985565	0.026994516609733475	0.014646171872724727	0.02009454217146185	0.1077453055100667	0.00773766279704887
A[C>T]T	0.0010508723783587471	0.00015503434459958497	0.004250044501511638	0.009086150384962265	0.013016046015250282	0.011578913357529927	0.0060268716183222186	0.02617625502723058	0.013380037588519259	0.01033716924882242
A[T>A]A	2.1040440380204473e-06	7.068083009013292e-05	0.00021232464058030588	0.004428313755049688	0.0024955259249786364	0.0026383881012068855	0.0038927510431396683	0.004441212687123084	0.012625088659279698	0.0034072943971688117
A[T>A]C	4.761364128967216e-05	8.700018921103947e-05	0.0055284682478756505	0.006326681450542964	0.00533132904555643	0.006590566312240185	0.0020320782589135435	0.007908202306651332	0.0126254068523059	0.007387924914918174
A[T>A]G	0.0002759670339635001	4.417495646634961e-05	0.0011024228538984637	0.0028510660345989437	0.001414727232974117	0.007433835332233229	0.0010836169045995803	0.005354609594913917	0.032652139453045945	0.005831117256139349
A[T>A]T	5.320005571288481e-05	2.2455361930866504e-05	0.0007106699425725083	0.0033586989868101113	0.0016872802588198427	0.003302684735899106	0.013391203876235522	0.00561754189023717	0.015441523724412605	0.003682938580740256
A[T>C]A	2.3600206269236423e-08	0.00010992123842299861	0.0040397613979045845	0.008123737964414915	0.004212785460225224	0.0054959975197805735	0.031030950168178605	0.015106672630837497	0.03032862415406143	0.0022181651547177245
A[T>C]C	6.375653578743367e-05	0.0004964246200589173	0.0006597750653264712	0.004369460394399179	0.009314704917856034	0.002104009674330314	0.026330657294020055	0.006071019939447808	0.010645872403101322	0.0052435469502503905
A[T>C]G	2.1847931353082827e-05	3.186540957440087e-05	0.007000847303180961	0.00640712229134806	0.004090797619309754	0.008591434250041274	0.055350861327272016	0.014841504650758565	0.0316144690142346	0.005548938059735207
A[T>C]T	0.00010962131049050222	0.00026938227417304004	0.00745116696503231	0.007299485942197208	0.004763788429070246	0.011133980226128699	0.007647585706872633	0.014801337663083327	0.04697947734357968	0.0036800373009327815
A[T>G]A	3.2462332277150214e-05	9.718701189783019e-05	0.0001871690561857875	0.0037245019456231885	0.001927133918267998	0.001821308353056441	0.00038628696073715217	0.0029105165060984463	0.004717826043893325	0.004900653398671153
A[T>G]C	5.94477975411678e-06	0.0001349908956272472	0.0004948061138760451	0.0024875938540054677	0.004437869295209111	0.001803774736314211	0.000977224301443158	0.0036391699714867797	0.003495668165718655	0.0019811253187279033
A[T>G]G	7.916265560190539e-05	6.67859718903685e-05	0.0001753756544137275	0.0012181350944464508	0.011984690811750198	0.001669170192619056	0.0003611392005687719	0.0016528543796833616	0.0015676631424147304	0.007283081653171166
A[T>G]T	6.96950299436594e-05	3.845318085282656e-05	0.00017568384501414513	0.003415429626752946	0.0024727950180663248	0.0022319588402062605	0.0016297850568579974	0.003466359911478918	0.006357572126905495	0.0039153854792193955
C[C>A]A	0.000283289920731562	0.0009952463807110237	7.289381575446896e-05	0.007714883877649186	0.03338408427217871	0.003391751617235741	0.0073572387967232086	0.007426870934147871	0.003615409904238618	0.028900823904444338
C[C>A]C	0.00010294524360524803	0.0004068112909327226	0.0017524236488532096	0.005578113318590567	0.02146304870112061	0.002390126714290659	0.014970627032143967	0.018642820596044204	0.003093369995278721	0.020826869128313774
C[C>A]G	7.83850415734122e-05	0.0003652287496925055	0.0017903436419436502	0.0031818413884798246	0.012957626042658744	0.001691043922605786	0.004921503386949553	0.006880821441058913	0.003028462724121326	0.007169578818980504
C[C>A]T	0.00018371992198268572	0.0008875298354392669	0.002599845425854438	0.00513708398480162	0.005985997284311821	0.0006363086206613389	0.04744322629841349	0.01962585749758887	0.0013604206980528488	0.010930329403105636
C[C>G]A	0.00031741053504902083	0.0057075096474113705	5.842033008605085e-06	0.00934184806650606	0.022651274861545403	0.0034497984961938855	0.00016595772314978774	0.0035501332409059927	0.0064417680940555755	0.009550965037524983
C[C>G]C	0.0004206610635327479	0.0005964161687069973	0.0001505929277180229	0.004606357344496814	0.03285849671355152	0.0030596732453084742	9.075728026886054e-06	0.00626182191488624	0.005617130379639832	0.005207032336752135
C[C>G]G	7.259861097850262e-06	1.901932505518289e-05	0.002841046969176091	0.00353497504292804	0.030913484773899144	0.0030938452664438687	2.7163404407417602e-05	0.004378520412308546	0.005955277098371426	0.004408436643390077
C[C>G]T	0.000949020468041528	0.004608310878737996	1.318675462847807e-05	0.004463477940239216	0.05367098750368598	0.002022023480067336	0.00011176979080502747	0.007050728394317787	0.003547351772460843	0.006128101008612248
C[C>T]A	0.008628706965407629	0.008304293972905726	0.012031341306827273	0.030334389825701424	0.00839973727058748	0.04880066897937013	0.0010522589527602122	0.0252507944177738	0.022793950092805132	0.016195183040604348
C[C>T]C	0.002235429447578099	0.0011358779476169246	0.0130862127564815	0.018726098476327023	0.007970779172187293	0.00878682083669613	0.0030039860144438534	0.03413389983307525	0.03532469778756365	0.011903529056130423
C[C>T]G	0.006177751198672472	0.0016708556186222623	0.22701002973131834	0.022472762785436508	0.0064939477196037385	0.040717389278833026	0.006948374573348065	0.027758902351411905	0.026444559358745807	0.012461606498893331
C[C>T]T	0.004906380730076308	0.0018086857574542848	0.010697336512578204	0.018370854819820946	0.02022215680363786	0.0200471471590066	0.0035475506424438663	0.02967872265855078	0.03445761230441804	0.02071013999277511
C[T>A]A	6.827103106504584e-05	0.00021558346981663588	3.693767310406353e-05	0.0019266697625322138	0.005548346613950627	0.0016380747751988877	0.003463196680775269	0.0016476665528408318	0.0032039963811683948	0.0034882083613885584
C[T>A]C	6.96502859005932e-05	0.000273566183347107	0.00012417831391530853	0.0035878649192319224	0.017202654252645288	0.0023665934293075	0.00435292246605286	0.007195978000223988	0.005605555061137757	0.007324951940960478
C[T>A]G	0.00019995828195074568	4.412628828390556e-05	0.0014250025401881317	0.007103819027308873	0.020932292549115345	0.0055361743076187886	0.003293498121559253	0.006458781338619701	0.014384418320992154	0.008659909358948425
C[T>A]T	4.800695066232707e-05	1.970841911651533e-05	0.00032384680151169575	0.00378752952877185	0.021704800150428128	0.0027953176929389656	0.0016252420992600492	0.0042330211878065785	0.003620103832977346	0.00704997824480003
C[T>C]A	3.893597852684394e-06	0.00010060793689916636	7.943593848080966e-07	0.0012326249228320307	0.0017834195130899389	0.0010637805734555173	0.032555324397981165	0.0022810529742351092	0.002118281127991537	0.0010487079957826495
C[T>C]C	0.00020803181533985972	0.00011826614545498159	0.0004047772681295214	0.007410192992490039	0.00814083541500537	0.003885438362959377	0.029586119341368688	0.008128333187162298	0.011987807018439059	0.006275344088859924
C[T>C]G	9.454074252347048e-09	4.7462375690092704e-05	6.537298670679092e-06	0.0002724525930647138	0.001651636372503731	0.00022644029058028537	0.10485229648649692	0.003460116164503404	0.0003351328955019994	0.00044710323512847677
C[T>C]T	9.866694032098166e-05	0.0004708708826810694	0.00231062424271812	0.005094460890966843	0.011091712649972578	0.0055624376392901095	0.027954553050551566	0.01209848904032924	0.010499797691845742	0.004516739377774286
C[T>G]A	6.807419816627913e-06	1.6197662288561786e-05	0.0001283406145250865	0.002088938628756125	0.003977356361296813	0.0009256760937986997	1.5901673951717045e-05	0.002185492699741118	0.004012351042974736	0.002380369642789688
C[T>G]C	0.00010252526503904846	0.0001592707896632817	0.0013767296361264414	0.00275138478072229	0.005943558145185079	0.0038582986866833834	0.008735931845101276	0.005167097041669422	0.00498353004760169	0.0036336691426052427
C[T>G]G	3.6029248917657244e-10	5.43628459553247e-06	0.00013545717213254705	0.003907718867845768	0.020905737361486276	0.001358884191012475	0.010963157196529209	0.002092745917728971	0.00313757872510152	0.00651941888785025
C[T>G]T	4.1493706103127226e-05	0.0003688905381841323	0.000418667271603681	0.007525719878900077	0.01273782704043967	0.002137138922251012	0.010753926973493436	0.006131029174579405	0.010571016519479545	0.008726610563597558
G[C>A]A	2.528670395221866e-05	0.00015738065404512724	0.0009877794740918982	0.012485128134060806	0.008635825808375018	0.009418133937778031	1.7591178911402494e-06	0.011201737729493217	0.027876687963910456	0.028789764632361853
G[C>A]C	4.354020697064698e-05	0.0006494414933405323	0.0015917947034421332	0.014168522695101729	0.02008232812432652	0.004964499238271074	0.0020134258810605133	0.008238554299701379	0.013305703062855868	0.02540235192246797
G[C>A]G	0.00017112612562210721	3.201002298194311e-06	0.003524102935082709	0.006370552711341304	0.0008899605875566863	0.005447189850758303	0.00016834269144752056	0.0075801787151507935	0.0068051425660607375	0.008425346442198247
G[C>A]T	4.923101990244483e-05	0.0004381744449396716	0.0016581496440847545	0.008773974684443716	0.0143138814007321	0.003967397518383962	0.0031980508441770894	0.009118460045146621	0.010122594338594127	0.028511254293832736
G[C>G]A	0.0003099201227644244	0.001353598766696109	1.689430699684635e-05	0.0030340162276401373	0.02111590340093812	0.001213461327272983	0.00038261944252582225	0.003887143424244641	0.004975647854320755	0.005259920680580876
G[C>G]C	0.0002314377368429632	0.0007214062219191023	0.0005565092356914647	0.005812462393811302	0.020759694793382265	0.0023645849305535195	0.00394401709883823	0.005822428468352427	0.0052863074277127	0.010962396703510109
G[C>G]G	0.0001580741903680405	0.0004366244281029452	3.8412389331057286e-05	0.0031360850290087683	0.010282541959767286	0.002185862395861875	5.162095516297427e-05	0.002857189134195863	0.0016150656717404887	0.004559534731994468
G[C>G]T	0.0011925633549004834	0.000802109459540361	0.0003024851306742349	0.005079715380163989	0.0387541681673747	0.0030472711790095284	0.000519307296798317	0.0025136081738341433	0.002006749992931596	0.008708300034725766
G[C>T]A	0.0009054651506548339	0.006733848297189979	0.01245789620242565	0.017621813036407034	0.008014359878180827	0.00777157783738325	0.024601229599105066	0.05189021624252518	0.013082541287985236	0.014818420781144823
G[C>T]C	0.0021426257157508744	0.0018143377860019426	0.02058132459123982	0.005888858147758072	0.00286834488173902	0.005327494988837884	0.03498872970554288	0.08538101293992895	0.009975094310628594	0.00825135063527604
G[C>T]G	0.0011581470873704802	0.0008585176854185791	0.2588617297261953	0.009160089740596504	0.001934390952318532	0.017659199026290935	0.03390011545647816	0.06165260038425499	0.006373645691399529	0.008107438624546206
G[C>T]T	0.0018676222468411651	0.0013628421236899157	0.01690130743265655	0.0057682721966685335	0.00770167947130517	0.0077542048103549635	0.028065747614898554	0.05289313200919423	0.005981054639936545	0.008481194035965629
G[T>A]A	0.0002583082118206903	7.502490883041445e-05	0.00012132716026997059	0.0015440515114983455	0.004921724295090826	0.0012833537046148535	0.002682792728045342	0.0025986085529170564	0.003049923853610892	0.0034081353686545414
G[T>A]C	0.00047737847489997875	0.00016075960995294832	0.00020542969508325015	0.002862356622281368	0.0066945385317904995	0.004027420226385061	0.003274797937982612	0.00534801977781953	0.007797201173376594	0.0055118050781905485
G[T>A]G	1.7730090242285e-05	3.377989798266867e-05	6.181818406858497e-05	0.002632687623115757	0.01159517387734276	0.0021485736215939256	0.003232286158190618	0.0045108008134351965	0.006297369720928004	0.006144507825605094
G[T>A]T	1.0637460567171076e-05	3.769806135391462e-05	0.00030673299868084315	0.003139010129982829	0.005517725068060246	0.001768775429323739	0.0018946031224550098	0.0057896733145712176	0.0063006583480552615	0.005870111321124867
G[T>C]A	6.210330937482282e-05	7.419095049627195e-05	8.51460132700499e-05	1.764291107932081e-05	8.198031566308827e-07	0.00012672805415242904	0.09065645054472952	0.0003043713094294187	0.0024739755106625693	7.79691821932937e-05
G[T>C]C	2.295541260359357e-05	3.3140917735756806e-05	0.00028329350077342495	0.0029773867561091547	0.003941540838143851	0.0015147858389517666	0.033328127381446394	0.0054764052586108395	0.0069661084426753915	0.005648172373100237
G[T>C]G	1.2330759320136053e-05	0.00010665453129686319	2.466669084397496e-06	9.867878892734909e-05	0.00027350732639710887	5.5396190835708126e-05	0.07134864740402008	0.003110535557652696	0.001389198370310112	0.00015265878591542257
G[T>C]T	6.480056274078549e-05	1.221751794219017e-05	0.0009257417582264793	0.003489301704807417	0.0018207443594100488	0.004453564398011451	0.05258154583872056	0.009683855949104725	0.009287019806884587	0.005467448268211328
G[T>G]A	2.4808052914847414e-22	5.715943812836244e-05	0.00020945642690830545	0.002236133533331426	0.004537510482816884	0.001039598882420254	0.0005037289155961844	0.001117608224992921	0.003180573446303896	0.0026822223077570583
G[T>G]C	6.645920273591344e-06	9.408635148062671e-06	0.0009795136626878787	0.00323383969173598	0.0035273352844303095	0.0017276196338436023	0.0012884218212771258	0.002850276464528889	0.0034065964519258782	0.004335373276739887
G[T>G]G	4.240567932356498e-09	7.03393542298869e-06	2.5594182699877863e-05	0.0023452469879583757	0.014630314619756462	0.001293081401659144	0.0021856668822100287	0.004360208052408723	0.0037791781747947084	0.004643446002110636
G[T>G]T	4.9080752795305215e-11	1.401298464324817e-47	0.0006479980614675185	0.002667237268448135	0.003349676223625053	0.0024657447352710625	0.003976071138574753	0.0027707203468778376	0.007363012771535722	0.0025886554833614993
T[C>A]A	0.008065888060192207	0.04645033171371324	0.00030609259375514954	0.030004566728229064	0.0009405501843777131	0.0072187862041475925	0.00011107307585767501	0.004291200446447334	0.005764738975746897	0.07993509235145269
T[C>A]C	0.0050470645234669265	0.016971316398738213	0.0022275835247290133	0.0468170125206401	0.01300959100170445	0.013211641327514062	0.0017341197738537063	0.017092388727454732	0.011216758705738959	0.04687617979059265
T[C>A]G	0.0063931805639322326	0.0012547034019242639	0.001092309482031446	0.013239125068892967	0.001413834254440906	0.007973422184239496	1.7407402515488003e-05	0.005994267869932131	0.0052468977185170474	0.016532402054574645
T[C>A]T	0.009211080088301299	0.014408140410735926	0.0006778028092262111	0.012794015498800633	0.007567337626602892	0.008309085683468496	0.0026116849154243483	0.004995899428811868	0.005727470371888188	0.10277892243299401
T[C>G]A	0.002923959429738261	0.24637842551704126	5.454027658302607e-07	0.12703379518701494	2.6702073631241772e-05	0.00043030012867376543	1.320610094694149e-05	1.3270327128678262e-05	1.663159213904919e-06	0.0016566941654583655
T[C>G]C	0.0017873599501797557	0.09484175430424101	2.541704023656388e-07	0.03660202442453794	0.01723061279882259	0.01078372350415563	4.2543931286331826e-05	0.0037166705208807114	0.0045671920093955974	0.018682803479820792
T[C>G]G	0.001069811279604166	0.024723260766622842	0.0001231876043912905	0.016569783159038138	0.0110596912935479	0.0031668335308731345	0.00029472930955734	0.0012777425102180606	0.001074963192026246	0.004828279497684776
T[C>G]T	0.0021498265799500893	0.44020727336406706	6.83872167165589e-06	0.006268165318334304	0.0005139660808962403	0.005572065654035634	0.0007785209648615865	0.00017660350525005696	1.736846873399145e-06	0.007702529509363103
T[C>T]A	0.5500384870171547	0.04491690611037379	7.622863684630943e-07	0.008935927477285475	5.858699631033915e-07	0.001560818123690011	0.0012733032016845414	0.00100463327271567	1.2225907011753633e-06	0.0012462672643294868
T[C>T]C	0.08552560189533195	0.006926863318772121	0.007726346809982232	0.14414782028406653	0.008908652955193573	0.09223282440673358	8.87148419687378e-05	0.025041204875608115	0.010699386799035225	0.01622233025445264
T[C>T]G	0.08645417916175291	0.0011935675382386988	0.07227587453160879	0.011828306462864625	0.0008470280609224546	0.2875530022295425	0.0033002351958299416	0.005705891707424371	0.0105316023400313	0.00250677170740488
T[C>T]T	0.19670272616141574	0.002275887297072655	0.001023781781659565	0.05739432257090641	0.003868960817141982	0.11065023015239232	4.9512883561112034e-05	0.018483499717683573	0.007480142789874833	0.013053261905724084
T[T>A]A	2.4036369730708884e-05	7.040640422694367e-05	0.001278390383108323	0.004719663649998482	0.002272800228151688	0.0033287135653674938	0.001005380189216112	0.005436870148122921	0.013872815942058594	0.002523491025855904
T[T>A]C	3.91417305520747e-05	0.0002450586072826866	0.0006852987479172157	0.004566301485736659	0.006134039961999065	0.004406055963397648	0.0019803468388863623	0.003989122793310695	0.004470330872396211	0.007715684393602089
T[T>A]G	1.461446903756496e-05	8.56214927352994e-06	1.6320263056996965e-05	0.00224841006617476	0.008601835288615104	0.0009376706804314239	0.002712274322165058	0.0028806016060404717	0.001968096303177052	0.005276208222613263
T[T>A]T	3.5670922574126964e-06	0.00013680537618149913	0.0001430264281775706	0.004268766911503264	0.009177893085745268	0.0022194615858929013	0.001418881548773359	0.0061639034043921015	0.01342695229442569	0.004373193595501874
T[T>C]A	5.7003186773840754e-05	0.00013100408732761082	0.001023814534201506	0.002527114828688468	0.003338684207593019	0.0018141419212126914	0.015014096686178391	0.010555707300363792	0.007119384501425685	0.0038349233908343194
T[T>C]C	0.00012704417157588055	0.00021247919316010665	0.004498088671338048	0.006298701970116553	0.006187706572236493	0.0031022892179515794	0.022206501846085303	0.006775331655140349	0.011883995602324376	0.008919500166642358
T[T>C]G	0.00022533714127408899	0.0001762626186488525	0.0011067245324091956	0.002267382278106993	0.0017403568711526418	0.0014787748725282773	0.020082509790364897	0.010118419094706893	0.004859897456157554	0.0033881952551365656
T[T>C]T	3.235424120489938e-05	5.6800741704670086e-05	0.0014607851370405456	0.0048312936425536	0.003271719796584307	0.0031228964734039267	0.011737634986411364	0.013732560461215826	0.009723298335669015	0.007572745379253512
T[T>G]A	3.0979078442517594e-05	0.00013244153208836985	1.2950065192027793e-05	0.0013954482659367783	0.00626375674817929	0.0013236677303000023	1.5581077706716684e-05	0.0025083052691930873	0.005903323603938872	0.003588064289599373
T[T>G]C	5.74313598600007e-05	0.0003264048797200303	0.0007713128253895718	0.004017390890898725	0.004274429455730627	0.0029553547968839667	0.0008736890657202423	0.0038773699834132457	0.005469891477940223	0.004295824600378992
T[T>G]G	0.00010338379422876612	0.0001880845352602023	0.000856242825481317	0.0026472328390846323	0.008003618322895818	0.0016022095717414687	0.0012980882268516325	0.004327700982893532	0.005000386717384941	0.004500150176485249
T[T>G]T	3.6135574050533135e-06	8.054493652082329e-05	0.0004270250753128124	0.004377567320070739	0.00814561524824299	0.0037051632332242156	0.0012806040530308493	0.005529728122763657	0.010692143521195447	0.00811509394660618
