Samples	SBS96A	SBS96B	SBS96C	SBS96D	SBS96E	SBS96F
TCGA-05-4244-01	138	64	10	16	27	5
TCGA-05-4249-01	216	69	33	13	30	24
TCGA-05-4250-01	215	46	52	56	28	37
TCGA-05-4382-01	1623	0	224	142	61	60
TCGA-05-4384-01	74	25	9	24	17	15
TCGA-05-4389-01	75	0	91	72	44	14
TCGA-05-4390-01	502	77	10	27	37	41
TCGA-05-4395-01	139	0	104	50	23	32
TCGA-05-4396-01	173	74	17	18	26	26
TCGA-05-4397-01	472	171	166	139	32	39
TCGA-05-4398-01	506	58	95	170	63	36
TCGA-05-4402-01	4	21	104	19	5	2
TCGA-05-4403-01	55	44	4	9	38	18
TCGA-05-4405-01	279	82	27	21	43	30
TCGA-05-4410-01	791	211	158	113	33	42
TCGA-05-4415-01	156	50	5	11	14	14
TCGA-05-4417-01	213	85	7	23	18	6
TCGA-05-4418-01	168	52	10	43	21	40
TCGA-05-4420-01	227	54	16	28	25	21
TCGA-05-4422-01	8	0	19	12	7	8
TCGA-05-4424-01	565	120	131	13	35	37
TCGA-05-4425-01	0	3	1	3	40	6
TCGA-05-4426-01	5	16	6	8	18	2
TCGA-05-4427-01	759	181	66	151	39	54
TCGA-05-4430-01	213	73	20	4	20	11
TCGA-05-4432-01	408	156	21	86	36	46
TCGA-05-4433-01	0	11	2	0	32	0
TCGA-05-4434-01	0	25	11	0	12	11
TCGA-05-5420-01	41	32	3	4	20	16
TCGA-05-5423-01	103	3	17	27	31	6
TCGA-05-5425-01	413	197	40	5	29	35
TCGA-05-5428-01	221	0	128	71	18	37
TCGA-05-5429-01	1	0	5	6	30	2
TCGA-05-5715-01	12	10	96	0	31	2
TCGA-35-3615-01	49	0	42	30	15	10
TCGA-35-4122-01	127	128	39	70	20	28
TCGA-35-4123-01	233	84	13	0	19	20
TCGA-35-5375-01	226	116	44	77	41	19
TCGA-38-4625-01	529	0	140	40	23	33
TCGA-38-4626-01	230	39	18	22	2	14
TCGA-38-4627-01	7	6	3	2	10	8
TCGA-38-4628-01	31	63	19	0	27	9
TCGA-38-4629-01	140	60	34	55	28	33
TCGA-38-4630-01	23	0	69	17	38	18
TCGA-38-4631-01	617	236	23	0	14	37
TCGA-38-4632-01	352	146	29	48	24	56
TCGA-38-6178-01	18	9	9	26	14	15
TCGA-38-7271-01	47	20	44	0	4	1
TCGA-38-A44F-01	1	8	0	0	6	3
TCGA-44-2655-01	175	10	12	5	10	16
TCGA-44-2656-01	769	121	20	30	60	58
TCGA-44-2657-01	340	60	53	14	37	18
TCGA-44-2659-01	385	16	18	26	41	22
TCGA-44-2661-01	0	26	5	7	7	5
TCGA-44-2662-01	44	13	158	38	8	7
TCGA-44-2665-01	0	0	14	31	15	1
TCGA-44-2666-01	0	8	6	14	13	2
TCGA-44-2668-01	266	46	71	37	9	14
TCGA-44-3396-01	51	20	97	35	34	8
TCGA-44-3398-01	98	25	74	27	24	0
TCGA-44-3917-01	129	83	22	0	13	27
TCGA-44-3918-01	888	119	104	0	35	35
TCGA-44-3919-01	1	31	21	0	7	9
TCGA-44-4112-01	366	24	121	37	36	25
TCGA-44-5643-01	36	47	27	8	24	20
TCGA-44-5644-01	774	207	61	37	55	37
TCGA-44-5645-01	0	28	0	5	8	3
TCGA-44-6144-01	141	51	18	41	18	15
TCGA-44-6145-01	292	21	10	50	11	8
TCGA-44-6146-01	4	10	0	1	18	14
TCGA-44-6147-01	101	17	5	7	12	19
TCGA-44-6148-01	1	2	0	0	3	2
TCGA-44-6774-01	276	67	6	0	8	13
TCGA-44-6775-01	18	26	8	15	10	9
TCGA-44-6776-01	168	23	10	18	18	14
TCGA-44-6777-01	219	17	100	65	30	48
TCGA-44-6778-01	272	107	9	60	23	16
TCGA-44-6779-01	40	22	8	21	25	9
TCGA-44-7659-01	93	41	10	19	8	12
TCGA-44-7660-01	142	247	34	6	27	13
TCGA-44-7661-01	165	78	75	0	11	13
TCGA-44-7662-01	399	119	79	57	23	38
TCGA-44-7667-01	328	112	15	56	44	24
TCGA-44-7669-01	299	155	5	38	28	36
TCGA-44-7670-01	901	51	186	87	46	63
TCGA-44-7671-01	133	99	14	0	21	24
TCGA-44-7672-01	106	41	11	21	7	11
TCGA-44-8117-01	667	101	41	40	54	27
TCGA-44-8119-01	455	136	19	60	70	33
TCGA-44-8120-01	529	76	30	53	32	25
TCGA-44-A479-01	286	0	23	29	26	13
TCGA-44-A47A-01	52	79	103	0	27	10
TCGA-44-A47B-01	14	0	2	12	25	7
TCGA-44-A47F-01	23	9	18	23	27	13
TCGA-44-A47G-01	18	27	20	9	14	13
TCGA-44-A4SS-01	286	151	67	35	22	33
TCGA-44-A4SU-01	80	43	3	17	30	14
TCGA-49-4486-01	25	32	133	2	6	15
TCGA-49-4487-01	224	98	68	16	7	19
TCGA-49-4488-01	236	0	29	82	12	8
TCGA-49-4490-01	0	14	19	5	26	4
TCGA-49-4494-01	125	62	13	0	22	10
TCGA-49-4501-01	0	0	12	19	35	6
TCGA-49-4505-01	144	15	19	53	40	3
TCGA-49-4506-01	68	15	3	28	19	7
TCGA-49-4507-01	87	35	48	35	24	20
TCGA-49-4510-01	18	34	6	0	4	4
TCGA-49-4512-01	6	10	5	10	18	6
TCGA-49-4514-01	174	20	121	33	28	37
TCGA-49-6742-01	34	0	137	129	24	30
TCGA-49-6743-01	372	62	213	203	29	66
TCGA-49-6744-01	184	70	6	1	3	21
TCGA-49-6745-01	0	0	87	23	37	23
TCGA-49-6761-01	64	0	83	60	24	15
TCGA-49-6767-01	383	74	39	48	29	21
TCGA-49-AAQV-01	3	31	42	0	12	0
TCGA-49-AAR0-01	74	15	20	27	22	18
TCGA-49-AAR2-01	357	74	13	0	18	26
TCGA-49-AAR3-01	71	46	14	15	21	4
TCGA-49-AAR4-01	417	88	111	29	2	65
TCGA-49-AAR9-01	561	140	17	18	31	41
TCGA-49-AARE-01	1192	81	101	149	62	86
TCGA-49-AARN-01	188	0	55	646	0	43
TCGA-49-AARO-01	614	55	41	9	2	17
TCGA-49-AARQ-01	603	73	98	43	21	51
TCGA-49-AARR-01	1	0	0	0	2	0
TCGA-4B-A93V-01	85	32	7	23	11	13
TCGA-50-5044-01	1	17	125	16	5	7
TCGA-50-5045-01	296	24	23	20	2	5
TCGA-50-5049-01	678	229	34	19	0	44
TCGA-50-5051-01	80	21	9	2	22	5
TCGA-50-5055-01	0	9	5	1	7	0
TCGA-50-5066-01	165	94	22	41	4	19
TCGA-50-5068-01	39	40	6	0	21	12
TCGA-50-5072-01	102	17	17	39	9	19
TCGA-50-5930-01	1071	114	26	68	35	45
TCGA-50-5931-01	211	97	23	11	23	16
TCGA-50-5932-01	67	8	0	0	2	13
TCGA-50-5933-01	341	129	43	15	45	59
TCGA-50-5935-01	0	18	60	20	13	12
TCGA-50-5936-01	26	0	61	46	9	4
TCGA-50-5939-01	9	0	18	48	15	14
TCGA-50-5941-01	255	143	41	5	17	21
TCGA-50-5942-01	22	24	0	11	9	5
TCGA-50-5944-01	11	29	10	0	27	7
TCGA-50-5946-01	427	104	170	39	47	29
TCGA-50-6590-01	576	209	218	19	12	50
TCGA-50-6591-01	5	26	2	2	15	16
TCGA-50-6592-01	107	98	59	55	13	24
TCGA-50-6593-01	219	70	9	50	19	23
TCGA-50-6594-01	419	90	56	35	14	20
TCGA-50-6595-01	18	22	27	13	11	27
TCGA-50-6597-01	0	0	22	23	20	13
TCGA-50-6673-01	0	28	4	6	19	5
TCGA-50-7109-01	167	85	6	5	25	20
TCGA-50-8457-01	23	17	5	0	10	12
TCGA-50-8459-01	60	15	3	17	18	6
TCGA-50-8460-01	4	0	3	15	10	4
TCGA-53-7624-01	561	95	165	92	36	63
TCGA-53-7626-01	303	83	50	0	6	8
TCGA-53-7813-01	109	33	0	19	18	7
TCGA-53-A4EZ-01	461	85	32	18	32	46
TCGA-55-1592-01	237	219	57	96	34	48
TCGA-55-1594-01	50	34	82	22	27	16
TCGA-55-1595-01	238	98	13	30	16	12
TCGA-55-1596-01	80	89	1	18	19	27
TCGA-55-5899-01	299	0	119	80	22	29
TCGA-55-6543-01	0	3	3	1	16	2
TCGA-55-6642-01	102	19	6	7	9	12
TCGA-55-6712-01	26	21	109	7	24	9
TCGA-55-6968-01	117	0	449	58	6	25
TCGA-55-6969-01	258	152	12	62	0	30
TCGA-55-6970-01	108	44	9	27	11	10
TCGA-55-6971-01	36	40	2	18	3	9
TCGA-55-6972-01	82	0	123	84	8	45
TCGA-55-6975-01	30	21	13	18	17	1
TCGA-55-6978-01	0	14	0	7	13	1
TCGA-55-6979-01	50	67	55	0	0	0
TCGA-55-6980-01	0	9	0	0	3	4
TCGA-55-6981-01	2	25	6	0	23	7
TCGA-55-6982-01	14	0	217	26	14	16
TCGA-55-6983-01	67	11	4	17	21	14
TCGA-55-6984-01	4	14	0	0	3	6
TCGA-55-6985-01	382	128	2	0	22	50
TCGA-55-6986-01	0	11	0	0	6	8
TCGA-55-6987-01	85	54	97	0	15	3
TCGA-55-7227-01	100	29	8	38	18	11
TCGA-55-7281-01	323	101	40	18	18	57
TCGA-55-7283-01	95	35	63	18	57	23
TCGA-55-7284-01	0	7	0	0	38	12
TCGA-55-7570-01	164	176	102	0	8	17
TCGA-55-7573-01	19	13	7	14	3	7
TCGA-55-7574-01	71	73	147	0	2	29
TCGA-55-7576-01	250	92	21	62	49	25
TCGA-55-7724-01	48	98	36	45	37	13
TCGA-55-7725-01	84	31	1	23	11	4
TCGA-55-7726-01	9	19	84	0	29	0
TCGA-55-7727-01	108	0	98	46	22	43
TCGA-55-7728-01	75	11	1	0	21	13
TCGA-55-7815-01	96	40	7	6	21	12
TCGA-55-7816-01	0	1	0	0	1	0
TCGA-55-7903-01	77	0	24	36	38	13
TCGA-55-7907-01	901	217	248	4	37	46
TCGA-55-7910-01	234	77	12	0	30	15
TCGA-55-7911-01	142	80	20	0	12	24
TCGA-55-7913-01	247	59	45	18	41	25
TCGA-55-7914-01	96	30	26	14	38	10
TCGA-55-7994-01	1264	330	89	48	77	82
TCGA-55-7995-01	412	140	101	100	15	54
TCGA-55-8085-01	110	0	117	59	31	11
TCGA-55-8087-01	0	3	6	1	16	11
TCGA-55-8089-01	752	115	444	132	42	61
TCGA-55-8090-01	48	36	2	4	12	11
TCGA-55-8091-01	2	7	0	1	22	3
TCGA-55-8092-01	320	0	131	134	63	77
TCGA-55-8094-01	357	43	17	95	30	15
TCGA-55-8096-01	84	50	13	0	18	14
TCGA-55-8097-01	56	0	13	13	46	11
TCGA-55-8203-01	354	93	6	11	48	18
TCGA-55-8204-01	62	55	86	17	22	28
TCGA-55-8205-01	246	153	213	2	20	14
TCGA-55-8206-01	5	0	6	14	13	0
TCGA-55-8207-01	221	89	17	4	40	16
TCGA-55-8208-01	79	63	193	60	10	39
TCGA-55-8299-01	160	37	9	37	11	19
TCGA-55-8301-01	184	91	31	13	23	20
TCGA-55-8302-01	555	186	17	0	24	63
TCGA-55-8505-01	1	8	15	5	14	5
TCGA-55-8506-01	1076	224	11	64	630	102
TCGA-55-8507-01	867	128	32	47	57	82
TCGA-55-8508-01	120	16	14	36	30	11
TCGA-55-8510-01	269	50	34	1	11	27
TCGA-55-8511-01	434	0	81	109	43	46
TCGA-55-8512-01	18	13	4	7	4	5
TCGA-55-8513-01	0	0	0	0	6	2
TCGA-55-8514-01	224	52	4	0	34	37
TCGA-55-8614-01	49	148	33	12	45	11
TCGA-55-8615-01	54	64	2	16	15	11
TCGA-55-8616-01	454	52	19	0	51	27
TCGA-55-8619-01	2	4	1	0	19	1
TCGA-55-8620-01	368	109	14	22	56	46
TCGA-55-8621-01	40	19	9	2	11	8
TCGA-55-A48X-01	337	57	28	0	11	50
TCGA-55-A48Y-01	0	0	335	58	23	28
TCGA-55-A48Z-01	15	9	4	10	21	9
TCGA-55-A490-01	1205	135	128	90	40	45
TCGA-55-A491-01	278	76	33	23	26	30
TCGA-55-A492-01	183	74	12	32	27	27
TCGA-55-A493-01	139	0	79	81	24	17
TCGA-55-A494-01	169	38	19	0	55	14
TCGA-55-A4DF-01	164	0	624	71	41	83
TCGA-55-A4DG-01	596	164	32	0	31	21
TCGA-55-A57B-01	5	5	8	7	19	5
TCGA-62-8394-01	16	70	49	13	20	5
TCGA-62-8395-01	2	25	17	0	29	13
TCGA-62-8397-01	6	0	0	12	11	3
TCGA-62-8398-01	43	0	9	25	21	5
TCGA-62-8399-01	239	75	251	45	51	0
TCGA-62-8402-01	0	33	4	2	23	11
TCGA-62-A46O-01	619	130	162	81	46	54
TCGA-62-A46P-01	244	54	8	0	39	8
TCGA-62-A46R-01	79	0	24	62	31	13
TCGA-62-A46S-01	73	0	10	26	30	20
TCGA-62-A46U-01	10	9	8	2	19	4
TCGA-62-A46V-01	7	8	3	18	27	8
TCGA-62-A46Y-01	4	14	0	4	13	4
TCGA-62-A470-01	46	41	10	0	36	14
TCGA-62-A471-01	4	0	66	47	17	14
TCGA-62-A472-01	20	14	1	11	10	16
TCGA-64-1676-01	518	121	19	20	34	28
TCGA-64-1679-01	394	127	54	7	11	21
TCGA-64-1680-01	5	15	28	8	18	2
TCGA-64-1681-01	1	17	27	43	7	11
TCGA-64-5774-01	118	12	8	3	29	6
TCGA-64-5775-01	432	48	23	12	40	34
TCGA-64-5778-01	364	73	35	59	25	23
TCGA-64-5779-01	322	19	16	17	48	15
TCGA-64-5781-01	845	152	145	159	21	83
TCGA-64-5815-01	122	55	2	0	18	16
TCGA-67-3770-01	157	50	2	32	15	17
TCGA-67-3771-01	490	254	357	89	34	96
TCGA-67-3773-01	72	3	0	18	17	15
TCGA-67-3774-01	52	61	4	17	3	13
TCGA-67-4679-01	205	94	12	0	17	24
TCGA-67-6215-01	0	0	0	136	0	1
TCGA-67-6216-01	1	10	14	0	10	10
TCGA-67-6217-01	136	5	9	34	29	21
TCGA-69-7760-01	12	6	5	36	25	4
TCGA-69-7761-01	9	3	1	17	6	0
TCGA-69-7763-01	32	7	1	14	38	8
TCGA-69-7764-01	32	37	5	18	18	6
TCGA-69-7765-01	495	46	70	83	9	44
TCGA-69-7973-01	229	6	13	14	32	15
TCGA-69-7974-01	378	157	35	0	36	34
TCGA-69-7978-01	364	136	227	0	27	12
TCGA-69-7979-01	1417	133	113	0	68	69
TCGA-69-7980-01	503	199	210	0	22	37
TCGA-69-8253-01	105	18	31	30	17	8
TCGA-69-8254-01	21	37	0	10	17	12
TCGA-69-8255-01	135	37	39	103	31	20
TCGA-69-A59K-01	461	0	51	49	57	19
TCGA-71-6725-01	3	5	5	7	40	13
TCGA-71-8520-01	21	3	22	12	41	6
TCGA-73-4658-01	150	0	150	94	32	22
TCGA-73-4659-01	132	95	8	0	11	16
TCGA-73-4662-01	146	57	17	19	15	14
TCGA-73-4666-01	274	76	25	54	29	13
TCGA-73-4668-01	384	186	16	0	29	14
TCGA-73-4670-01	237	14	16	107	25	42
TCGA-73-4675-01	13	31	5	18	15	2
TCGA-73-4676-01	20	33	0	35	16	8
TCGA-73-4677-01	176	59	13	10	21	25
TCGA-73-7498-01	68	38	0	0	18	15
TCGA-73-7499-01	0	37	19	0	18	9
TCGA-73-A9RS-01	871	126	80	31	19	45
TCGA-75-5122-01	48	37	30	0	31	21
TCGA-75-5125-01	55	71	47	8	18	11
TCGA-75-5126-01	387	75	208	72	19	20
TCGA-75-5146-01	162	18	9	37	3	10
TCGA-75-5147-01	0	6	12	11	17	1
TCGA-75-6203-01	0	10	0	0	8	1
TCGA-75-6205-01	2	21	8	18	7	4
TCGA-75-6206-01	37	42	17	0	4	9
TCGA-75-6207-01	10	27	17	0	20	10
TCGA-75-6211-01	259	109	22	11	25	16
TCGA-75-6212-01	0	4	1	2	7	7
TCGA-75-6214-01	438	125	205	26	38	67
TCGA-75-7025-01	0	0	5	9	19	5
TCGA-75-7027-01	174	79	5	8	13	24
TCGA-75-7030-01	2	7	0	1	7	1
TCGA-75-7031-01	88	91	22	18	22	18
TCGA-78-7145-01	127	61	17	0	15	17
TCGA-78-7146-01	201	39	123	35	35	31
TCGA-78-7147-01	153	98	45	69	31	31
TCGA-78-7148-01	127	61	3	39	18	26
TCGA-78-7149-01	34	21	97	16	14	18
TCGA-78-7150-01	135	47	162	93	30	42
TCGA-78-7152-01	79	11	101	25	15	24
TCGA-78-7153-01	23	61	27	2	30	13
TCGA-78-7154-01	47	20	120	65	54	22
TCGA-78-7155-01	1172	224	139	208	42	53
TCGA-78-7156-01	138	0	160	48	28	43
TCGA-78-7158-01	141	19	46	48	17	13
TCGA-78-7159-01	233	55	12	39	34	7
TCGA-78-7160-01	0	43	3	0	4	7
TCGA-78-7161-01	126	30	14	31	26	9
TCGA-78-7162-01	24	38	16	5	6	12
TCGA-78-7163-01	5	2	1	6	10	3
TCGA-78-7166-01	194	0	5	43	12	21
TCGA-78-7167-01	54	4	42	19	27	8
TCGA-78-7220-01	585	91	112	134	30	94
TCGA-78-7535-01	93	28	1	75	13	10
TCGA-78-7536-01	459	87	6	130	31	25
TCGA-78-7537-01	73	33	15	26	8	14
TCGA-78-7539-01	115	97	342	0	40	11
TCGA-78-7540-01	2	4	4	0	22	4
TCGA-78-7542-01	311	0	33	70	29	34
TCGA-78-7633-01	76	29	9	0	11	10
TCGA-78-8640-01	408	169	141	110	53	33
TCGA-78-8648-01	9	0	0	0	5	2
TCGA-78-8655-01	71	0	6	12	25	18
TCGA-78-8660-01	107	85	41	32	16	23
TCGA-78-8662-01	851	251	88	131	45	74
TCGA-80-5607-01	2	0	111	35	6	4
TCGA-80-5608-01	99	72	11	0	14	3
TCGA-80-5611-01	55	117	6	32	15	22
TCGA-83-5908-01	103	75	103	0	14	0
TCGA-86-6562-01	10	12	25	7	16	4
TCGA-86-6851-01	650	267	142	0	11	24
TCGA-86-7701-01	124	56	4	33	24	7
TCGA-86-7711-01	87	65	55	35	23	7
TCGA-86-7713-01	103	37	4	0	11	31
TCGA-86-7714-01	28	31	1	15	9	7
TCGA-86-7953-01	11	20	7	18	9	0
TCGA-86-7954-01	104	36	47	43	39	21
TCGA-86-7955-01	166	58	26	88	16	23
TCGA-86-8054-01	142	41	15	49	18	10
TCGA-86-8055-01	2	20	4	14	21	2
TCGA-86-8056-01	67	0	166	58	18	31
TCGA-86-8073-01	1372	122	107	139	35	70
TCGA-86-8074-01	17	3	4	32	13	10
TCGA-86-8075-01	0	28	5	4	21	4
TCGA-86-8076-01	16	15	24	0	21	8
TCGA-86-8278-01	0	0	103	23	16	2
TCGA-86-8279-01	431	71	18	72	35	9
TCGA-86-8280-01	5	23	0	0	12	15
TCGA-86-8281-01	192	43	45	0	40	17
TCGA-86-8358-01	855	308	32	41	64	76
TCGA-86-8359-01	115	13	9	30	18	15
TCGA-86-8585-01	348	195	133	0	18	16
TCGA-86-8668-01	0	5	2	18	18	2
TCGA-86-8669-01	54	66	9	0	22	19
TCGA-86-8671-01	2	10	11	6	11	7
TCGA-86-8672-01	200	30	43	44	26	33
TCGA-86-8673-01	318	130	42	59	16	40
TCGA-86-8674-01	260	0	43	51	16	12
TCGA-86-A456-01	293	0	30	70	21	38
TCGA-86-A4JF-01	252	290	119	344	553	88
TCGA-86-A4P7-01	0	42	26	0	13	3
TCGA-86-A4P8-01	0	1	0	0	0	1
TCGA-91-6828-01	203	52	32	12	25	12
TCGA-91-6829-01	392	246	49	45	20	53
TCGA-91-6830-01	16	0	236	36	8	19
TCGA-91-6831-01	140	137	7	0	22	34
TCGA-91-6835-01	25	36	19	16	13	4
TCGA-91-6836-01	359	102	26	18	35	39
TCGA-91-6840-01	3	35	85	0	18	1
TCGA-91-6847-01	1	42	17	5	34	6
TCGA-91-6848-01	335	215	106	39	15	31
TCGA-91-6849-01	70	25	5	24	5	12
TCGA-91-7771-01	89	50	18	57	10	27
TCGA-91-8496-01	0	20	3	0	14	4
TCGA-91-8497-01	10	18	1	0	11	16
TCGA-91-8499-01	142	48	109	44	31	21
TCGA-91-A4BC-01	370	79	27	29	40	18
TCGA-91-A4BD-01	0	0	2	13	12	0
TCGA-93-7347-01	80	27	11	5	11	9
TCGA-93-7348-01	45	0	15	36	27	10
TCGA-93-8067-01	57	0	487	73	20	37
TCGA-93-A4JN-01	13	20	13	25	21	6
TCGA-93-A4JO-01	2	32	14	0	10	7
TCGA-93-A4JP-01	12	0	25	26	15	4
TCGA-93-A4JQ-01	0	68	63	4	10	0
TCGA-95-7039-01	1013	165	66	175	53	70
TCGA-95-7043-01	953	171	66	0	54	75
TCGA-95-7562-01	360	43	9	0	27	22
TCGA-95-7567-01	357	24	0	379	365	18
TCGA-95-7944-01	17	0	235	27	2	26
TCGA-95-7947-01	191	30	229	130	29	56
TCGA-95-7948-01	0	0	153	10	17	3
TCGA-95-8039-01	31	0	21	30	27	9
TCGA-95-8494-01	3	0	62	28	33	7
TCGA-95-A4VK-01	202	43	6	8	32	27
TCGA-95-A4VN-01	388	108	47	18	14	16
TCGA-95-A4VP-01	82	45	2	8	14	10
TCGA-97-7546-01	227	64	13	16	16	16
TCGA-97-7547-01	95	33	65	0	18	15
TCGA-97-7552-01	2	5	0	14	22	4
TCGA-97-7553-01	15	13	1	0	14	8
TCGA-97-7554-01	356	66	14	42	32	49
TCGA-97-7937-01	382	68	34	9	49	22
TCGA-97-7938-01	316	87	59	0	28	15
TCGA-97-7941-01	56	2	18	20	20	5
TCGA-97-8171-01	5	29	0	0	25	8
TCGA-97-8172-01	181	58	0	23	42	27
TCGA-97-8174-01	102	33	32	0	37	9
TCGA-97-8175-01	5	18	1	5	4	8
TCGA-97-8176-01	53	23	52	33	20	16
TCGA-97-8177-01	3	0	5	20	13	6
TCGA-97-8179-01	125	55	13	1	3	11
TCGA-97-8547-01	6	0	16	18	25	5
TCGA-97-8552-01	6	4	1	2	11	5
TCGA-97-A4LX-01	117	76	6	16	2	2
TCGA-97-A4M0-01	261	91	74	42	13	19
TCGA-97-A4M1-01	10	3	14	4	22	2
TCGA-97-A4M2-01	5	9	9	0	5	4
TCGA-97-A4M3-01	160	7	31	27	19	6
TCGA-97-A4M5-01	8	0	124	39	7	12
TCGA-97-A4M6-01	0	7	4	19	10	2
TCGA-97-A4M7-01	288	7	16	41	22	10
TCGA-99-7458-01	359	119	9	23	17	50
TCGA-99-8025-01	230	68	158	53	58	32
TCGA-99-8028-01	393	88	10	27	16	8
TCGA-99-8032-01	301	94	36	0	42	19
TCGA-99-8033-01	104	64	11	11	19	14
TCGA-99-AA5R-01	49	13	0	6	0	5
TCGA-J2-8192-01	7	35	7	0	26	15
TCGA-J2-8194-01	68	56	4	15	25	22
TCGA-J2-A4AD-01	78	149	169	0	21	0
TCGA-J2-A4AE-01	0	29	13	4	14	2
TCGA-J2-A4AG-01	51	23	8	0	26	6
TCGA-L4-A4E5-01	292	25	9	59	13	21
TCGA-L4-A4E6-01	10	3	6	0	1	0
TCGA-L9-A443-01	171	74	13	35	7	7
TCGA-L9-A444-01	518	74	18	32	19	40
TCGA-L9-A50W-01	4	0	5	18	4	5
TCGA-L9-A5IP-01	231	33	19	40	15	14
TCGA-L9-A743-01	62	13	69	14	9	1
TCGA-L9-A7SV-01	1690	160	67	12	50	40
TCGA-L9-A8F4-01	570	234	67	40	16	44
TCGA-MN-A4N1-01	350	126	36	0	47	29
TCGA-MN-A4N4-01	1132	30	415	162	41	92
TCGA-MN-A4N5-01	343	40	45	95	25	14
TCGA-MP-A4SV-01	145	72	145	15	20	43
TCGA-MP-A4SW-01	9	15	12	0	37	12
TCGA-MP-A4SY-01	53	103	24	0	16	21
TCGA-MP-A4T2-01	16	25	27	14	13	16
TCGA-MP-A4T4-01	313	35	31	62	23	21
TCGA-MP-A4T6-01	0	34	22	4	19	14
TCGA-MP-A4T7-01	108	13	4	14	13	7
TCGA-MP-A4T8-01	72	10	5	37	14	11
TCGA-MP-A4T9-01	13	11	10	3	2	7
TCGA-MP-A4TA-01	208	135	31	35	31	14
TCGA-MP-A4TC-01	212	22	27	38	17	11
TCGA-MP-A4TD-01	41	33	3	2	16	6
TCGA-MP-A4TE-01	74	35	2	0	50	12
TCGA-MP-A4TF-01	343	97	22	33	16	35
TCGA-MP-A4TH-01	40	54	0	11	21	13
TCGA-MP-A4TI-01	55	0	140	94	14	10
TCGA-MP-A4TJ-01	37	38	0	24	14	2
TCGA-MP-A4TK-01	269	8	63	70	9	23
TCGA-MP-A5C7-01	28	21	1	17	22	7
TCGA-NJ-A4YF-01	577	114	28	5	18	39
TCGA-NJ-A4YG-01	64	15	45	31	33	10
TCGA-NJ-A4YI-01	372	49	26	50	38	24
TCGA-NJ-A4YP-01	115	0	382	144	0	50
TCGA-NJ-A4YQ-01	976	243	20	76	26	50
TCGA-NJ-A55A-01	81	44	9	4	8	1
TCGA-NJ-A55O-01	124	9	11	0	12	9
TCGA-NJ-A55R-01	187	75	10	20	7	24
TCGA-NJ-A7XG-01	6	20	0	0	15	1
TCGA-O1-A52J-01	129	27	11	12	20	12
TCGA-S2-AA1A-01	99	20	3	4	10	8
TCGA-18-3406-01	47	115	81	0	17	17
TCGA-18-3407-01	4	21	0	37	23	7
TCGA-18-3408-01	14	46	0	11	15	12
TCGA-18-3409-01	4	0	27	61	0	4175
TCGA-18-3410-01	35	119	83	0	9	1
TCGA-18-3411-01	98	169	22	30	44	35
TCGA-18-3412-01	21	77	24	7	13	5
TCGA-18-3414-01	96	85	72	66	34	29
TCGA-18-3415-01	40	60	60	34	17	24
TCGA-18-3416-01	138	162	49	0	30	9
TCGA-18-3417-01	132	57	23	90	35	15
TCGA-18-3421-01	87	131	53	67	16	31
TCGA-18-4083-01	184	194	42	7	26	20
TCGA-18-4721-01	63	54	8	54	30	16
TCGA-18-5592-01	173	80	28	29	31	23
TCGA-18-5595-01	18	0	143	89	22	47
TCGA-21-1070-01	428	131	27	60	20	21
TCGA-21-1071-01	62	37	23	51	24	20
TCGA-21-1076-01	208	103	54	11	12	19
TCGA-21-1077-01	97	32	58	68	25	15
TCGA-21-1078-01	0	9	59	14	15	0
TCGA-21-1081-01	51	78	10	49	61	12
TCGA-21-1082-01	209	79	161	4	39	1
TCGA-21-1083-01	462	277	128	0	22	27
TCGA-21-5782-01	154	137	137	38	19	0
TCGA-21-5783-01	140	162	99	11	69	48
TCGA-21-5784-01	101	89	24	25	4	17
TCGA-21-5786-01	262	143	16	12	29	22
TCGA-21-5787-01	316	56	47	39	28	22
TCGA-21-A5DI-01	15	87	29	16	12	13
TCGA-22-0940-01	66	68	18	75	15	25
TCGA-22-0944-01	53	22	19	35	17	18
TCGA-22-1000-01	20	47	24	5	8	18
TCGA-22-1002-01	151	66	7	45	19	9
TCGA-22-1005-01	159	88	26	45	11	17
TCGA-22-1011-01	1	35	83	0	14	0
TCGA-22-1012-01	131	109	42	15	35	16
TCGA-22-1016-01	236	131	36	0	17	29
TCGA-22-4591-01	57	91	2	43	41	35
TCGA-22-4593-01	75	0	27	55	48	26
TCGA-22-4594-01	255	109	18	4	39	14
TCGA-22-4595-01	146	125	79	0	24	28
TCGA-22-4596-01	64	17	5	35	33	20
TCGA-22-4599-01	160	201	4	22	24	38
TCGA-22-4601-01	61	60	32	53	15	13
TCGA-22-4604-01	63	126	19	22	46	30
TCGA-22-4605-01	31	28	5	30	11	8
TCGA-22-4607-01	0	37	27	11	2	7
TCGA-22-4609-01	79	111	6	43	6	6
TCGA-22-4613-01	350	266	18	82	22	44
TCGA-22-5471-01	93	92	25	30	16	42
TCGA-22-5472-01	484	0	13	0	9	0
TCGA-22-5473-01	325	158	329	59	69	69
TCGA-22-5474-01	14	21	49	8	15	2
TCGA-22-5477-01	19	27	126	25	25	0
TCGA-22-5478-01	73	89	0	25	30	7
TCGA-22-5479-01	108	134	187	106	58	50
TCGA-22-5480-01	61	98	15	0	15	13
TCGA-22-5481-01	126	137	21	42	26	18
TCGA-22-5482-01	78	37	10	55	12	18
TCGA-22-5483-01	109	70	21	59	22	19
TCGA-22-5485-01	101	69	0	47	24	14
TCGA-22-5489-01	144	33	39	51	27	13
TCGA-22-5491-01	91	0	188	85	38	17
TCGA-22-5492-01	107	83	7	61	19	13
TCGA-22-A5C4-01	181	133	27	0	64	32
TCGA-33-4532-01	163	87	76	77	51	43
TCGA-33-4533-01	147	23	40	109	14	41
TCGA-33-4538-01	32	91	19	33	27	24
TCGA-33-4547-01	2	60	156	0	24	7
TCGA-33-4566-01	1243	159	95	64	32	45
TCGA-33-4582-01	58	62	30	40	37	23
TCGA-33-4583-01	423	158	49	37	41	35
TCGA-33-4586-01	196	149	15	60	26	12
TCGA-33-4587-01	106	25	56	40	25	35
TCGA-33-4589-01	1	7	51	18	33	28
TCGA-33-6737-01	208	46	263	0	21	25
TCGA-33-6738-01	139	174	71	0	20	20
TCGA-33-A4WN-01	47	57	89	32	20	12
TCGA-33-A5GW-01	35	97	96	0	10	11
TCGA-33-AAS8-01	98	117	24	0	32	17
TCGA-33-AASB-01	302	33	34	57	15	16
TCGA-33-AASD-01	227	115	22	42	26	24
TCGA-33-AASI-01	223	107	103	21	25	21
TCGA-33-AASJ-01	38	6	108	26	26	24
TCGA-33-AASL-01	145	130	67	12	11	16
TCGA-34-2596-01	92	130	71	3	15	20
TCGA-34-2600-01	104	56	286	61	41	23
TCGA-34-2604-01	411	191	22	56	45	35
TCGA-34-2605-01	186	88	125	46	24	9
TCGA-34-2608-01	49	46	31	28	24	13
TCGA-34-2609-01	138	109	6	6	33	13
TCGA-34-5231-01	299	289	87	74	55	30
TCGA-34-5232-01	74	66	17	19	52	27
TCGA-34-5234-01	103	65	0	21	16	16
TCGA-34-5236-01	93	107	31	10	13	15
TCGA-34-5239-01	163	21	19	62	29	15
TCGA-34-5240-01	91	0	31	50	24	22
TCGA-34-5241-01	92	89	29	10	20	17
TCGA-34-5927-01	92	84	47	50	35	16
TCGA-34-5928-01	61	114	228	0	38	15
TCGA-34-5929-01	101	69	78	18	14	0
TCGA-34-7107-01	65	90	40	68	37	22
TCGA-34-8454-01	252	68	379	0	12	0
TCGA-34-8455-01	399	163	21	0	9	22
TCGA-34-8456-01	8	15	4	12	4	6
TCGA-34-A5IX-01	129	78	26	62	40	17
TCGA-37-3783-01	72	66	287	25	34	14
TCGA-37-3789-01	87	100	153	0	18	9
TCGA-37-3792-01	640	256	92	82	18	33
TCGA-37-4129-01	0	0	0	4	2	0
TCGA-37-4130-01	944	285	37	48	74	31
TCGA-37-4132-01	190	122	16	8	12	37
TCGA-37-4133-01	90	81	34	64	82	12
TCGA-37-4135-01	137	191	19	0	24	19
TCGA-37-4141-01	200	126	21	0	39	19
TCGA-37-5819-01	539	191	43	48	63	42
TCGA-37-A5EL-01	237	144	69	6	41	34
TCGA-37-A5EM-01	166	143	35	29	23	36
TCGA-37-A5EN-01	76	122	23	29	32	17
TCGA-39-5011-01	567	67	81	27	18	33
TCGA-39-5016-01	196	108	23	27	69	58
TCGA-39-5019-01	65	88	13	21	24	15
TCGA-39-5021-01	78	40	16	36	12	15
TCGA-39-5022-01	17	67	162	0	7	0
TCGA-39-5024-01	5	126	92	6	17	19
TCGA-39-5028-01	35	25	130	0	26	6
TCGA-39-5029-01	26	49	33	29	26	19
TCGA-39-5030-01	47	4	72	0	151	3
TCGA-39-5031-01	123	0	570	66	19	39
TCGA-39-5034-01	505	134	35	39	38	28
TCGA-39-5035-01	26	40	71	10	32	21
TCGA-39-5036-01	110	68	30	60	42	18
TCGA-39-5037-01	102	59	18	56	41	23
TCGA-39-5039-01	69	73	3	14	26	24
TCGA-39-5040-01	354	107	29	34	36	31
TCGA-43-2576-01	391	119	23	84	8	30
TCGA-43-2578-01	229	118	22	40	3	19
TCGA-43-2581-01	861	173	29	8	29	40
TCGA-43-3394-01	62	56	8	31	12	5
TCGA-43-3920-01	87	129	95	0	9	14
TCGA-43-5668-01	500	151	21	69	49	34
TCGA-43-5670-01	5	64	84	2	14	1
TCGA-43-6143-01	144	140	39	42	23	13
TCGA-43-6647-01	77	63	18	14	18	10
TCGA-43-6770-01	64	111	29	41	21	5
TCGA-43-6771-01	156	36	10	21	18	14
TCGA-43-6773-01	0	40	13	1	8	14
TCGA-43-7656-01	182	170	13	21	24	19
TCGA-43-7657-01	49	70	11	0	27	7
TCGA-43-7658-01	99	48	21	26	30	38
TCGA-43-8115-01	69	90	22	30	33	14
TCGA-43-8116-01	174	144	81	4	39	17
TCGA-43-8118-01	407	112	166	52	34	23
TCGA-43-A474-01	227	116	31	4	71	26
TCGA-43-A475-01	135	80	34	9	30	17
TCGA-43-A56U-01	96	74	134	0	14	1
TCGA-43-A56V-01	140	64	20	27	12	13
TCGA-46-3765-01	82	22	59	89	19	21
TCGA-46-3767-01	74	56	10	16	3	8
TCGA-46-3768-01	104	150	35	35	5	23
TCGA-46-3769-01	538	147	333	71	36	21
TCGA-46-6025-01	32	74	52	42	24	9
TCGA-46-6026-01	77	8	46	67	42	24
TCGA-51-4079-01	234	34	70	113	30	29
TCGA-51-4080-01	158	138	12	6	25	13
TCGA-51-4081-01	89	95	9	23	14	18
TCGA-51-6867-01	306	277	110	32	25	32
TCGA-52-7622-01	118	127	4	63	18	8
TCGA-52-7809-01	59	79	69	42	34	25
TCGA-52-7810-01	112	130	269	8	13	3
TCGA-52-7811-01	62	82	11	6	12	14
TCGA-52-7812-01	181	75	44	27	16	28
TCGA-56-1622-01	142	49	8	38	32	18
TCGA-56-5897-01	12	50	46	12	6	0
TCGA-56-5898-01	70	53	18	16	10	15
TCGA-56-6545-01	126	85	77	44	20	14
TCGA-56-6546-01	190	137	8	28	21	32
TCGA-56-7221-01	118	119	81	2	20	26
TCGA-56-7222-01	180	158	39	65	23	24
TCGA-56-7223-01	87	137	22	62	26	39
TCGA-56-7579-01	92	108	52	22	16	27
TCGA-56-7580-01	49	89	13	0	16	4
TCGA-56-7582-01	39	107	9	7	25	17
TCGA-56-7730-01	205	146	10	12	51	38
TCGA-56-7731-01	167	172	32	51	14	7
TCGA-56-7822-01	114	117	185	0	35	16
TCGA-56-7823-01	163	97	14	28	24	28
TCGA-56-8082-01	93	68	17	20	54	29
TCGA-56-8083-01	96	44	2	24	21	12
TCGA-56-8201-01	76	42	28	30	18	5
TCGA-56-8304-01	134	99	23	13	10	25
TCGA-56-8305-01	241	96	36	64	25	28
TCGA-56-8307-01	274	160	29	12	31	19
TCGA-56-8308-01	193	92	36	35	47	32
TCGA-56-8309-01	50	51	11	29	13	7
TCGA-56-8503-01	22	71	110	0	1	5
TCGA-56-8504-01	125	94	3	33	16	20
TCGA-56-8622-01	109	37	29	63	33	21
TCGA-56-8624-01	52	31	46	0	23	6
TCGA-56-8625-01	185	13	224	79	68	37
TCGA-56-8626-01	106	105	45	15	31	20
TCGA-56-8628-01	269	150	3	58	13	23
TCGA-56-8629-01	106	82	26	27	26	11
TCGA-56-A49D-01	79	113	93	34	43	14
TCGA-56-A4BW-01	88	92	86	0	18	6
TCGA-56-A4BY-01	52	67	5	40	14	10
TCGA-56-A4ZJ-01	61	44	7	15	5	12
TCGA-56-A4ZK-01	59	166	36	10	13	12
TCGA-56-A5DS-01	74	20	58	53	30	28
TCGA-56-A62T-01	362	144	35	3	42	44
TCGA-58-8386-01	93	97	25	56	27	16
TCGA-58-8387-01	42	48	78	22	32	12
TCGA-58-8388-01	85	73	13	24	18	13
TCGA-58-8391-01	131	201	9	26	31	31
TCGA-58-8393-01	12	0	269	0	12	48
TCGA-58-A46J-01	81	79	24	4	18	11
TCGA-58-A46K-01	16	23	100	32	21	3
TCGA-58-A46L-01	114	92	38	3	24	9
TCGA-58-A46M-01	195	34	50	136	66	51
TCGA-58-A46N-01	87	75	10	51	21	20
TCGA-60-2695-01	93	108	23	6	25	17
TCGA-60-2697-01	12	0	0	0	2	0
TCGA-60-2698-01	233	232	865	0	27	38
TCGA-60-2703-01	133	101	55	40	23	14
TCGA-60-2704-01	55	64	38	33	42	20
TCGA-60-2707-01	41	13	42	24	14	7
TCGA-60-2708-01	64	84	49	5	46	10
TCGA-60-2709-01	73	75	11	30	7	15
TCGA-60-2710-01	63	76	9	53	35	18
TCGA-60-2711-01	51	62	17	0	16	11
TCGA-60-2712-01	36	2	20	30	18	6
TCGA-60-2713-01	87	134	41	8	19	35
TCGA-60-2714-01	691	99	124	63	97	26
TCGA-60-2715-01	26	28	16	43	38	9
TCGA-60-2716-01	0	0	3	0	17	2
TCGA-60-2719-01	79	55	17	66	52	11
TCGA-60-2720-01	178	183	160	0	0	3
TCGA-60-2721-01	6	93	140	1	16	14
TCGA-60-2722-01	105	121	62	55	22	27
TCGA-60-2723-01	140	152	9	11	20	22
TCGA-60-2724-01	256	111	14	11	17	36
TCGA-60-2725-01	56	112	15	0	5	1
TCGA-60-2726-01	123	136	49	70	29	21
TCGA-63-5128-01	133	130	18	55	15	24
TCGA-63-5131-01	103	127	67	51	26	20
TCGA-63-6202-01	255	47	18	40	36	20
TCGA-63-7020-01	91	78	11	28	12	7
TCGA-63-7021-01	88	96	22	79	10	13
TCGA-63-7022-01	69	69	23	48	15	15
TCGA-63-7023-01	68	33	12	46	19	5
TCGA-63-A5M9-01	26	18	12	29	34	16
TCGA-63-A5MB-01	139	139	36	20	48	33
TCGA-63-A5MG-01	39	63	11	0	23	4
TCGA-63-A5MH-01	39	86	111	19	16	12
TCGA-63-A5MI-01	27	128	74	0	26	12
TCGA-63-A5MJ-01	64	95	5	21	41	17
TCGA-63-A5ML-01	117	65	30	35	35	24
TCGA-63-A5MM-01	27	0	24	0	1359	0
TCGA-63-A5MN-01	3	0	7	20	14	4
TCGA-63-A5MP-01	57	87	0	21	45	24
TCGA-63-A5MR-01	50	0	77	59	19	20
TCGA-63-A5MS-01	131	179	142	0	23	13
TCGA-63-A5MT-01	61	79	103	26	29	0
TCGA-63-A5MU-01	54	66	62	31	35	25
TCGA-63-A5MV-01	58	0	16	51	17	11
TCGA-63-A5MW-01	167	181	68	88	51	31
TCGA-63-A5MY-01	81	75	20	12	19	10
TCGA-66-2727-01	100	67	25	24	21	14
TCGA-66-2734-01	133	46	2	42	12	14
TCGA-66-2742-01	93	83	3	64	35	2
TCGA-66-2744-01	106	76	39	0	15	14
TCGA-66-2754-01	64	111	33	64	34	40
TCGA-66-2755-01	136	94	5	33	10	11
TCGA-66-2756-01	352	148	24	61	29	19
TCGA-66-2757-01	150	111	23	15	8	11
TCGA-66-2758-01	74	218	110	0	15	9
TCGA-66-2759-01	144	175	110	13	69	36
TCGA-66-2763-01	223	149	45	17	32	28
TCGA-66-2765-01	19	50	7	10	15	11
TCGA-66-2766-01	176	0	131	137	35	28
TCGA-66-2767-01	162	119	33	21	46	33
TCGA-66-2769-01	86	274	56	0	27	8
TCGA-66-2770-01	127	60	18	47	40	26
TCGA-66-2771-01	85	54	95	67	16	10
TCGA-66-2773-01	82	0	480	98	39	59
TCGA-66-2777-01	36	79	15	22	27	33
TCGA-66-2778-01	5	51	79	20	20	10
TCGA-66-2780-01	37	97	22	0	11	12
TCGA-66-2781-01	51	50	24	25	8	9
TCGA-66-2782-01	198	114	75	23	16	40
TCGA-66-2783-01	108	72	37	28	25	38
TCGA-66-2785-01	107	422	938	0	0	0
TCGA-66-2786-01	46	92	73	34	28	10
TCGA-66-2787-01	293	158	37	52	8	24
TCGA-66-2788-01	98	81	51	0	10	16
TCGA-66-2789-01	128	228	38	0	17	25
TCGA-66-2791-01	72	168	77	13	26	26
TCGA-66-2792-01	32	78	5	11	30	21
TCGA-66-2793-01	121	174	4	36	29	20
TCGA-66-2794-01	35	52	69	0	37	10
TCGA-66-2795-01	151	84	29	28	44	27
TCGA-66-2800-01	103	48	10	32	39	26
TCGA-68-7755-01	118	117	22	6	45	30
TCGA-68-7756-01	58	14	8	14	20	4
TCGA-68-7757-01	228	57	9	49	30	5
TCGA-68-8250-01	132	137	18	52	21	16
TCGA-68-8251-01	25	63	164	0	117	22
TCGA-68-A59J-01	181	128	115	3	20	21
TCGA-6A-AB49-01	272	149	28	3	19	21
TCGA-70-6722-01	252	9	34	25	16	27
TCGA-70-6723-01	30	52	0	18	23	17
TCGA-77-6842-01	164	187	48	20	28	13
TCGA-77-6843-01	32	120	36	0	25	11
TCGA-77-6844-01	74	87	31	9	18	27
TCGA-77-6845-01	89	122	26	26	9	20
TCGA-77-7139-01	76	29	16	69	26	20
TCGA-77-7140-01	35	118	47	0	16	13
TCGA-77-7141-01	156	300	391	0	25	0
TCGA-77-7142-01	124	55	41	13	68	30
TCGA-77-7335-01	55	101	83	8	32	13
TCGA-77-7337-01	115	154	43	60	23	30
TCGA-77-7338-01	28	65	52	0	26	0
TCGA-77-7463-01	250	114	39	38	24	23
TCGA-77-7465-01	172	204	16	19	34	37
TCGA-77-8007-01	35	25	10	20	22	7
TCGA-77-8008-01	89	61	0	39	14	17
TCGA-77-8009-01	46	3	24	82	28	29
TCGA-77-8128-01	163	65	23	66	44	17
TCGA-77-8130-01	65	67	5	35	38	16
TCGA-77-8131-01	13	46	15	0	9	4
TCGA-77-8133-01	223	99	12	52	42	43
TCGA-77-8136-01	101	118	333	0	11	0
TCGA-77-8138-01	34	58	5	4	14	11
TCGA-77-8139-01	82	89	30	14	35	13
TCGA-77-8140-01	152	132	85	63	11	14
TCGA-77-8143-01	56	68	12	14	25	8
TCGA-77-8144-01	200	134	38	49	27	34
TCGA-77-8145-01	15	83	21	0	20	11
TCGA-77-8146-01	66	82	12	6	14	24
TCGA-77-8148-01	85	111	8	32	57	36
TCGA-77-8150-01	51	51	12	0	31	4
TCGA-77-8153-01	66	88	12	22	24	10
TCGA-77-8154-01	78	57	17	53	28	23
TCGA-77-8156-01	110	84	10	3	36	28
TCGA-77-A5FZ-01	1	0	0	0	0	0
TCGA-77-A5G1-01	77	43	13	51	9	8
TCGA-77-A5G3-01	340	198	110	0	58	70
TCGA-77-A5G6-01	325	186	31	8	39	25
TCGA-77-A5G7-01	24	19	11	56	15	3
TCGA-77-A5G8-01	83	121	9	0	32	33
TCGA-77-A5GA-01	55	43	14	24	39	19
TCGA-77-A5GB-01	9	30	90	9	20	13
TCGA-77-A5GF-01	45	41	26	4	16	14
TCGA-77-A5GH-01	96	63	79	52	29	24
TCGA-79-5596-01	94	97	3	19	19	19
TCGA-85-6175-01	4	9	6	4	23	8
TCGA-85-6560-01	141	217	39	43	61	17
TCGA-85-6561-01	89	82	56	47	13	18
TCGA-85-6798-01	78	147	43	27	35	11
TCGA-85-7696-01	57	79	32	20	37	38
TCGA-85-7697-01	119	63	32	68	25	35
TCGA-85-7698-01	21	54	24	35	17	16
TCGA-85-7699-01	50	114	13	27	31	8
TCGA-85-7710-01	42	60	56	53	20	13
TCGA-85-7843-01	64	134	57	8	22	8
TCGA-85-7844-01	69	71	0	33	28	15
TCGA-85-7950-01	150	5	57	79	23	14
TCGA-85-8048-01	47	36	14	14	26	15
TCGA-85-8049-01	100	22	19	75	31	20
TCGA-85-8052-01	31	28	4	52	26	15
TCGA-85-8070-01	91	96	31	27	24	8
TCGA-85-8071-01	201	125	30	63	33	30
TCGA-85-8072-01	45	75	10	49	33	15
TCGA-85-8276-01	83	160	30	38	18	22
TCGA-85-8277-01	73	57	44	63	31	33
TCGA-85-8287-01	87	118	34	42	22	14
TCGA-85-8288-01	76	91	16	46	55	21
TCGA-85-8350-01	205	19	43	71	29	33
TCGA-85-8351-01	42	59	14	33	35	4
TCGA-85-8352-01	124	120	47	0	14	22
TCGA-85-8353-01	63	68	8	51	19	13
TCGA-85-8354-01	47	94	80	9	30	11
TCGA-85-8355-01	78	114	10	44	14	22
TCGA-85-8479-01	20	45	5	23	34	21
TCGA-85-8481-01	179	95	22	48	28	16
TCGA-85-8580-01	136	91	3	63	29	20
TCGA-85-8582-01	248	79	24	0	26	17
TCGA-85-8584-01	189	57	34	17	14	19
TCGA-85-8664-01	102	96	33	10	29	11
TCGA-85-8666-01	105	103	32	19	12	25
TCGA-85-A4CL-01	55	0	749	118	19	93
TCGA-85-A4CN-01	75	61	7	63	24	9
TCGA-85-A4JB-01	261	196	24	58	9	38
TCGA-85-A4JC-01	81	107	103	4	10	20
TCGA-85-A4PA-01	3	0	0	0	10	0
TCGA-85-A4QQ-01	39	89	239	0	17	12
TCGA-85-A4QR-01	40	74	43	58	49	15
TCGA-85-A50M-01	41	0	14	23	17	9
TCGA-85-A50Z-01	269	205	59	12	8	18
TCGA-85-A510-01	110	38	1	0	19	17
TCGA-85-A511-01	132	38	31	40	10	13
TCGA-85-A512-01	47	62	37	38	6	10
TCGA-85-A513-01	0	13	1	0	7	7
TCGA-85-A53L-01	85	129	7	0	16	7
TCGA-85-A5B5-01	203	157	8	60	18	20
TCGA-90-7766-01	33	21	20	41	16	4
TCGA-90-7767-01	45	7	14	45	16	11
TCGA-90-7769-01	314	114	30	82	41	48
TCGA-90-7964-01	234	87	134	66	23	51
TCGA-90-A4ED-01	0	0	0	0	3	2737
TCGA-90-A4EE-01	103	69	146	63	26	46
TCGA-90-A59Q-01	241	52	7	11	27	16
TCGA-92-7340-01	136	214	150	0	41	16
TCGA-92-7341-01	47	36	11	44	59	18
TCGA-92-8063-01	174	202	14	16	9	25
TCGA-92-8064-01	88	86	6	29	33	31
TCGA-92-8065-01	5	0	276	31	15	29
TCGA-94-7033-01	0	77	51	0	22	6
TCGA-94-7557-01	0	34	56	5	19	25
TCGA-94-7943-01	41	0	115	39	17	41
TCGA-94-8035-01	90	22	42	53	28	16
TCGA-94-8490-01	131	184	5	437	356	21
TCGA-94-8491-01	172	345	129	0	21	12
TCGA-94-A4VJ-01	253	131	42	30	35	21
TCGA-94-A5I4-01	106	108	18	31	30	20
TCGA-94-A5I6-01	82	47	18	25	26	16
TCGA-96-7544-01	159	210	88	1	33	7
TCGA-96-7545-01	28	47	9	38	15	12
TCGA-96-8169-01	40	134	7	0	19	14
TCGA-96-8170-01	122	65	94	24	16	10
TCGA-96-A4JK-01	247	132	98	57	52	48
TCGA-96-A4JL-01	2	0	5	1	49	15
TCGA-98-7454-01	111	56	41	23	12	18
TCGA-98-8020-01	8	34	48	0	27	1
TCGA-98-8021-01	133	0	879	180	14	84
TCGA-98-8022-01	49	161	56	0	33	8
TCGA-98-8023-01	77	107	10	22	13	22
TCGA-98-A538-01	394	214	123	46	24	41
TCGA-98-A539-01	87	58	40	6	13	24
TCGA-98-A53A-01	191	61	22	72	23	22
TCGA-98-A53B-01	23	89	25	28	15	10
TCGA-98-A53C-01	0	1	0	3	0	0
TCGA-98-A53H-01	28	6	1	0	0	2
TCGA-98-A53I-01	156	155	44	63	37	34
TCGA-98-A53J-01	28	0	29	55	16	16
TCGA-J1-A4AH-01	47	25	59	63	19	21
TCGA-L3-A4E7-01	48	35	2	19	18	4
TCGA-L3-A524-01	195	143	9	48	26	13
TCGA-LA-A446-01	181	92	51	29	27	39
TCGA-LA-A7SW-01	0	37	37	21	28	0
TCGA-MF-A522-01	74	0	392	192	35	63
TCGA-NC-A5HD-01	212	273	42	1	12	26
TCGA-NC-A5HE-01	114	66	24	13	16	20
TCGA-NC-A5HF-01	124	130	30	0	28	3
TCGA-NC-A5HG-01	119	297	136	51	31	152
TCGA-NC-A5HH-01	158	139	13	63	28	35
TCGA-NC-A5HI-01	260	59	90	92	31	12
TCGA-NC-A5HJ-01	303	125	24	9	24	20
TCGA-NC-A5HK-01	172	92	15	31	21	11
TCGA-NC-A5HL-01	65	60	19	71	32	23
TCGA-NC-A5HM-01	113	161	23	14	17	26
TCGA-NC-A5HN-01	224	274	18	98	37	89
TCGA-NC-A5HO-01	88	142	22	27	15	14
TCGA-NC-A5HP-01	243	123	72	27	22	23
TCGA-NC-A5HQ-01	173	120	27	38	41	29
TCGA-NC-A5HR-01	161	173	14	27	11	23
TCGA-NC-A5HT-01	196	102	20	15	35	46
TCGA-NK-A5CR-01	145	97	29	50	20	41
TCGA-NK-A5CT-01	158	85	79	38	31	16
TCGA-NK-A5CX-01	125	63	4	3	13	7
TCGA-NK-A5D1-01	23	58	19	13	26	21
TCGA-NK-A7XE-01	0	0	89	24	9	10
TCGA-O2-A52N-01	276	216	87	2	31	23
TCGA-O2-A52Q-01	751	84	221	81	45	43
TCGA-O2-A52S-01	160	95	112	33	33	38
TCGA-O2-A52V-01	154	46	14	71	21	26
TCGA-O2-A52W-01	42	5	10	34	26	13
TCGA-O2-A5IB-01	129	124	10	34	0	17
TCGA-XC-AA0X-01	65	38	20	71	18	19
