Samples	SBS1	SBS2	SBS3	SBS4	SBS5	SBS7a	SBS7b	SBS13	SBS15	SBS54
TCGA-05-4244-01	19	0	0	172	69	0	0	0	0	0
TCGA-05-4249-01	23	0	0	245	94	23	0	0	0	0
TCGA-05-4250-01	20	29	0	239	125	0	0	21	0	0
TCGA-05-4382-01	57	107	0	1767	90	0	0	89	0	0
TCGA-05-4384-01	9	0	0	89	66	0	0	0	0	0
TCGA-05-4389-01	32	47	0	89	89	0	0	39	0	0
TCGA-05-4390-01	25	0	0	558	111	0	0	0	0	0
TCGA-05-4395-01	18	46	0	152	45	0	34	53	0	0
TCGA-05-4396-01	21	0	0	213	100	0	0	0	0	0
TCGA-05-4397-01	27	68	0	542	298	0	0	84	0	0
TCGA-05-4398-01	46	55	0	587	196	0	0	44	0	0
TCGA-05-4402-01	7	42	0	0	49	0	0	57	0	0
TCGA-05-4403-01	25	0	0	68	75	0	0	0	0	0
TCGA-05-4405-01	30	0	0	318	134	0	0	0	0	0
TCGA-05-4410-01	48	77	0	941	212	0	0	70	0	0
TCGA-05-4415-01	9	0	0	180	61	0	0	0	0	0
TCGA-05-4417-01	18	0	0	257	77	0	0	0	0	0
TCGA-05-4418-01	11	0	0	172	151	0	0	0	0	0
TCGA-05-4420-01	13	0	0	252	106	0	0	0	0	0
TCGA-05-4422-01	7	14	0	0	27	0	0	6	0	0
TCGA-05-4424-01	37	46	0	619	133	0	0	66	0	0
TCGA-05-4425-01	22	0	0	0	12	0	0	0	19	0
TCGA-05-4426-01	16	0	0	0	39	0	0	0	0	0
TCGA-05-4427-01	38	0	0	875	337	0	0	0	0	0
TCGA-05-4430-01	9	0	0	239	93	0	0	0	0	0
TCGA-05-4432-01	27	0	0	474	252	0	0	0	0	0
TCGA-05-4433-01	20	0	0	0	13	0	0	0	12	0
TCGA-05-4434-01	10	0	0	0	40	9	0	0	0	0
TCGA-05-5420-01	16	0	0	52	34	0	14	0	0	0
TCGA-05-5423-01	21	11	0	119	36	0	0	0	0	0
TCGA-05-5425-01	20	0	0	487	212	0	0	0	0	0
TCGA-05-5428-01	21	83	0	276	45	0	0	50	0	0
TCGA-05-5429-01	17	4	0	0	13	0	0	0	10	0
TCGA-05-5715-01	23	35	0	0	38	0	0	55	0	0
TCGA-35-3615-01	5	29	0	65	17	0	0	16	14	0
TCGA-35-4122-01	10	0	0	161	241	0	0	0	0	0
TCGA-35-4123-01	14	0	0	276	79	0	0	0	0	0
TCGA-35-5375-01	15	0	161	221	94	0	0	0	32	0
TCGA-38-4625-01	26	68	0	575	42	0	0	54	0	0
TCGA-38-4626-01	5	0	0	266	54	0	0	0	0	0
TCGA-38-4627-01	9	0	0	0	20	0	7	0	0	0
TCGA-38-4628-01	23	0	0	48	78	0	0	0	0	0
TCGA-38-4629-01	21	24	0	172	119	0	0	14	0	0
TCGA-38-4630-01	34	34	0	0	39	0	20	38	0	0
TCGA-38-4631-01	28	0	0	736	163	0	0	0	0	0
TCGA-38-4632-01	21	0	0	429	157	48	0	0	0	0
TCGA-38-6178-01	12	11	67	0	1	0	0	0	0	0
TCGA-38-7271-01	3	12	0	55	15	0	0	31	0	0
TCGA-38-A44F-01	5	0	0	0	13	0	0	0	0	0
TCGA-44-2655-01	5	0	0	190	33	0	0	0	0	0
TCGA-44-2656-01	41	0	0	847	170	0	0	0	0	0
TCGA-44-2657-01	30	24	0	386	62	0	0	20	0	0
TCGA-44-2659-01	33	0	0	422	53	0	0	0	0	0
TCGA-44-2661-01	5	0	19	0	26	0	0	0	0	0
TCGA-44-2662-01	11	66	0	52	56	0	0	83	0	0
TCGA-44-2665-01	13	10	0	0	33	0	0	5	0	0
TCGA-44-2666-01	9	0	0	0	34	0	0	0	0	0
TCGA-44-2668-01	15	37	0	314	50	0	0	27	0	0
TCGA-44-3396-01	30	50	0	65	55	0	0	45	0	0
TCGA-44-3398-01	3	32	0	112	42	0	0	33	26	0
TCGA-44-3917-01	11	0	0	155	56	0	32	20	0	0
TCGA-44-3918-01	28	0	0	974	179	0	0	0	0	0
TCGA-44-3919-01	1	5	0	0	23	0	14	17	9	0
TCGA-44-4112-01	32	49	0	400	70	0	0	58	0	0
TCGA-44-5643-01	23	0	0	55	60	24	0	0	0	0
TCGA-44-5644-01	49	0	0	894	228	0	0	0	0	0
TCGA-44-5645-01	10	0	0	0	34	0	0	0	0	0
TCGA-44-6144-01	17	0	0	170	97	0	0	0	0	0
TCGA-44-6145-01	13	0	0	329	50	0	0	0	0	0
TCGA-44-6146-01	16	0	0	0	18	13	0	0	0	0
TCGA-44-6147-01	11	0	0	131	0	19	0	0	0	0
TCGA-44-6148-01	0	0	0	0	6	0	0	0	2	0
TCGA-44-6774-01	10	0	0	304	56	0	0	0	0	0
TCGA-44-6775-01	5	0	0	24	57	0	0	0	0	0
TCGA-44-6776-01	8	0	0	176	67	0	0	0	0	0
TCGA-44-6777-01	23	52	0	250	74	0	37	43	0	0
TCGA-44-6778-01	17	0	0	317	153	0	0	0	0	0
TCGA-44-6779-01	23	9	0	56	37	0	0	0	0	0
TCGA-44-7659-01	4	0	0	107	72	0	0	0	0	0
TCGA-44-7660-01	19	0	226	135	89	0	0	0	0	0
TCGA-44-7661-01	13	23	0	191	70	0	0	45	0	0
TCGA-44-7662-01	21	21	0	463	139	31	0	40	0	0
TCGA-44-7667-01	41	0	0	398	140	0	0	0	0	0
TCGA-44-7669-01	20	0	0	344	197	0	0	0	0	0
TCGA-44-7670-01	40	76	0	986	141	0	0	91	0	0
TCGA-44-7671-01	12	0	0	164	115	0	0	0	0	0
TCGA-44-7672-01	7	0	0	131	59	0	0	0	0	0
TCGA-44-8117-01	39	0	0	738	153	0	0	0	0	0
TCGA-44-8119-01	45	0	0	530	198	0	0	0	0	0
TCGA-44-8120-01	23	0	0	589	133	0	0	0	0	0
TCGA-44-A479-01	13	0	0	310	54	0	0	0	0	0
TCGA-44-A47A-01	24	30	0	70	78	0	0	69	0	0
TCGA-44-A47B-01	8	0	0	17	12	7	0	0	16	0
TCGA-44-A47F-01	11	13	0	29	38	0	0	7	15	0
TCGA-44-A47G-01	13	4	61	0	0	13	0	10	0	0
TCGA-44-A4SS-01	21	25	0	342	167	0	0	39	0	0
TCGA-44-A4SU-01	3	0	0	84	74	0	0	0	26	0
TCGA-49-4486-01	8	51	0	0	78	0	0	76	0	0
TCGA-49-4487-01	12	24	0	263	94	0	0	39	0	0
TCGA-49-4488-01	10	21	0	281	44	0	0	11	0	0
TCGA-49-4490-01	6	7	0	0	32	0	0	7	16	0
TCGA-49-4494-01	19	0	0	156	57	0	0	0	0	0
TCGA-49-4501-01	16	11	0	0	24	0	0	0	21	0
TCGA-49-4505-01	29	0	0	169	76	0	0	0	0	0
TCGA-49-4506-01	0	0	0	74	45	0	0	0	21	0
TCGA-49-4507-01	26	17	0	114	48	21	0	23	0	0
TCGA-49-4510-01	2	0	51	0	13	0	0	0	0	0
TCGA-49-4512-01	16	0	0	0	39	0	0	0	0	0
TCGA-49-4514-01	23	38	0	194	64	38	0	56	0	0
TCGA-49-6742-01	26	94	0	0	155	0	0	79	0	0
TCGA-49-6743-01	34	113	0	432	263	0	0	103	0	0
TCGA-49-6744-01	8	0	0	219	58	0	0	0	0	0
TCGA-49-6745-01	19	34	0	0	0	37	0	51	29	0
TCGA-49-6761-01	9	48	0	77	53	0	0	39	20	0
TCGA-49-6767-01	20	0	0	433	141	0	0	0	0	0
TCGA-49-AAQV-01	4	16	0	0	32	0	0	27	9	0
TCGA-49-AAR0-01	14	0	0	92	46	24	0	0	0	0
TCGA-49-AAR2-01	16	0	0	398	74	0	0	0	0	0
TCGA-49-AAR3-01	11	0	0	83	77	0	0	0	0	0
TCGA-49-AAR4-01	15	49	0	476	57	0	61	54	0	0
TCGA-49-AAR9-01	33	0	0	639	136	0	0	0	0	0
TCGA-49-AARE-01	37	0	0	1278	356	0	0	0	0	0
TCGA-49-AARN-01	14	152	763	0	3	0	0	0	0	0
TCGA-49-AARO-01	7	0	0	686	45	0	0	0	0	0
TCGA-49-AARQ-01	24	0	0	699	92	74	0	0	0	0
TCGA-49-AARR-01	0	0	0	0	1	0	0	0	2	0
TCGA-4B-A93V-01	11	0	0	101	59	0	0	0	0	0
TCGA-50-5044-01	7	49	0	0	48	0	0	67	0	0
TCGA-50-5045-01	5	0	0	326	39	0	0	0	0	0
TCGA-50-5049-01	7	0	0	788	209	0	0	0	0	0
TCGA-50-5051-01	8	0	0	88	30	0	0	0	13	0
TCGA-50-5055-01	8	0	0	0	14	0	0	0	0	0
TCGA-50-5066-01	4	0	0	203	138	0	0	0	0	0
TCGA-50-5068-01	16	0	0	44	58	0	0	0	0	0
TCGA-50-5072-01	10	0	0	125	44	24	0	0	0	0
TCGA-50-5930-01	29	0	0	1197	133	0	0	0	0	0
TCGA-50-5931-01	15	0	0	246	120	0	0	0	0	0
TCGA-50-5932-01	4	0	0	72	1	0	13	0	0	0
TCGA-50-5933-01	39	0	0	408	133	52	0	0	0	0
TCGA-50-5935-01	11	30	0	0	54	0	0	28	0	0
TCGA-50-5936-01	12	34	71	0	4	0	0	25	0	0
TCGA-50-5939-01	11	17	40	0	30	0	0	6	0	0
TCGA-50-5941-01	17	0	155	263	47	0	0	0	0	0
TCGA-50-5942-01	8	0	0	31	32	0	0	0	0	0
TCGA-50-5944-01	10	0	40	0	15	0	0	0	19	0
TCGA-50-5946-01	33	66	0	476	157	0	0	84	0	0
TCGA-50-6590-01	16	82	0	670	201	0	0	115	0	0
TCGA-50-6591-01	12	0	38	0	0	0	16	0	0	0
TCGA-50-6592-01	16	28	0	138	141	0	0	33	0	0
TCGA-50-6593-01	12	0	0	258	120	0	0	0	0	0
TCGA-50-6594-01	14	0	0	472	148	0	0	0	0	0
TCGA-50-6595-01	8	9	61	0	3	15	11	11	0	0
TCGA-50-6597-01	18	16	0	0	27	0	10	7	0	0
TCGA-50-6673-01	14	0	0	0	48	0	0	0	0	0
TCGA-50-7109-01	19	0	0	192	97	0	0	0	0	0
TCGA-50-8457-01	8	0	52	0	0	7	0	0	0	0
TCGA-50-8459-01	13	0	0	66	40	0	0	0	0	0
TCGA-50-8460-01	6	0	0	0	30	0	0	0	0	0
TCGA-53-7624-01	32	78	0	631	194	0	0	77	0	0
TCGA-53-7626-01	6	12	0	344	59	0	0	29	0	0
TCGA-53-7813-01	11	0	0	122	53	0	0	0	0	0
TCGA-53-A4EZ-01	24	0	0	502	148	0	0	0	0	0
TCGA-55-1592-01	13	0	0	304	374	0	0	0	0	0
TCGA-55-1594-01	20	35	128	0	12	0	0	36	0	0
TCGA-55-1595-01	19	0	0	289	99	0	0	0	0	0
TCGA-55-1596-01	1	0	0	105	62	19	0	0	21	26
TCGA-55-5899-01	21	62	0	328	88	0	0	50	0	0
TCGA-55-6543-01	11	0	0	0	14	0	0	0	0	0
TCGA-55-6642-01	9	0	0	116	30	0	0	0	0	0
TCGA-55-6712-01	17	42	68	0	16	0	0	53	0	0
TCGA-55-6968-01	21	194	0	133	79	0	0	228	0	0
TCGA-55-6969-01	7	0	157	279	71	0	0	0	0	0
TCGA-55-6970-01	6	0	0	130	73	0	0	0	0	0
TCGA-55-6971-01	5	0	0	47	56	0	0	0	0	0
TCGA-55-6972-01	12	75	0	118	51	40	0	46	0	0
TCGA-55-6975-01	13	7	0	39	36	0	0	5	0	0
TCGA-55-6978-01	9	0	26	0	0	0	0	0	0	0
TCGA-55-6979-01	6	0	0	89	0	25	0	52	0	0
TCGA-55-6980-01	4	0	0	0	7	0	5	0	0	0
TCGA-55-6981-01	16	0	0	0	47	0	0	0	0	0
TCGA-55-6982-01	15	100	0	0	56	0	0	116	0	0
TCGA-55-6983-01	4	0	0	71	29	0	12	0	18	0
TCGA-55-6984-01	2	0	0	0	25	0	0	0	0	0
TCGA-55-6985-01	15	0	0	431	138	0	0	0	0	0
TCGA-55-6986-01	4	0	0	0	15	0	6	0	0	0
TCGA-55-6987-01	11	33	0	96	64	0	0	50	0	0
TCGA-55-7227-01	18	0	0	121	65	0	0	0	0	0
TCGA-55-7281-01	15	0	0	378	115	49	0	0	0	0
TCGA-55-7283-01	44	26	0	118	46	0	25	32	0	0
TCGA-55-7284-01	26	0	0	0	22	0	9	0	0	0
TCGA-55-7570-01	11	29	0	215	141	0	0	71	0	0
TCGA-55-7573-01	1	6	0	23	33	0	0	0	0	0
TCGA-55-7574-01	6	33	0	90	57	48	0	88	0	0
TCGA-55-7576-01	37	0	0	296	166	0	0	0	0	0
TCGA-55-7724-01	24	16	0	74	146	0	0	17	0	0
TCGA-55-7725-01	8	0	0	101	45	0	0	0	0	0
TCGA-55-7726-01	23	31	0	0	33	0	0	54	0	0
TCGA-55-7727-01	19	35	0	130	42	49	0	42	0	0
TCGA-55-7728-01	16	0	0	87	18	0	0	0	0	0
TCGA-55-7815-01	19	0	0	111	52	0	0	0	0	0
TCGA-55-7816-01	2	0	0	0	0	0	0	0	0	0
TCGA-55-7903-01	24	15	0	84	55	0	0	10	0	0
TCGA-55-7907-01	48	102	0	1032	146	0	0	125	0	0
TCGA-55-7910-01	26	0	0	274	68	0	0	0	0	0
TCGA-55-7911-01	12	0	0	170	96	0	0	0	0	0
TCGA-55-7913-01	27	0	0	288	120	0	0	0	0	0
TCGA-55-7914-01	14	0	0	112	65	0	0	0	23	0
TCGA-55-7994-01	56	0	0	1414	420	0	0	0	0	0
TCGA-55-7995-01	19	57	0	496	206	0	0	44	0	0
TCGA-55-8085-01	26	59	0	123	65	0	0	55	0	0
TCGA-55-8087-01	7	0	0	0	12	10	0	0	8	0
TCGA-55-8089-01	48	208	0	871	211	0	0	208	0	0
TCGA-55-8090-01	9	0	0	55	49	0	0	0	0	0
TCGA-55-8091-01	13	0	0	0	13	0	0	0	9	0
TCGA-55-8092-01	52	73	0	400	99	61	0	40	0	0
TCGA-55-8094-01	21	0	0	412	124	0	0	0	0	0
TCGA-55-8096-01	19	0	0	110	37	13	0	0	0	0
TCGA-55-8097-01	28	0	0	59	52	0	0	0	0	0
TCGA-55-8203-01	38	0	0	418	74	0	0	0	0	0
TCGA-55-8204-01	16	20	0	79	75	37	0	43	0	0
TCGA-55-8205-01	19	74	0	294	143	0	0	118	0	0
TCGA-55-8206-01	9	5	0	0	24	0	0	0	0	0
TCGA-55-8207-01	16	0	0	263	82	0	0	0	26	0
TCGA-55-8208-01	11	87	0	90	158	0	0	98	0	0
TCGA-55-8299-01	5	0	0	175	93	0	0	0	0	0
TCGA-55-8301-01	15	0	0	212	135	0	0	0	0	0
TCGA-55-8302-01	24	0	0	645	176	0	0	0	0	0
TCGA-55-8505-01	10	6	17	0	9	0	0	6	0	0
TCGA-55-8506-01	330	0	0	1199	358	0	0	0	220	0
TCGA-55-8507-01	36	0	0	936	241	0	0	0	0	0
TCGA-55-8508-01	20	12	0	140	55	0	0	0	0	0
TCGA-55-8510-01	10	0	0	302	80	0	0	0	0	0
TCGA-55-8511-01	31	53	0	483	122	0	0	24	0	0
TCGA-55-8512-01	2	0	0	22	27	0	0	0	0	0
TCGA-55-8513-01	6	0	0	0	0	2	0	0	0	0
TCGA-55-8514-01	28	0	0	258	31	0	34	0	0	0
TCGA-55-8614-01	35	0	0	81	182	0	0	0	0	0
TCGA-55-8615-01	12	0	0	76	74	0	0	0	0	0
TCGA-55-8616-01	22	0	0	499	51	0	0	0	31	0
TCGA-55-8619-01	18	0	0	0	9	0	0	0	0	0
TCGA-55-8620-01	38	0	0	402	175	0	0	0	0	0
TCGA-55-8621-01	0	0	0	44	33	0	0	0	12	0
TCGA-55-A48X-01	12	0	0	410	0	0	61	0	0	0
TCGA-55-A48Y-01	35	178	0	0	66	0	0	165	0	0
TCGA-55-A48Z-01	3	0	0	16	19	0	9	0	21	0
TCGA-55-A490-01	39	0	0	1352	252	0	0	0	0	0
TCGA-55-A491-01	15	0	0	315	136	0	0	0	0	0
TCGA-55-A492-01	21	0	0	223	111	0	0	0	0	0
TCGA-55-A493-01	21	51	0	174	62	0	0	32	0	0
TCGA-55-A494-01	39	0	0	194	62	0	0	0	0	0
TCGA-55-A4DF-01	49	234	0	0	226	128	0	346	0	0
TCGA-55-A4DG-01	28	0	0	679	137	0	0	0	0	0
TCGA-55-A57B-01	13	6	0	0	30	0	0	0	0	0
TCGA-62-8394-01	19	16	106	0	6	0	0	26	0	0
TCGA-62-8395-01	10	0	0	0	38	12	0	10	16	0
TCGA-62-8397-01	8	0	0	0	24	0	0	0	0	0
TCGA-62-8398-01	13	7	0	52	31	0	0	0	0	0
TCGA-62-8399-01	43	94	0	274	114	0	0	136	0	0
TCGA-62-8402-01	20	0	42	0	0	11	0	0	0	0
TCGA-62-A46O-01	43	76	0	712	187	0	0	74	0	0
TCGA-62-A46P-01	16	0	0	278	35	0	0	0	24	0
TCGA-62-A46R-01	26	22	0	96	65	0	0	0	0	0
TCGA-62-A46S-01	23	0	0	84	31	21	0	0	0	0
TCGA-62-A46U-01	8	0	30	0	2	0	0	0	12	0
TCGA-62-A46V-01	19	0	0	0	52	0	0	0	0	0
TCGA-62-A46Y-01	14	0	21	0	4	0	0	0	0	0
TCGA-62-A470-01	26	0	0	59	62	0	0	0	0	0
TCGA-62-A471-01	11	35	0	0	72	0	0	30	0	0
TCGA-62-A472-01	10	0	50	0	0	12	0	0	0	0
TCGA-64-1676-01	32	0	0	592	116	0	0	0	0	0
TCGA-64-1679-01	19	0	0	471	124	0	0	0	0	0
TCGA-64-1680-01	18	12	0	0	31	0	0	15	0	0
TCGA-64-1681-01	9	13	58	0	11	0	0	15	0	0
TCGA-64-5774-01	9	0	0	122	27	0	0	0	18	0
TCGA-64-5775-01	28	0	0	470	91	0	0	0	0	0
TCGA-64-5778-01	22	0	0	423	134	0	0	0	0	0
TCGA-64-5779-01	7	0	0	345	39	0	0	0	46	0
TCGA-64-5781-01	41	95	0	989	223	0	0	57	0	0
TCGA-64-5815-01	18	0	0	148	47	0	0	0	0	0
TCGA-67-3770-01	14	0	0	180	79	0	0	0	0	0
TCGA-67-3771-01	45	148	0	588	253	0	96	190	0	0
TCGA-67-3773-01	11	0	0	79	23	12	0	0	0	0
TCGA-67-3774-01	3	0	0	70	77	0	0	0	0	0
TCGA-67-4679-01	14	0	0	249	89	0	0	0	0	0
TCGA-67-6215-01	1	0	0	0	136	0	0	0	0	0
TCGA-67-6216-01	3	0	0	0	12	13	0	10	7	0
TCGA-67-6217-01	9	0	0	148	44	15	0	0	18	0
TCGA-69-7760-01	10	0	0	0	62	0	0	0	16	0
TCGA-69-7761-01	5	0	27	0	4	0	0	0	0	0
TCGA-69-7763-01	10	0	0	36	25	0	0	0	29	0
TCGA-69-7764-01	4	0	0	40	56	0	0	0	16	0
TCGA-69-7765-01	10	40	0	533	138	0	0	26	0	0
TCGA-69-7973-01	20	0	0	250	39	0	0	0	0	0
TCGA-69-7974-01	29	0	0	444	167	0	0	0	0	0
TCGA-69-7978-01	33	77	0	411	125	0	0	120	0	0
TCGA-69-7979-01	58	0	0	1544	198	0	0	0	0	0
TCGA-69-7980-01	29	65	0	557	200	0	0	120	0	0
TCGA-69-8253-01	13	18	0	121	45	0	0	12	0	0
TCGA-69-8254-01	19	0	60	0	18	0	0	0	0	0
TCGA-69-8255-01	23	27	0	161	137	0	0	17	0	0
TCGA-69-A59K-01	45	29	0	507	38	0	0	18	0	0
TCGA-71-6725-01	21	0	0	0	21	12	0	0	19	0
TCGA-71-8520-01	14	8	0	0	45	0	0	13	25	0
TCGA-73-4658-01	27	89	0	180	90	0	0	62	0	0
TCGA-73-4659-01	15	0	0	174	73	0	0	0	0	0
TCGA-73-4662-01	14	0	0	173	81	0	0	0	0	0
TCGA-73-4666-01	21	0	0	329	121	0	0	0	0	0
TCGA-73-4668-01	20	0	0	473	136	0	0	0	0	0
TCGA-73-4670-01	16	0	0	256	169	0	0	0	0	0
TCGA-73-4675-01	10	0	0	0	74	0	0	0	0	0
TCGA-73-4676-01	13	0	0	36	39	7	0	0	0	17
TCGA-73-4677-01	16	0	0	209	79	0	0	0	0	0
TCGA-73-7498-01	8	0	0	81	39	0	0	0	11	0
TCGA-73-7499-01	15	5	0	0	48	0	0	15	0	0
TCGA-73-A9RS-01	22	0	0	982	168	0	0	0	0	0
TCGA-75-5122-01	22	0	0	65	37	26	0	17	0	0
TCGA-75-5125-01	17	17	0	73	79	0	0	24	0	0
TCGA-75-5126-01	23	88	0	443	130	0	0	97	0	0
TCGA-75-5146-01	5	0	0	179	55	0	0	0	0	0
TCGA-75-5147-01	12	5	0	0	23	0	0	7	0	0
TCGA-75-6203-01	9	0	0	0	10	0	0	0	0	0
TCGA-75-6205-01	7	7	46	0	0	0	0	0	0	0
TCGA-75-6206-01	3	0	96	0	10	0	0	0	0	0
TCGA-75-6207-01	6	0	0	0	39	13	0	11	15	0
TCGA-75-6211-01	18	0	0	299	125	0	0	0	0	0
TCGA-75-6212-01	5	0	0	0	11	5	0	0	0	0
TCGA-75-6214-01	33	90	0	497	180	0	0	99	0	0
TCGA-75-7025-01	7	6	0	0	13	0	0	0	12	0
TCGA-75-7027-01	13	0	0	212	78	0	0	0	0	0
TCGA-75-7030-01	7	0	0	0	11	0	0	0	0	0
TCGA-75-7031-01	22	0	0	115	101	0	0	21	0	0
TCGA-78-7145-01	15	0	0	157	65	0	0	0	0	0
TCGA-78-7146-01	32	57	0	229	86	0	0	60	0	0
TCGA-78-7147-01	29	30	0	203	144	0	0	21	0	0
TCGA-78-7148-01	15	0	0	154	105	0	0	0	0	0
TCGA-78-7149-01	12	34	0	41	42	24	0	47	0	0
TCGA-78-7150-01	26	75	0	153	177	0	0	78	0	0
TCGA-78-7152-01	12	38	0	80	45	0	28	52	0	0
TCGA-78-7153-01	23	6	0	37	65	10	0	15	0	0
TCGA-78-7154-01	40	59	0	0	165	0	0	64	0	0
TCGA-78-7155-01	40	0	0	1356	442	0	0	0	0	0
TCGA-78-7156-01	23	63	0	168	35	56	0	72	0	0
TCGA-78-7158-01	16	28	0	160	64	0	0	16	0	0
TCGA-78-7159-01	23	0	0	277	80	0	0	0	0	0
TCGA-78-7160-01	7	0	50	0	0	0	0	0	0	0
TCGA-78-7161-01	18	0	0	145	73	0	0	0	0	0
TCGA-78-7162-01	6	9	0	31	47	0	0	8	0	0
TCGA-78-7163-01	8	0	0	0	19	0	0	0	0	0
TCGA-78-7166-01	8	0	0	215	52	0	0	0	0	0
TCGA-78-7167-01	18	19	0	61	35	0	0	21	0	0
TCGA-78-7220-01	25	66	0	675	149	0	79	52	0	0
TCGA-78-7535-01	10	0	0	112	98	0	0	0	0	0
TCGA-78-7536-01	29	0	0	524	185	0	0	0	0	0
TCGA-78-7537-01	7	14	0	96	52	0	0	0	0	0
TCGA-78-7539-01	36	108	0	130	139	0	0	192	0	0
TCGA-78-7540-01	17	0	0	0	19	0	0	0	0	0
TCGA-78-7542-01	24	31	0	364	58	0	0	0	0	0
TCGA-78-7633-01	8	0	0	86	41	0	0	0	0	0
TCGA-78-8640-01	44	63	0	496	239	0	0	72	0	0
TCGA-78-8648-01	0	0	0	10	0	0	0	0	6	0
TCGA-78-8655-01	16	0	0	73	27	0	16	0	0	0
TCGA-78-8660-01	13	24	0	134	113	0	0	20	0	0
TCGA-78-8662-01	38	0	0	1007	395	0	0	0	0	0
TCGA-80-5607-01	6	61	0	0	35	0	0	56	0	0
TCGA-80-5608-01	18	0	0	136	45	0	0	0	0	0
TCGA-80-5611-01	9	0	0	85	153	0	0	0	0	0
TCGA-83-5908-01	15	35	0	134	50	0	0	61	0	0
TCGA-86-6562-01	12	8	30	0	10	0	0	14	0	0
TCGA-86-6851-01	16	32	0	762	188	0	0	96	0	0
TCGA-86-7701-01	17	0	0	151	80	0	0	0	0	0
TCGA-86-7711-01	18	25	0	119	81	0	0	29	0	0
TCGA-86-7713-01	13	0	0	138	0	0	35	0	0	0
TCGA-86-7714-01	7	0	0	36	48	0	0	0	0	0
TCGA-86-7953-01	7	5	53	0	0	0	0	0	0	0
TCGA-86-7954-01	27	22	0	124	91	0	0	26	0	0
TCGA-86-7955-01	16	0	0	196	165	0	0	0	0	0
TCGA-86-8054-01	15	0	0	177	83	0	0	0	0	0
TCGA-86-8055-01	16	0	35	0	12	0	0	0	0	0
TCGA-86-8056-01	23	91	0	79	72	0	0	75	0	0
TCGA-86-8073-01	38	0	0	1501	306	0	0	0	0	0
TCGA-86-8074-01	9	0	49	0	21	0	0	0	0	0
TCGA-86-8075-01	18	0	0	0	44	0	0	0	0	0
TCGA-86-8076-01	17	9	0	23	20	0	0	15	0	0
TCGA-86-8278-01	15	50	0	0	31	0	0	48	0	0
TCGA-86-8279-01	21	0	0	484	131	0	0	0	0	0
TCGA-86-8280-01	3	0	0	0	26	0	15	0	11	0
TCGA-86-8281-01	9	0	0	231	0	28	0	28	41	0
TCGA-86-8358-01	59	0	0	1017	300	0	0	0	0	0
TCGA-86-8359-01	13	0	0	139	48	0	0	0	0	0
TCGA-86-8585-01	20	40	0	421	151	0	0	78	0	0
TCGA-86-8668-01	17	0	0	0	28	0	0	0	0	0
TCGA-86-8669-01	20	0	0	73	77	0	0	0	0	0
TCGA-86-8671-01	10	4	0	0	17	0	8	8	0	0
TCGA-86-8672-01	24	28	0	228	77	0	0	19	0	0
TCGA-86-8673-01	15	26	0	383	160	0	0	21	0	0
TCGA-86-8674-01	14	34	0	334	0	0	0	0	0	0
TCGA-86-A456-01	10	22	0	323	97	0	0	0	0	0
TCGA-86-A4JF-01	151	0	0	0	1080	0	0	0	415	0
TCGA-86-A4P7-01	11	11	33	0	14	0	0	15	0	0
TCGA-86-A4P8-01	0	0	0	0	1	0	1	0	0	0
TCGA-91-6828-01	16	0	0	229	91	0	0	0	0	0
TCGA-91-6829-01	17	0	0	491	297	0	0	0	0	0
TCGA-91-6830-01	9	105	0	0	74	0	0	127	0	0
TCGA-91-6831-01	12	0	0	181	147	0	0	0	0	0
TCGA-91-6835-01	10	8	0	35	49	0	0	11	0	0
TCGA-91-6836-01	23	0	0	414	142	0	0	0	0	0
TCGA-91-6840-01	16	31	0	0	49	0	0	46	0	0
TCGA-91-6847-01	25	0	44	0	36	0	0	0	0	0
TCGA-91-6848-01	16	37	0	395	230	0	0	63	0	0
TCGA-91-6849-01	6	0	0	88	47	0	0	0	0	0
TCGA-91-7771-01	8	0	0	113	101	29	0	0	0	0
TCGA-91-8496-01	12	0	0	0	29	0	0	0	0	0
TCGA-91-8497-01	13	0	0	14	15	14	0	0	0	0
TCGA-91-8499-01	25	52	0	164	100	0	0	54	0	0
TCGA-91-A4BC-01	28	0	0	421	114	0	0	0	0	0
TCGA-91-A4BD-01	5	4	0	0	9	0	0	0	9	0
TCGA-93-7347-01	6	0	0	92	45	0	0	0	0	0
TCGA-93-7348-01	11	0	0	56	29	19	0	0	18	0
TCGA-93-8067-01	38	247	0	0	142	0	0	247	0	0
TCGA-93-A4JN-01	16	10	0	0	67	0	0	5	0	0
TCGA-93-A4JO-01	5	0	0	0	49	0	0	11	0	0
TCGA-93-A4JP-01	7	20	0	0	33	0	0	10	12	0
TCGA-93-A4JQ-01	6	19	0	0	80	0	0	40	0	0
TCGA-95-7039-01	41	0	0	1148	353	0	0	0	0	0
TCGA-95-7043-01	51	0	0	1060	208	0	0	0	0	0
TCGA-95-7562-01	25	0	0	395	41	0	0	0	0	0
TCGA-95-7567-01	31	0	0	388	254	0	0	0	316	154
TCGA-95-7944-01	16	85	0	0	31	48	0	127	0	0
TCGA-95-7947-01	21	115	0	216	215	0	0	98	0	0
TCGA-95-7948-01	16	70	0	0	23	0	0	74	0	0
TCGA-95-8039-01	5	13	73	0	0	0	0	6	21	0
TCGA-95-8494-01	12	41	0	0	22	0	0	30	28	0
TCGA-95-A4VK-01	27	0	0	226	65	0	0	0	0	0
TCGA-95-A4VN-01	15	0	0	449	127	0	0	0	0	0
TCGA-95-A4VP-01	10	0	0	100	51	0	0	0	0	0
TCGA-97-7546-01	16	0	0	255	81	0	0	0	0	0
TCGA-97-7547-01	16	23	0	113	36	0	0	38	0	0
TCGA-97-7552-01	10	0	0	0	26	0	0	0	11	0
TCGA-97-7553-01	13	0	0	22	16	0	0	0	0	0
TCGA-97-7554-01	26	0	0	395	94	0	44	0	0	0
TCGA-97-7937-01	34	0	0	420	110	0	0	0	0	0
TCGA-97-7938-01	21	16	0	345	89	0	0	34	0	0
TCGA-97-7941-01	13	10	0	64	26	0	0	8	0	0
TCGA-97-8171-01	23	0	0	0	44	0	0	0	0	0
TCGA-97-8172-01	34	0	0	211	86	0	0	0	0	0
TCGA-97-8174-01	25	0	0	113	41	13	0	21	0	0
TCGA-97-8175-01	5	0	0	0	29	7	0	0	0	0
TCGA-97-8176-01	18	27	0	66	61	0	0	25	0	0
TCGA-97-8177-01	1	6	0	0	26	0	0	0	14	0
TCGA-97-8179-01	5	0	0	152	51	0	0	0	0	0
TCGA-97-8547-01	9	12	0	0	24	0	0	7	18	0
TCGA-97-8552-01	0	0	0	0	17	0	0	0	12	0
TCGA-97-A4LX-01	1	0	0	147	71	0	0	0	0	0
TCGA-97-A4M0-01	11	35	0	314	103	0	0	37	0	0
TCGA-97-A4M1-01	16	6	29	0	0	0	0	4	0	0
TCGA-97-A4M2-01	4	0	0	0	13	8	0	7	0	0
TCGA-97-A4M3-01	14	15	0	181	26	0	0	14	0	0
TCGA-97-A4M5-01	12	75	0	0	43	0	0	60	0	0
TCGA-97-A4M6-01	0	5	0	0	26	0	0	0	11	0
TCGA-97-A4M7-01	15	0	0	312	57	0	0	0	0	0
TCGA-99-7458-01	14	0	0	409	109	0	45	0	0	0
TCGA-99-8025-01	22	67	0	259	126	0	0	83	42	0
TCGA-99-8028-01	9	0	0	449	84	0	0	0	0	0
TCGA-99-8032-01	30	0	0	359	103	0	0	0	0	0
TCGA-99-8033-01	15	0	0	124	84	0	0	0	0	0
TCGA-99-AA5R-01	0	0	0	55	18	0	0	0	0	0
TCGA-J2-8192-01	10	0	0	0	64	0	0	0	16	0
TCGA-J2-8194-01	24	0	0	86	80	0	0	0	0	0
TCGA-J2-A4AD-01	21	56	244	0	0	0	0	96	0	0
TCGA-J2-A4AE-01	12	5	0	0	36	0	0	9	0	0
TCGA-J2-A4AG-01	19	0	0	61	34	0	0	0	0	0
TCGA-L4-A4E5-01	16	0	0	325	78	0	0	0	0	0
TCGA-L4-A4E6-01	2	1	0	13	0	0	0	4	0	0
TCGA-L9-A443-01	9	0	0	210	88	0	0	0	0	0
TCGA-L9-A444-01	20	0	0	578	103	0	0	0	0	0
TCGA-L9-A50W-01	5	8	23	0	0	0	0	0	0	0
TCGA-L9-A5IP-01	9	0	0	260	83	0	0	0	0	0
TCGA-L9-A743-01	8	25	0	65	36	0	0	34	0	0
TCGA-L9-A7SV-01	47	0	0	1856	116	0	0	0	0	0
TCGA-L9-A8F4-01	19	0	0	681	271	0	0	0	0	0
TCGA-MN-A4N1-01	38	0	0	409	141	0	0	0	0	0
TCGA-MN-A4N4-01	51	187	0	1217	221	0	0	196	0	0
TCGA-MN-A4N5-01	16	29	0	399	118	0	0	0	0	0
TCGA-MP-A4SV-01	20	39	0	171	91	47	0	72	0	0
TCGA-MP-A4SW-01	19	7	41	0	0	0	0	4	14	0
TCGA-MP-A4SY-01	15	0	0	77	105	0	0	20	0	0
TCGA-MP-A4T2-01	8	8	0	0	60	17	0	18	0	0
TCGA-MP-A4T4-01	17	0	0	349	119	0	0	0	0	0
TCGA-MP-A4T6-01	19	0	0	0	41	19	0	14	0	0
TCGA-MP-A4T7-01	15	0	0	120	24	0	0	0	0	0
TCGA-MP-A4T8-01	11	0	0	77	61	0	0	0	0	0
TCGA-MP-A4T9-01	3	0	0	16	14	8	0	5	0	0
TCGA-MP-A4TA-01	24	0	0	266	164	0	0	0	0	0
TCGA-MP-A4TC-01	13	19	0	240	55	0	0	0	0	0
TCGA-MP-A4TD-01	12	0	0	51	38	0	0	0	0	0
TCGA-MP-A4TE-01	35	0	0	93	45	0	0	0	0	0
TCGA-MP-A4TF-01	15	0	0	383	148	0	0	0	0	0
TCGA-MP-A4TH-01	15	0	0	60	64	0	0	0	0	0
TCGA-MP-A4TI-01	17	103	0	95	39	0	0	59	0	0
TCGA-MP-A4TJ-01	16	0	0	49	50	0	0	0	0	0
TCGA-MP-A4TK-01	9	32	0	292	79	0	0	30	0	0
TCGA-MP-A5C7-01	12	0	0	32	52	0	0	0	0	0
TCGA-NJ-A4YF-01	19	0	0	651	111	0	0	0	0	0
TCGA-NJ-A4YG-01	23	22	0	75	59	0	0	19	0	0
TCGA-NJ-A4YI-01	24	0	0	417	118	0	0	0	0	0
TCGA-NJ-A4YP-01	16	229	0	171	106	0	0	169	0	0
TCGA-NJ-A4YQ-01	26	0	0	1111	254	0	0	0	0	0
TCGA-NJ-A55A-01	5	0	0	95	47	0	0	0	0	0
TCGA-NJ-A55O-01	9	0	0	141	15	0	0	0	0	0
TCGA-NJ-A55R-01	5	0	0	218	100	0	0	0	0	0
TCGA-NJ-A7XG-01	15	0	0	12	15	0	0	0	0	0
TCGA-O1-A52J-01	9	0	0	133	69	0	0	0	0	0
TCGA-S2-AA1A-01	5	0	0	111	28	0	0	0	0	0
TCGA-18-3406-01	18	26	146	0	40	0	0	47	0	0
TCGA-18-3407-01	10	0	40	0	28	0	0	0	14	0
TCGA-18-3408-01	9	0	0	0	89	0	0	0	0	0
TCGA-18-3409-01	130	0	0	0	0	1340	2797	0	0	0
TCGA-18-3410-01	13	21	131	0	28	0	0	54	0	0
TCGA-18-3411-01	30	0	0	140	228	0	0	0	0	0
TCGA-18-3412-01	15	12	111	0	0	0	0	9	0	0
TCGA-18-3414-01	30	34	0	125	154	0	0	39	0	0
TCGA-18-3415-01	19	28	0	64	65	0	24	35	0	0
TCGA-18-3416-01	34	16	107	159	40	0	0	32	0	0
TCGA-18-3417-01	25	0	0	166	161	0	0	0	0	0
TCGA-18-3421-01	18	0	305	0	19	43	0	0	0	0
TCGA-18-4083-01	22	0	155	188	108	0	0	0	0	0
TCGA-18-4721-01	18	0	0	80	127	0	0	0	0	0
TCGA-18-5592-01	25	0	0	206	133	0	0	0	0	0
TCGA-18-5595-01	27	124	0	0	113	0	0	55	0	0
TCGA-21-1070-01	8	0	0	487	192	0	0	0	0	0
TCGA-21-1071-01	16	17	0	73	101	0	0	10	0	0
TCGA-21-1076-01	11	0	0	245	151	0	0	0	0	0
TCGA-21-1077-01	21	32	0	115	102	0	0	25	0	0
TCGA-21-1078-01	12	27	0	0	28	0	0	30	0	0
TCGA-21-1081-01	45	0	0	77	139	0	0	0	0	0
TCGA-21-1082-01	33	53	0	234	85	0	0	88	0	0
TCGA-21-1083-01	23	36	0	547	231	0	0	79	0	0
TCGA-21-5782-01	18	56	0	204	126	0	0	81	0	0
TCGA-21-5783-01	58	22	0	179	175	43	0	52	0	0
TCGA-21-5784-01	2	0	0	130	128	0	0	0	0	0
TCGA-21-5786-01	24	0	0	315	145	0	0	0	0	0
TCGA-21-5787-01	19	0	0	360	129	0	0	0	0	0
TCGA-21-A5DI-01	13	0	0	0	115	20	0	24	0	0
TCGA-22-0940-01	14	21	0	104	128	0	0	0	0	0
TCGA-22-0944-01	9	0	0	63	73	19	0	0	0	0
TCGA-22-1000-01	9	10	0	29	41	0	19	14	0	0
TCGA-22-1002-01	8	0	0	166	123	0	0	0	0	0
TCGA-22-1005-01	10	0	0	199	137	0	0	0	0	0
TCGA-22-1011-01	12	30	0	0	33	0	0	58	0	0
TCGA-22-1012-01	30	0	0	169	99	23	0	27	0	0
TCGA-22-1016-01	8	0	0	294	147	0	0	0	0	0
TCGA-22-4591-01	36	0	0	80	153	0	0	0	0	0
TCGA-22-4593-01	15	22	0	80	73	0	0	10	31	0
TCGA-22-4594-01	31	0	0	298	110	0	0	0	0	0
TCGA-22-4595-01	21	0	0	182	103	46	0	50	0	0
TCGA-22-4596-01	1	0	0	72	48	17	0	0	36	0
TCGA-22-4599-01	10	0	0	212	227	0	0	0	0	0
TCGA-22-4601-01	13	17	0	81	107	0	0	16	0	0
TCGA-22-4604-01	33	0	0	96	177	0	0	0	0	0
TCGA-22-4605-01	8	0	0	40	65	0	0	0	0	0
TCGA-22-4607-01	4	13	34	0	19	0	0	14	0	0
TCGA-22-4609-01	5	0	0	118	128	0	0	0	0	0
TCGA-22-4613-01	18	0	0	448	316	0	0	0	0	0
TCGA-22-5471-01	19	0	0	123	112	20	24	0	0	0
TCGA-22-5472-01	10	0	0	496	0	0	0	0	0	0
TCGA-22-5473-01	56	144	0	381	270	0	0	158	0	0
TCGA-22-5474-01	11	19	0	0	53	0	0	26	0	0
TCGA-22-5477-01	11	54	0	0	68	0	0	70	19	0
TCGA-22-5478-01	23	0	0	102	99	0	0	0	0	0
TCGA-22-5479-01	50	91	0	142	261	0	0	99	0	0
TCGA-22-5480-01	8	0	0	83	111	0	0	0	0	0
TCGA-22-5481-01	23	0	114	137	96	0	0	0	0	0
TCGA-22-5482-01	8	0	0	93	109	0	0	0	0	0
TCGA-22-5483-01	17	17	123	107	36	0	0	0	0	0
TCGA-22-5485-01	0	0	0	123	102	0	0	0	30	0
TCGA-22-5489-01	19	0	0	162	126	0	0	0	0	0
TCGA-22-5491-01	31	94	0	108	104	0	0	82	0	0
TCGA-22-5492-01	13	0	0	134	143	0	0	0	0	0
TCGA-22-A5C4-01	42	0	0	223	172	0	0	0	0	0
TCGA-33-4532-01	15	39	0	194	175	0	0	37	37	0
TCGA-33-4533-01	14	0	0	187	117	56	0	0	0	0
TCGA-33-4538-01	19	0	0	52	155	0	0	0	0	0
TCGA-33-4547-01	26	57	0	0	71	0	0	95	0	0
TCGA-33-4566-01	33	0	0	1391	214	0	0	0	0	0
TCGA-33-4582-01	27	21	178	0	16	0	0	8	0	0
TCGA-33-4583-01	27	0	0	475	241	0	0	0	0	0
TCGA-33-4586-01	25	0	0	251	182	0	0	0	0	0
TCGA-33-4587-01	30	36	0	149	0	0	42	30	0	0
TCGA-33-4589-01	38	35	0	0	0	0	36	29	0	0
TCGA-33-6737-01	20	91	0	232	80	0	0	140	0	0
TCGA-33-6738-01	17	19	0	189	150	0	0	49	0	0
TCGA-33-A4WN-01	14	40	0	63	96	0	0	44	0	0
TCGA-33-A5GW-01	17	32	113	0	28	0	0	59	0	0
TCGA-33-AAS8-01	14	0	0	128	104	0	0	21	21	0
TCGA-33-AASB-01	8	22	0	342	85	0	0	0	0	0
TCGA-33-AASD-01	20	0	0	271	165	0	0	0	0	0
TCGA-33-AASI-01	28	41	0	272	104	0	0	55	0	0
TCGA-33-AASJ-01	17	42	0	0	84	0	27	58	0	0
TCGA-33-AASL-01	12	13	0	185	113	19	0	39	0	0
TCGA-34-2596-01	16	0	0	127	100	37	0	51	0	0
TCGA-34-2600-01	40	120	0	122	141	0	0	148	0	0
TCGA-34-2604-01	34	0	0	507	219	0	0	0	0	0
TCGA-34-2605-01	24	51	0	222	118	0	0	63	0	0
TCGA-34-2608-01	15	15	0	55	93	0	0	13	0	0
TCGA-34-2609-01	23	0	0	183	99	0	0	0	0	0
TCGA-34-5231-01	42	28	0	385	322	0	0	57	0	0
TCGA-34-5232-01	46	0	0	102	84	23	0	0	0	0
TCGA-34-5234-01	9	0	0	120	92	0	0	0	0	0
TCGA-34-5236-01	12	7	0	115	114	0	0	21	0	0
TCGA-34-5239-01	22	13	0	188	86	0	0	0	0	0
TCGA-34-5240-01	19	22	0	106	60	0	0	11	0	0
TCGA-34-5241-01	19	9	0	114	96	0	0	19	0	0
TCGA-34-5927-01	32	26	0	130	113	0	0	23	0	0
TCGA-34-5928-01	31	82	0	77	134	0	0	132	0	0
TCGA-34-5929-01	17	31	0	128	61	0	0	43	0	0
TCGA-34-7107-01	30	33	0	102	146	0	0	11	0	0
TCGA-34-8454-01	20	130	0	278	71	0	0	212	0	0
TCGA-34-8455-01	12	0	0	478	124	0	0	0	0	0
TCGA-34-8456-01	2	0	0	0	47	0	0	0	0	0
TCGA-34-A5IX-01	7	0	0	163	142	0	0	0	40	0
TCGA-37-3783-01	27	112	0	0	199	0	0	160	0	0
TCGA-37-3789-01	22	48	0	111	97	0	0	89	0	0
TCGA-37-3792-01	21	0	0	764	336	0	0	0	0	0
TCGA-37-4129-01	0	0	0	0	3	0	0	0	3	0
TCGA-37-4130-01	45	0	0	1084	290	0	0	0	0	0
TCGA-37-4132-01	12	0	0	224	149	0	0	0	0	0
TCGA-37-4133-01	35	0	0	113	171	0	0	0	44	0
TCGA-37-4135-01	25	0	0	192	173	0	0	0	0	0
TCGA-37-4141-01	26	0	115	204	60	0	0	0	0	0
TCGA-37-5819-01	53	0	0	641	232	0	0	0	0	0
TCGA-37-A5EL-01	32	0	0	281	218	0	0	0	0	0
TCGA-37-A5EM-01	19	0	0	211	202	0	0	0	0	0
TCGA-37-A5EN-01	12	0	0	109	156	0	0	0	22	0
TCGA-39-5011-01	16	0	0	628	149	0	0	0	0	0
TCGA-39-5016-01	51	0	0	240	135	0	55	0	0	0
TCGA-39-5019-01	21	0	0	92	113	0	0	0	0	0
TCGA-39-5021-01	5	0	0	90	102	0	0	0	0	0
TCGA-39-5022-01	12	59	0	0	80	0	0	102	0	0
TCGA-39-5024-01	10	34	67	0	100	0	0	54	0	0
TCGA-39-5028-01	19	47	0	0	84	0	0	72	0	0
TCGA-39-5029-01	8	8	0	0	117	14	0	19	16	0
TCGA-39-5030-01	37	23	0	0	59	0	0	40	118	0
TCGA-39-5031-01	31	262	0	0	226	0	0	298	0	0
TCGA-39-5034-01	33	0	0	571	175	0	0	0	0	0
TCGA-39-5035-01	26	32	0	0	104	0	0	38	0	0
TCGA-39-5036-01	27	0	0	132	169	0	0	0	0	0
TCGA-39-5037-01	24	0	0	126	149	0	0	0	0	0
TCGA-39-5039-01	9	0	0	87	73	0	21	0	19	0
TCGA-39-5040-01	30	0	0	405	156	0	0	0	0	0
TCGA-43-2576-01	8	0	0	460	187	0	0	0	0	0
TCGA-43-2578-01	5	0	0	279	147	0	0	0	0	0
TCGA-43-2581-01	26	0	0	979	135	0	0	0	0	0
TCGA-43-3394-01	11	0	0	82	81	0	0	0	0	0
TCGA-43-3920-01	13	36	87	97	54	0	0	47	0	0
TCGA-43-5668-01	39	0	0	593	192	0	0	0	0	0
TCGA-43-5670-01	12	33	0	0	78	0	0	47	0	0
TCGA-43-6143-01	18	0	0	186	197	0	0	0	0	0
TCGA-43-6647-01	8	0	0	95	97	0	0	0	0	0
TCGA-43-6770-01	10	13	90	63	67	0	0	14	14	0
TCGA-43-6771-01	14	0	0	180	61	0	0	0	0	0
TCGA-43-6773-01	6	0	0	0	50	12	0	8	0	0
TCGA-43-7656-01	20	0	129	192	88	0	0	0	0	0
TCGA-43-7657-01	18	0	0	67	79	0	0	0	0	0
TCGA-43-7658-01	11	0	0	115	89	30	0	0	17	0
TCGA-43-8115-01	3	0	0	88	137	0	0	0	30	0
TCGA-43-8116-01	29	24	0	215	143	0	0	48	0	0
TCGA-43-8118-01	29	67	0	467	146	0	0	85	0	0
TCGA-43-A474-01	47	0	0	274	154	0	0	0	0	0
TCGA-43-A475-01	23	0	0	162	76	21	0	23	0	0
TCGA-43-A56U-01	12	41	0	118	65	0	0	83	0	0
TCGA-43-A56V-01	9	0	0	167	100	0	0	0	0	0
TCGA-46-3765-01	17	42	0	106	107	0	0	20	0	0
TCGA-46-3767-01	2	0	0	93	72	0	0	0	0	0
TCGA-46-3768-01	5	0	0	143	204	0	0	0	0	0
TCGA-46-3769-01	39	127	0	625	177	0	0	178	0	0
TCGA-46-6025-01	14	24	0	0	164	0	0	31	0	0
TCGA-46-6026-01	31	30	0	93	68	0	22	20	0	0
TCGA-51-4079-01	22	42	0	272	144	0	0	30	0	0
TCGA-51-4080-01	19	0	0	209	124	0	0	0	0	0
TCGA-51-4081-01	12	0	0	117	119	0	0	0	0	0
TCGA-51-6867-01	27	39	0	381	273	0	0	62	0	0
TCGA-52-7622-01	9	0	0	155	174	0	0	0	0	0
TCGA-52-7809-01	40	36	172	0	26	0	0	34	0	0
TCGA-52-7810-01	26	98	0	137	127	0	0	147	0	0
TCGA-52-7811-01	8	0	0	82	97	0	0	0	0	0
TCGA-52-7812-01	18	0	0	234	79	40	0	0	0	0
TCGA-56-1622-01	8	0	0	160	96	0	0	0	23	0
TCGA-56-5897-01	6	17	0	0	72	0	0	31	0	0
TCGA-56-5898-01	7	0	0	84	91	0	0	0	0	0
TCGA-56-6545-01	18	37	0	168	101	0	0	42	0	0
TCGA-56-6546-01	15	0	0	239	162	0	0	0	0	0
TCGA-56-7221-01	17	34	0	148	123	0	0	44	0	0
TCGA-56-7222-01	24	0	0	235	230	0	0	0	0	0
TCGA-56-7223-01	23	17	0	125	195	0	0	13	0	0
TCGA-56-7579-01	11	17	0	112	141	0	0	36	0	0
TCGA-56-7580-01	13	0	0	69	89	0	0	0	0	0
TCGA-56-7582-01	22	0	0	64	118	0	0	0	0	0
TCGA-56-7730-01	38	0	0	257	167	0	0	0	0	0
TCGA-56-7731-01	10	0	0	229	204	0	0	0	0	0
TCGA-56-7822-01	27	61	0	132	139	0	0	108	0	0
TCGA-56-7823-01	15	0	0	201	138	0	0	0	0	0
TCGA-56-8082-01	41	0	0	129	57	29	0	0	0	25
TCGA-56-8083-01	17	0	0	118	64	0	0	0	0	0
TCGA-56-8201-01	11	0	0	90	98	0	0	0	0	0
TCGA-56-8304-01	10	0	0	158	136	0	0	0	0	0
TCGA-56-8305-01	14	0	0	280	196	0	0	0	0	0
TCGA-56-8307-01	26	0	0	341	158	0	0	0	0	0
TCGA-56-8308-01	28	0	0	223	184	0	0	0	0	0
TCGA-56-8309-01	6	0	0	67	88	0	0	0	0	0
TCGA-56-8503-01	7	35	0	0	93	0	0	74	0	0
TCGA-56-8504-01	17	0	86	134	54	0	0	0	0	0
TCGA-56-8622-01	23	22	0	132	104	0	0	11	0	0
TCGA-56-8624-01	15	15	0	60	42	0	0	26	0	0
TCGA-56-8625-01	48	99	0	200	152	0	0	107	0	0
TCGA-56-8626-01	25	0	0	131	166	0	0	0	0	0
TCGA-56-8628-01	9	0	0	323	184	0	0	0	0	0
TCGA-56-8629-01	23	0	167	88	0	0	0	0	0	0
TCGA-56-A49D-01	30	32	0	105	154	0	0	55	0	0
TCGA-56-A4BW-01	20	23	0	109	80	0	0	58	0	0
TCGA-56-A4BY-01	9	0	0	74	105	0	0	0	0	0
TCGA-56-A4ZJ-01	5	0	69	55	15	0	0	0	0	0
TCGA-56-A4ZK-01	17	9	0	101	139	0	0	30	0	0
TCGA-56-A5DS-01	20	17	0	90	73	33	0	30	0	0
TCGA-56-A62T-01	29	0	0	415	186	0	0	0	0	0
TCGA-58-8386-01	22	0	0	128	164	0	0	0	0	0
TCGA-58-8387-01	23	30	0	53	88	0	0	40	0	0
TCGA-58-8388-01	0	0	67	82	55	0	0	0	22	0
TCGA-58-8391-01	25	0	160	133	111	0	0	0	0	0
TCGA-58-8393-01	21	83	0	0	0	84	0	153	0	0
TCGA-58-A46J-01	10	0	0	103	104	0	0	0	0	0
TCGA-58-A46K-01	17	46	0	0	79	0	0	53	0	0
TCGA-58-A46L-01	22	16	0	147	76	0	0	19	0	0
TCGA-58-A46M-01	9	47	0	219	196	0	0	0	61	0
TCGA-58-A46N-01	19	0	0	114	131	0	0	0	0	0
TCGA-60-2695-01	22	0	101	93	56	0	0	0	0	0
TCGA-60-2697-01	1	0	0	13	0	0	0	0	0	0
TCGA-60-2698-01	48	311	0	270	288	0	0	478	0	0
TCGA-60-2703-01	17	25	0	170	124	0	0	30	0	0
TCGA-60-2704-01	29	17	0	70	114	0	0	22	0	0
TCGA-60-2707-01	8	18	0	47	47	0	0	21	0	0
TCGA-60-2708-01	18	16	171	0	0	0	0	23	30	0
TCGA-60-2709-01	7	0	0	95	109	0	0	0	0	0
TCGA-60-2710-01	24	0	0	85	145	0	0	0	0	0
TCGA-60-2711-01	15	0	72	49	21	0	0	0	0	0
TCGA-60-2712-01	12	12	0	40	39	0	0	9	0	0
TCGA-60-2713-01	17	0	272	0	0	35	0	0	0	0
TCGA-60-2714-01	67	42	0	762	169	0	0	60	0	0
TCGA-60-2715-01	27	0	0	0	133	0	0	0	0	0
TCGA-60-2716-01	13	0	0	0	9	0	0	0	0	0
TCGA-60-2719-01	34	0	0	98	148	0	0	0	0	0
TCGA-60-2720-01	4	46	0	223	153	0	0	98	0	0
TCGA-60-2721-01	16	52	0	0	120	0	0	82	0	0
TCGA-60-2722-01	13	26	0	129	188	0	0	36	0	0
TCGA-60-2723-01	16	0	129	148	61	0	0	0	0	0
TCGA-60-2724-01	11	0	0	283	151	0	0	0	0	0
TCGA-60-2725-01	5	0	0	84	83	0	0	17	0	0
TCGA-60-2726-01	25	29	0	173	177	0	0	24	0	0
TCGA-63-5128-01	13	0	0	175	187	0	0	0	0	0
TCGA-63-5131-01	21	27	0	135	172	0	0	39	0	0
TCGA-63-6202-01	20	0	0	284	112	0	0	0	0	0
TCGA-63-7020-01	10	0	0	118	99	0	0	0	0	0
TCGA-63-7021-01	7	0	0	121	180	0	0	0	0	0
TCGA-63-7022-01	14	0	0	89	136	0	0	0	0	0
TCGA-63-7023-01	8	0	0	81	94	0	0	0	0	0
TCGA-63-A5M9-01	15	13	87	0	0	0	0	0	20	0
TCGA-63-A5MB-01	35	0	218	131	0	31	0	0	0	0
TCGA-63-A5MG-01	18	0	0	58	64	0	0	0	0	0
TCGA-63-A5MH-01	15	41	0	56	110	0	0	61	0	0
TCGA-63-A5MI-01	23	16	0	0	170	0	0	58	0	0
TCGA-63-A5MJ-01	28	0	0	92	123	0	0	0	0	0
TCGA-63-A5ML-01	20	0	0	138	148	0	0	0	0	0
TCGA-63-A5MM-01	40	0	0	0	0	0	0	0	1370	0
TCGA-63-A5MN-01	3	6	28	0	0	0	0	0	11	0
TCGA-63-A5MP-01	32	0	0	81	121	0	0	0	0	0
TCGA-63-A5MR-01	16	45	0	58	76	0	0	30	0	0
TCGA-63-A5MS-01	19	43	0	171	166	0	0	89	0	0
TCGA-63-A5MT-01	23	36	0	78	105	0	0	56	0	0
TCGA-63-A5MU-01	23	31	0	68	118	0	0	33	0	0
TCGA-63-A5MV-01	8	13	0	68	64	0	0	0	0	0
TCGA-63-A5MW-01	43	33	0	233	237	0	0	40	0	0
TCGA-63-A5MY-01	19	0	0	106	92	0	0	0	0	0
TCGA-66-2727-01	11	0	0	118	122	0	0	0	0	0
TCGA-66-2734-01	9	0	0	154	86	0	0	0	0	0
TCGA-66-2742-01	27	0	0	129	124	0	0	0	0	0
TCGA-66-2744-01	14	9	69	101	35	0	0	22	0	0
TCGA-66-2754-01	27	22	264	0	20	0	0	13	0	0
TCGA-66-2755-01	9	0	0	168	112	0	0	0	0	0
TCGA-66-2756-01	19	0	0	428	186	0	0	0	0	0
TCGA-66-2757-01	6	0	0	185	127	0	0	0	0	0
TCGA-66-2758-01	20	29	313	0	0	0	0	64	0	0
TCGA-66-2759-01	57	34	0	195	145	0	42	74	0	0
TCGA-66-2763-01	24	0	0	278	192	0	0	0	0	0
TCGA-66-2765-01	4	0	0	30	65	0	0	0	13	0
TCGA-66-2766-01	26	76	0	204	149	0	0	52	0	0
TCGA-66-2767-01	38	18	0	202	141	0	0	15	0	0
TCGA-66-2769-01	31	9	377	0	0	0	0	34	0	0
TCGA-66-2770-01	13	0	0	146	132	0	0	0	27	0
TCGA-66-2771-01	14	41	0	107	118	0	0	47	0	0
TCGA-66-2773-01	52	231	0	0	234	0	0	241	0	0
TCGA-66-2777-01	22	17	173	0	0	0	0	0	0	0
TCGA-66-2778-01	18	38	0	0	87	0	0	42	0	0
TCGA-66-2780-01	14	0	155	0	10	0	0	0	0	0
TCGA-66-2781-01	7	15	0	70	64	0	0	11	0	0
TCGA-66-2782-01	17	27	0	241	98	0	39	44	0	0
TCGA-66-2783-01	10	17	0	133	74	0	33	20	21	0
TCGA-66-2785-01	41	259	0	0	425	0	0	742	0	0
TCGA-66-2786-01	23	29	136	0	55	0	0	40	0	0
TCGA-66-2787-01	18	0	155	317	82	0	0	0	0	0
TCGA-66-2788-01	12	17	0	121	76	0	0	30	0	0
TCGA-66-2789-01	20	0	147	143	126	0	0	0	0	0
TCGA-66-2791-01	24	31	0	101	183	0	0	43	0	0
TCGA-66-2792-01	28	0	0	52	97	0	0	0	0	0
TCGA-66-2793-01	6	0	151	116	84	0	0	0	27	0
TCGA-66-2794-01	11	24	0	0	94	0	0	43	31	0
TCGA-66-2795-01	29	0	0	185	149	0	0	0	0	0
TCGA-66-2800-01	26	0	0	125	80	0	27	0	0	0
TCGA-68-7755-01	16	0	0	153	137	0	0	0	32	0
TCGA-68-7756-01	17	0	0	69	32	0	0	0	0	0
TCGA-68-7757-01	21	0	0	267	90	0	0	0	0	0
TCGA-68-8250-01	15	0	111	135	115	0	0	0	0	0
TCGA-68-8251-01	110	37	0	0	90	47	0	107	0	0
TCGA-68-A59J-01	20	45	0	218	120	0	0	65	0	0
TCGA-6A-AB49-01	15	0	0	330	147	0	0	0	0	0
TCGA-70-6722-01	15	0	0	281	33	34	0	0	0	0
TCGA-70-6723-01	17	0	0	43	80	0	0	0	0	0
TCGA-77-6842-01	18	13	0	212	185	0	0	32	0	0
TCGA-77-6843-01	19	6	0	50	124	0	0	25	0	0
TCGA-77-6844-01	18	9	0	90	82	0	27	20	0	0
TCGA-77-6845-01	9	0	0	120	163	0	0	0	0	0
TCGA-77-7139-01	14	18	0	87	117	0	0	0	0	0
TCGA-77-7140-01	12	16	181	0	0	0	0	20	0	0
TCGA-77-7141-01	41	102	434	0	39	0	0	256	0	0
TCGA-77-7142-01	27	0	0	147	59	36	0	20	42	0
TCGA-77-7335-01	25	28	0	75	113	0	0	51	0	0
TCGA-77-7337-01	24	0	158	127	78	38	0	0	0	0
TCGA-77-7338-01	4	13	0	0	90	0	0	37	27	0
TCGA-77-7463-01	20	0	0	303	143	22	0	0	0	0
TCGA-77-7465-01	29	0	0	239	214	0	0	0	0	0
TCGA-77-8007-01	16	0	0	49	54	0	0	0	0	0
TCGA-77-8008-01	12	0	0	115	93	0	0	0	0	0
TCGA-77-8009-01	20	26	0	57	109	0	0	0	0	0
TCGA-77-8128-01	29	0	0	196	153	0	0	0	0	0
TCGA-77-8130-01	6	0	0	75	114	0	0	0	31	0
TCGA-77-8131-01	7	0	55	0	13	0	0	12	0	0
TCGA-77-8133-01	22	0	0	257	192	0	0	0	0	0
TCGA-77-8136-01	23	100	244	0	0	0	0	196	0	0
TCGA-77-8138-01	7	0	0	46	73	0	0	0	0	0
TCGA-77-8139-01	13	0	0	91	119	0	0	20	20	0
TCGA-77-8140-01	15	40	142	162	62	0	0	36	0	0
TCGA-77-8143-01	17	0	0	70	96	0	0	0	0	0
TCGA-77-8144-01	19	0	0	245	218	0	0	0	0	0
TCGA-77-8145-01	13	0	0	0	118	0	0	19	0	0
TCGA-77-8146-01	13	0	56	72	44	0	19	0	0	0
TCGA-77-8148-01	41	0	0	116	172	0	0	0	0	0
TCGA-77-8150-01	20	0	0	72	57	0	0	0	0	0
TCGA-77-8153-01	17	0	0	92	113	0	0	0	0	0
TCGA-77-8154-01	21	18	0	109	108	0	0	0	0	0
TCGA-77-8156-01	20	0	0	131	120	0	0	0	0	0
TCGA-77-A5FZ-01	0	0	0	1	0	0	0	0	0	0
TCGA-77-A5G1-01	8	10	58	79	46	0	0	0	0	0
TCGA-77-A5G3-01	44	41	0	408	151	0	65	67	0	0
TCGA-77-A5G6-01	34	0	0	405	175	0	0	0	0	0
TCGA-77-A5G7-01	7	9	0	35	77	0	0	0	0	0
TCGA-77-A5G8-01	12	0	0	110	105	0	28	0	23	0
TCGA-77-A5GA-01	27	0	0	68	99	0	0	0	0	0
TCGA-77-A5GB-01	17	39	0	0	65	0	0	50	0	0
TCGA-77-A5GF-01	12	0	0	57	44	18	0	15	0	0
TCGA-77-A5GH-01	26	36	0	114	126	0	0	41	0	0
TCGA-79-5596-01	13	0	0	113	125	0	0	0	0	0
TCGA-85-6175-01	21	0	0	0	23	10	0	0	0	0
TCGA-85-6560-01	37	0	0	191	258	0	0	32	0	0
TCGA-85-6561-01	9	26	0	117	121	0	0	32	0	0
TCGA-85-6798-01	21	0	0	106	184	0	0	30	0	0
TCGA-85-7696-01	27	0	0	81	118	37	0	0	0	0
TCGA-85-7697-01	12	0	0	145	147	38	0	0	0	0
TCGA-85-7698-01	11	11	0	0	126	0	0	19	0	0
TCGA-85-7699-01	27	0	161	0	55	0	0	0	0	0
TCGA-85-7710-01	14	32	0	58	111	0	0	29	0	0
TCGA-85-7843-01	14	16	0	91	131	0	0	41	0	0
TCGA-85-7844-01	17	0	0	87	112	0	0	0	0	0
TCGA-85-7950-01	15	27	0	167	90	0	0	29	0	0
TCGA-85-8048-01	17	0	0	59	61	15	0	0	0	0
TCGA-85-8049-01	23	17	83	105	39	0	0	0	0	0
TCGA-85-8052-01	9	0	0	39	94	0	0	0	14	0
TCGA-85-8070-01	16	0	0	123	138	0	0	0	0	0
TCGA-85-8071-01	21	0	0	252	209	0	0	0	0	0
TCGA-85-8072-01	30	0	141	0	56	0	0	0	0	0
TCGA-85-8276-01	11	0	0	113	203	0	0	24	0	0
TCGA-85-8277-01	24	37	90	81	59	0	0	10	0	0
TCGA-85-8287-01	16	16	0	127	137	0	0	21	0	0
TCGA-85-8288-01	43	0	0	113	149	0	0	0	0	0
TCGA-85-8350-01	16	0	0	242	99	43	0	0	0	0
TCGA-85-8351-01	6	0	0	50	106	0	0	0	25	0
TCGA-85-8352-01	13	11	0	150	121	0	0	32	0	0
TCGA-85-8353-01	9	0	0	84	129	0	0	0	0	0
TCGA-85-8354-01	25	31	0	63	112	0	0	40	0	0
TCGA-85-8355-01	12	0	0	107	163	0	0	0	0	0
TCGA-85-8479-01	24	0	0	0	124	0	0	0	0	0
TCGA-85-8481-01	15	0	0	217	156	0	0	0	0	0
TCGA-85-8580-01	19	0	0	158	165	0	0	0	0	0
TCGA-85-8582-01	18	0	0	287	89	0	0	0	0	0
TCGA-85-8584-01	13	0	0	216	101	0	0	0	0	0
TCGA-85-8664-01	24	0	0	135	122	0	0	0	0	0
TCGA-85-8666-01	8	0	0	131	157	0	0	0	0	0
TCGA-85-A4CL-01	44	397	0	0	222	0	0	371	0	0
TCGA-85-A4CN-01	18	0	0	100	121	0	0	0	0	0
TCGA-85-A4JB-01	11	0	0	330	245	0	0	0	0	0
TCGA-85-A4JC-01	17	40	0	109	103	0	0	56	0	0
TCGA-85-A4PA-01	6	0	0	0	0	0	0	0	7	0
TCGA-85-A4QQ-01	17	83	0	0	160	0	0	136	0	0
TCGA-85-A4QR-01	14	16	0	0	183	0	0	31	35	0
TCGA-85-A50M-01	16	11	0	48	25	0	0	4	0	0
TCGA-85-A50Z-01	5	15	0	320	190	0	0	41	0	0
TCGA-85-A510-01	9	0	0	127	37	0	0	0	12	0
TCGA-85-A511-01	14	17	0	155	65	0	0	13	0	0
TCGA-85-A512-01	5	15	0	59	101	0	0	20	0	0
TCGA-85-A513-01	3	0	0	0	10	0	8	0	7	0
TCGA-85-A53L-01	20	0	101	95	28	0	0	0	0	0
TCGA-85-A5B5-01	24	0	0	272	170	0	0	0	0	0
TCGA-90-7766-01	10	15	0	42	61	0	0	7	0	0
TCGA-90-7767-01	12	14	0	53	59	0	0	0	0	0
TCGA-90-7769-01	30	0	0	363	236	0	0	0	0	0
TCGA-90-7964-01	22	64	0	267	181	0	0	61	0	0
TCGA-90-A4ED-01	82	0	0	0	0	719	1939	0	0	0
TCGA-90-A4EE-01	19	53	0	135	127	47	0	72	0	0
TCGA-90-A59Q-01	20	0	0	278	56	0	0	0	0	0
TCGA-92-7340-01	48	45	0	190	174	0	0	100	0	0
TCGA-92-7341-01	18	0	0	53	108	0	0	0	36	0
TCGA-92-8063-01	13	0	0	235	192	0	0	0	0	0
TCGA-92-8064-01	20	0	0	118	135	0	0	0	0	0
TCGA-92-8065-01	23	100	0	0	40	53	0	140	0	0
TCGA-94-7033-01	18	0	81	0	0	17	0	40	0	0
TCGA-94-7557-01	11	9	0	0	63	27	0	29	0	0
TCGA-94-7943-01	18	37	0	50	48	48	0	52	0	0
TCGA-94-8035-01	6	23	0	99	87	0	0	17	19	0
TCGA-94-8490-01	79	0	0	0	778	0	0	0	277	0
TCGA-94-8491-01	30	39	286	173	80	0	0	71	0	0
TCGA-94-A4VJ-01	30	0	0	305	177	0	0	0	0	0
TCGA-94-A5I4-01	21	0	0	142	150	0	0	0	0	0
TCGA-94-A5I6-01	17	0	0	98	99	0	0	0	0	0
TCGA-96-7544-01	24	18	0	208	189	0	0	59	0	0
TCGA-96-7545-01	9	0	0	37	103	0	0	0	0	0
TCGA-96-8169-01	21	0	0	74	119	0	0	0	0	0
TCGA-96-8170-01	9	34	0	136	105	0	0	47	0	0
TCGA-96-A4JK-01	40	48	236	226	50	0	0	34	0	0
TCGA-96-A4JL-01	36	0	0	0	23	13	0	0	0	0
TCGA-98-7454-01	13	21	0	136	71	0	0	20	0	0
TCGA-98-8020-01	24	21	0	0	45	0	0	28	0	0
TCGA-98-8021-01	41	429	0	0	368	0	0	452	0	0
TCGA-98-8022-01	29	8	0	84	138	0	0	48	0	0
TCGA-98-8023-01	8	0	0	106	137	0	0	0	0	0
TCGA-98-A538-01	29	55	0	488	209	0	0	61	0	0
TCGA-98-A539-01	7	8	0	100	67	24	0	22	0	0
TCGA-98-A53A-01	15	0	111	190	75	0	0	0	0	0
TCGA-98-A53B-01	12	12	0	41	109	0	0	16	0	0
TCGA-98-A53C-01	0	0	0	0	4	0	0	0	0	0
TCGA-98-A53H-01	1	0	0	32	4	0	0	0	0	0
TCGA-98-A53I-01	29	26	0	208	201	0	0	25	0	0
TCGA-98-A53J-01	15	30	0	39	60	0	0	0	0	0
TCGA-J1-A4AH-01	21	32	0	57	96	0	0	28	0	0
TCGA-L3-A4E7-01	3	0	0	59	48	0	0	0	16	0
TCGA-L3-A524-01	20	0	0	250	164	0	0	0	0	0
TCGA-LA-A446-01	24	30	0	222	122	0	0	21	0	0
TCGA-LA-A7SW-01	21	11	38	0	30	0	0	23	0	0
TCGA-MF-A522-01	37	240	0	0	287	0	0	192	0	0
TCGA-NC-A5HD-01	14	0	0	273	241	0	0	38	0	0
TCGA-NC-A5HE-01	7	0	0	125	121	0	0	0	0	0
TCGA-NC-A5HF-01	20	0	0	171	124	0	0	0	0	0
TCGA-NC-A5HG-01	30	77	479	0	0	0	136	64	0	0
TCGA-NC-A5HH-01	24	0	0	203	209	0	0	0	0	0
TCGA-NC-A5HI-01	29	40	0	298	133	0	0	44	0	0
TCGA-NC-A5HJ-01	20	0	0	356	129	0	0	0	0	0
TCGA-NC-A5HK-01	14	0	0	207	121	0	0	0	0	0
TCGA-NC-A5HL-01	28	18	95	65	64	0	0	0	0	0
TCGA-NC-A5HM-01	11	0	0	156	187	0	0	0	0	0
TCGA-NC-A5HN-01	37	0	275	233	115	28	52	0	0	0
TCGA-NC-A5HO-01	11	0	0	122	155	0	0	20	0	0
TCGA-NC-A5HP-01	25	0	0	299	97	45	0	44	0	0
TCGA-NC-A5HQ-01	27	0	0	212	189	0	0	0	0	0
TCGA-NC-A5HR-01	16	0	0	229	164	0	0	0	0	0
TCGA-NC-A5HT-01	24	0	0	235	112	0	43	0	0	0
TCGA-NK-A5CR-01	20	0	171	150	0	41	0	0	0	0
TCGA-NK-A5CT-01	22	31	0	185	128	0	0	41	0	0
TCGA-NK-A5CX-01	11	0	0	148	56	0	0	0	0	0
TCGA-NK-A5D1-01	16	0	0	0	144	0	0	0	0	0
TCGA-NK-A7XE-01	9	44	0	0	36	0	0	43	0	0
TCGA-O2-A52N-01	21	22	0	320	220	0	0	52	0	0
TCGA-O2-A52Q-01	37	95	0	843	147	0	0	103	0	0
TCGA-O2-A52S-01	24	49	0	185	157	0	0	56	0	0
TCGA-O2-A52V-01	14	0	0	172	146	0	0	0	0	0
TCGA-O2-A52W-01	7	0	0	45	45	16	0	0	17	0
TCGA-O2-A5IB-01	0	0	0	162	152	0	0	0	0	0
TCGA-XC-AA0X-01	9	15	0	80	117	0	0	10	0	0
