MutationType	SBS96A	SBS96B	SBS96C	SBS96D	SBS96E	SBS96F	SBS96G	SBS96H	SBS96I	SBS96J	SBS96K
A[C>A]A	0.0001252701537305524	0.007536351698093502	0.029543671270366757	0.0045888198011137145	0.023200045300980035	0.00018454948580256313	0.005983939541984	0.0019115954959397642	0.0011029155843425543	0.0001035160690662451	0.001251820178334242
A[C>A]C	5.3013744150121056e-05	0.005414830658040623	0.03200060012284666	0.004730406871615287	0.024859735663048922	0.0007663900575386151	0.006292201878095511	0.0024771074421005325	0.000922747356836453	0.0005199349898975925	0.0011164293269397558
A[C>A]G	6.883354144422427e-06	0.0027558262445765715	0.024720364260088914	0.002025439572190402	0.005986287271408166	1.9639728109508425e-05	0.0001267505863756213	0.0013167630833960864	4.76777485420883e-05	0.00014618236330279477	0.0002907613581379387
A[C>A]T	8.314265688730616e-05	0.0029588487044156864	0.02240164981430894	0.0023608151090909074	0.01135551238898188	0.003139555993693648	0.0026506884022819577	0.003418019938408323	7.90272582162288e-05	0.00032471529307258605	0.0009251527974629425
A[C>G]A	1.199585514655155e-05	0.00048115087138000945	0.005285423708846793	0.0006593877232927525	0.02770076923536152	0.00045385794898933796	0.001961869144122748	0.00023007291895190462	0.0023612038471037522	0.0005184201801966993	2.396451629465446e-05
A[C>G]C	0.00010276195400155186	0.0010957745901532612	0.002362174740683258	0.0009361952945857549	0.02572996133705601	0.00029632041203512925	0.0027345229613638367	0.0002796089630272999	0.0017005705815245165	0.001530465717369225	0.0007116103800085938
A[C>G]G	0.0005935606638740865	0.0010014617701605399	0.0021981081748198507	0.0009470300667362608	0.015943376785726285	3.096806956364162e-05	0.002087528261703646	0.0003293885514011663	0.0007348422278300859	5.5851678413354476e-05	0.0001522400210800967
A[C>G]T	0.00012705955611522768	0.00039986012011929974	0.00184376035072912	0.00046269141083254137	0.02829244442284107	0.0005613753094502278	0.0026976677220727652	5.400470934818158e-05	0.003108273277757689	0.0012149107058212394	0.00038327808193894697
A[C>T]A	0.0002836158493677009	0.00494695075363782	0.0079636182662216	0.004757201229528843	0.023730129613541068	0.012029670931660803	0.024993739881319924	0.0005429557977186051	0.00484020497649908	0.009721135133877396	0.0030826741781493183
A[C>T]C	0.017257659210256952	0.050424795132130384	0.0022300464981240965	0.011847209028492216	0.010738085657042777	0.011523257544031367	0.021149930594903027	0.0035914287817013545	4.8405486977611686e-05	0.007348679729132073	0.0008558035306850798
A[C>T]G	2.9415808577142096e-05	0.001998844018279442	0.0004668023764581266	0.0014772044928568562	0.022004413334971135	0.0997359736612998	0.2135177344300986	0.00359664523155061	0.0022870030361707453	0.0017286656911964825	0.004023723149969527
A[C>T]T	0.0038980332747534565	0.01640273316530511	0.002819013352273032	0.006970289257442728	0.016204274071438495	0.007060360265422787	0.017854885538108645	0.004903114701155573	0.0003656786720307004	0.00489496659836732	0.0027388498932123186
A[T>A]A	0.0007953423683203651	0.004449644876549499	0.003105412052381684	0.0039011812007148537	0.005943224250673147	4.752738853150973e-05	0.0038562745616570336	0.0007562180976495814	0.00016993977328830568	0.005148644583678106	0.00018966613826101763
A[T>A]C	0.0006840984758860024	0.002647338528244929	0.0019187474134923833	0.0034277580469643	0.00831976925914205	0.0016938962674643678	0.005116279327414688	0.0005690380251517251	0.00024952119553631744	0.014170407997444272	0.0009839933813668722
A[T>A]G	0.0009324646034656325	0.0053422941130160636	0.006723155220970512	0.00412920967945638	0.014565183066802661	5.696067381791181e-05	0.005132100865288294	0.0011291784612603856	0.00023204896129772003	0.0012306912342492638	0.0004890225261697267
A[T>A]T	0.0033234345303390003	0.007272437933864245	0.0009425327166927388	0.005873469143116774	0.0044552670056481605	0.0018030853553500491	0.008669095844312089	0.0010224824972829083	1.5862549207668054e-05	0.007281221401644871	0.00235475795554521
A[T>C]A	0.00012040699052562331	0.004303059165624178	0.0039550310984486714	0.003259458665844619	0.02265176261542365	0.0015577519486760145	0.006229073891464729	0.0039474795183559765	0.0003325284196195483	0.03477279677987099	8.787005062914069e-05
A[T>C]C	0.000173789875819705	0.0015355572661641759	0.00011453220688963484	0.0009510595725522934	0.009820110539367306	0.003843855141712993	0.00536279757682783	0.0054161846902098095	0.0007437202837172663	0.023511110255494714	0.00629850554978475
A[T>C]G	0.00020513917837888584	0.006002896073873672	0.003845493425097857	0.003418543915089171	0.01795970597605911	0.0037798176885269186	0.01235127662949452	0.002329300999408588	0.00025917031954392656	0.06362029984593391	0.0002757268404820934
A[T>C]T	0.0008337399159790948	0.0067607607916147575	7.663752301596106e-05	0.005751776553628077	0.02459823894314468	0.0008147597952160457	0.014027808223690954	0.0032376364269294786	0.0004229358378513837	0.015062856217846275	0.0020978445030232253
A[T>G]A	0.00026152852814618653	0.001725101381982399	8.119023278567283e-05	0.00195998073025379	0.004294332611686827	2.3082646188195e-05	0.002372488091361902	0.00039196785604151074	0.00012657970112911699	0.00036036548864949226	0.0022388225751637948
A[T>G]C	0.0001962423061559122	0.0014602857202421849	3.4616649423248585e-05	0.0006828092523937812	0.003411711595970246	0.0006509266529765512	0.0017346495317698185	0.0025999552084613243	0.0001761277024706942	0.0022058435837971047	0.007586567178368569
A[T>G]G	0.0015306601134943776	0.002580432382237632	0.0007708104647909276	0.002492305759007252	0.00784589568967931	0.00032775529580248987	0.003561054726052549	0.0012412617263516442	0.0001129520933545792	0.0011960757765336893	0.0023005384276621045
A[T>G]T	0.00014914182154885888	0.0008533147351829279	0.000233779922068799	0.001409822237133085	0.0004079077518984331	0.0024749517848557724	0.0012081333914137104	0.009270874092355967	1.6742212040057326e-05	0.0006917196125505143	0.03592723231762648
C[C>A]A	0.0024673471702905537	0.0037540916496749334	0.10036086671054363	0.0024638158439901758	0.0031676661864203483	0.004061761106131598	0.005456486007968522	0.0017100698736387443	0.0003067222141116588	0.00449814856202817	0.0018565702878549928
C[C>A]C	0.0011196073814062403	0.0013785006616974236	0.09837953694164753	0.001115556495098815	1.5755251677518346e-07	0.01296291192935259	0.003358612532736771	5.537996461093542e-05	4.06855330759015e-09	0.010606776695254894	0.00045794521297125355
C[C>A]G	0.00022272498658138255	0.002066368968968959	0.06205982007086277	0.0006694438503234201	0.0001507370678128872	0.003915888921516206	0.0018644371085290068	0.00047478049522851505	1.5797369397522325e-06	0.006310263713022834	1.401298464324817e-47
C[C>A]T	0.0005415245410890515	0.005216891226632754	0.07499575404744575	0.003177038462729627	2.1126326030795896e-08	0.05317607291535751	0.004802109604215232	0.000767980268393984	5.681464134710268e-09	0.020425223042227002	1.751587771678942e-06
C[C>G]A	0.00010276801918735146	0.0009019643483921874	0.0065450661066658	0.0011092181775859977	0.028314954587258398	0.0	0.0015774112977632448	0.0005481892941739552	0.005437091265339405	2.1004919119569364e-05	0.0006078552618703981
C[C>G]C	0.0003852121822392718	0.0017994329902176177	0.006095751785830359	0.002322886263966826	0.024564142040908336	1.5098533370316858e-05	0.0022438382176673778	0.0004865234775353855	0.0005200964869327862	1.2254979761241459e-05	0.0001402374545212126
C[C>G]G	0.0007520589538782474	0.0026531795441340055	0.005673122783184858	0.0014543019313335082	0.021040081827995466	3.5636905933040806e-05	0.0027896673427062523	0.00037967738955424046	0.00023943702435111903	0.00014619312513195482	8.138944947404525e-05
C[C>G]T	0.00012749323996104068	0.0013222498080230594	0.004754140760972306	0.0009579673078667383	0.037717631086707115	2.094182066770145e-05	0.0019902541360997004	0.00033020093561894723	0.005178591948933899	0.00012898932122091367	0.0002717195070952272
C[C>T]A	0.0674319104276401	0.09788127142237499	0.014337346174288541	0.024341442260727958	0.014785564102193751	0.0009655006951814471	0.025650160467060347	0.0020736648963065817	0.005333695359772719	0.00015952822433802055	0.004053915312069876
C[C>T]C	0.06326182952298806	0.20652510121647172	0.004161434084821593	0.0006752335284299775	0.0005269048121247244	0.0024161829927754307	0.0015856969992726633	0.0006088896336659743	6.543793027482536e-06	0.004474702780595407	0.0004738900654187006
C[C>T]G	0.014011640870012342	0.06159438270071831	0.004103456442504922	0.005974705373961986	0.010608922088371173	0.08658739463917421	0.2086436228081584	0.004927210433390265	0.004118001624301716	0.002445311969629368	0.003274080467801923
C[C>T]T	0.037560243213832716	0.1592157906994321	0.008495880714315404	0.009350201367001515	0.01608772033735818	0.002693636171869008	0.014471459787251237	0.005627300574694804	0.0028925491137773217	0.0015746503811482138	0.002884832628777758
C[T>A]A	0.0004999495599167858	0.00290908986770705	0.00623897544406951	0.0025431073801610183	0.006335619813394544	2.0791139580538244e-05	0.001914948917411785	0.0006525487458930001	0.00023351719341306422	0.0004101017106586369	0.001171993519712764
C[T>A]C	0.0014275525065075997	0.002819949346950974	0.00813012672122568	0.0031709965130721687	0.012153355630580336	0.0010790946609631647	0.0019430684205505378	0.000858664650877472	0.00015003836909225068	0.005283301121089608	0.01281360044144094
C[T>A]G	0.000569229467328114	0.007243128842118089	0.030746750588841677	0.006343206673110458	0.016534639693457295	1.5747382714579317e-05	0.002386965119692288	0.00212600172686507	8.972790169721634e-05	0.0018807967205764697	0.00781883057044979
C[T>A]T	0.0019323494670245973	0.005160239502910129	0.007810905801597982	0.003881167462754429	0.012401789027051961	7.634216113183711e-06	0.0041301839043708455	0.0010419387347064912	2.6464834809303283e-06	0.0005243802142561656	0.03580011457204819
C[T>C]A	0.001304630213825817	0.003443518925334101	0.003191772531604329	0.002509049984539864	0.004250618868754686	0.00021408295670870105	0.0034935579421014797	0.000732701661710422	4.998103146910182e-05	0.03056046590209007	0.007874316310299036
C[T>C]C	0.0008423911777481408	0.002306737352819255	0.0016099765776743879	0.0018209048947459205	0.009348186641000211	0.0016181376986074496	0.006687452701122432	0.0005917519522890681	0.00015455180584275752	0.02065274159424007	0.054078536219894884
C[T>C]G	0.00018143644698284333	0.003460790048474789	0.008372448757478496	0.0018311948272334078	0.003182181007298682	0.005328219282855571	0.011648080309387297	0.0005495421472733142	8.050867400015705e-06	0.08275941519066692	0.03483176846057177
C[T>C]T	0.003557383354932995	0.008206299039302286	0.0014016219959233922	0.006405565358202647	0.006859851957728722	8.485831803415777e-05	0.0089094235712728	0.0012454011017373646	0.0002031465365033114	0.02358311157207936	0.11050715938210487
C[T>G]A	0.0001265209558326319	0.000769025207083871	0.00011235116523145904	0.0004784540217383437	0.004587169291637423	0.00046473093300022586	0.0010652756337970004	0.0014278393381844084	3.551162134814767e-05	0.0011552733727148734	0.003895336495479569
C[T>G]C	0.0006244803289337142	0.0016911316316512903	5.569690145421191e-05	0.0011278568714159914	0.005028716888919007	0.0017413159972784343	0.004288942444182312	0.001319634812680306	0.00017159640548015888	0.00579214862518711	0.021636509830132128
C[T>G]G	0.001327524967236969	0.002435246805731529	0.0039376240875571965	0.0013944891834398732	0.014623517985455692	0.0021724526722192734	0.004637977542879526	0.0020586403587367387	5.464982250487083e-06	0.011382642982061953	0.016199475061148404
C[T>G]T	4.0748634466745443e-10	9.348338162240566e-08	8.7266041060019e-11	7.17661429971983e-08	3.4495668810308187e-09	7.486330607655134e-05	5.321649284748542e-06	0.008957052634340056	6.770602324346342e-09	3.346881657328993e-07	0.2733805343047788
G[C>A]A	1.401298464324817e-47	0.007358257330415657	0.03054997409170454	0.0038934892043134537	0.02444175792534885	0.001475577021621035	0.00980599334812723	0.002617985425046925	0.0006453279583355176	3.5846335543965325e-06	0.0047793545346939935
G[C>A]C	1.7878727035167686e-05	0.004601138980471831	0.0423487679070513	0.003321738428442945	0.01670465761051446	0.0048610796773573385	0.0020799356535610514	0.0026335171563923593	0.0009103227739979047	0.003120838423492387	0.0008997700282998267
G[C>A]G	0.0	0.0036124873322129856	0.03342461726477481	0.0020344581258426686	0.002455830682053206	0.0012389062275519791	0.0024058808562693913	0.0015469268092363109	0.00021870352574342888	0.00037356879692328703	0.0002029213889459136
G[C>A]T	9.66535008046776e-07	0.0028324171266103804	0.025322891070973127	0.0018431642391647074	0.013987817410379648	0.01972443847131217	0.0031168016130323473	0.004940063605899923	0.0006292870600639589	0.0010618828533256774	0.0011266305943172484
G[C>G]A	3.3461026032455267e-06	0.0007172575822223948	0.005297885452298487	0.000639078730574738	0.017173449345864355	0.00037150742184621777	0.0010787322793583698	0.0003250695801511938	0.0021356543502770364	0.0005624095736345681	0.0008352584937529173
G[C>G]C	0.00017612839024877758	0.0009915348304641936	0.0058517071433016096	0.0007500471257405476	0.022557137000185322	0.0008929262631318124	0.0035292200819822027	0.0002127297783468407	0.001158617831824813	0.004603723413310945	3.522218263242394e-05
G[C>G]G	0.00024171117811258192	0.0014044470996463865	0.0064129274813207356	0.0010158168632040797	0.008907236268860287	4.0237947298056296e-05	0.0010431208812399539	0.0003864436066816346	0.0006752035390309174	2.007540585282186e-05	4.262602636693203e-06
G[C>G]T	4.524610685621155e-06	0.00047921995748765765	0.002655953872922814	0.0004180505620934127	0.02529513510875404	0.0004500338475407517	0.0017340039252712813	0.0005980827257246801	0.0032018616958521305	0.0012952403595045325	0.00030162645677279444
G[C>T]A	0.00031568811522447504	0.003561620130640404	0.006044081014115363	0.0030877277919489077	0.023340492635034026	0.04604234747588634	0.012935914327681531	0.0011055290764488746	0.009068757365457713	0.02735154359601438	0.00028305868692768855
G[C>T]C	0.020213702861807663	0.03492874137824401	0.005398622911889106	0.004781481605260851	0.0023245846715522554	0.08576598651707172	0.008698013008694262	0.016215737772442083	0.0008389868886726503	0.053510549499816304	6.844846211606637e-05
G[C>T]G	1.401298464324817e-47	0.001241357973945849	0.0010260563705369208	0.0016609065896161822	0.004515451652404395	0.3256562622718047	0.07540282719220537	0.02892455168549617	0.0015587537174536691	0.0035905496185864518	0.0047055716200702594
G[C>T]T	0.012266495371806472	0.016762260682881332	0.005203727347543463	0.005672272357959693	0.011634911202127113	0.05273621207103133	0.005461568417958915	0.0306490303506145	9.082469186978415e-06	0.028800514144822955	0.0010679112803336644
G[T>A]A	0.0006666454250182596	0.0022969082486040547	0.005981825704818106	0.00244272287250176	0.006297044078225777	7.615749752746037e-05	0.001083234957234609	0.0007901146169943729	0.00014173726875009506	0.0028173018340021372	2.356068264468547e-06
G[T>A]C	9.25601053313585e-05	0.0020867490007611877	0.0034396006795577704	0.0026693630525561856	0.007741175960400142	0.0009064539564051444	0.001954719064166455	0.00030513407720718534	0.00027603993801411956	0.01050288814585656	0.0030833771922507223
G[T>A]G	0.0011776632407040225	0.005105656115119643	0.01002156095316657	0.004536317753120025	0.011275538166325419	1.687521358482158e-06	0.003243865300758606	0.0008672418880921384	7.105760005345019e-05	0.0018563523062039167	0.0006277696744760419
G[T>A]T	0.0010619731258710286	0.0037032441518456377	0.0027213517551354016	0.003719125569041353	0.006653923898455503	0.0006119540501094889	0.0035902577796377245	0.0006227080405005836	1.992086158740136e-05	0.0024823332847154233	0.006072256916595507
G[T>C]A	1.7424904186214008e-10	0.00026562572131812347	0.001291241288684546	0.0005480314796066387	1.7262276976737212e-07	0.003086371404973409	8.446392886291454e-05	0.009255145052396526	1.720010792253035e-05	0.10578841499984265	8.554306521208588e-05
G[T>C]C	2.753146790209632e-06	0.0005988343296687227	2.5403041262812564e-05	0.001192207751230967	0.0002494048373446844	0.012438382063264726	0.0005917525689837211	0.019871617236205424	3.541310076949244e-05	0.04998974781483412	0.012743382840417325
G[T>C]G	1.3989689257969396e-05	0.0006726942460627514	0.0013960873146846885	0.00030878774130027153	1.663066036653627e-05	0.00301831466927279	0.00016198499701091328	0.005398172485529358	3.3153748918488544e-05	0.09525158911943436	0.006656331286285422
G[T>C]T	0.013386761420191675	0.006697295036013919	7.69112654854e-05	0.007586471680857514	0.0015604622842864658	0.002839720844994287	0.00822286795807897	0.0120975777350926	1.1754839768229886e-10	0.05574650606048074	0.008386379896813168
G[T>G]A	0.00020952832334436515	0.0008439916970661798	0.0002591389616554807	0.0009155833277418423	0.005373728143167682	0.00034731668136601	0.0017235076263145467	0.0013079968652945175	0.00012244994210107053	0.00033505362825962947	0.0017854805156792962
G[T>G]C	0.0003733899010067332	0.0007081254428358363	7.411488867063554e-05	0.0006845623491682321	0.004163012791104847	0.002070307331450749	0.001426867584723368	0.002501268233725238	5.6190429550042606e-05	0.0007615755573442584	0.00932097074110061
G[T>G]G	0.003037596286976978	0.004431431136617902	0.0009872284055336422	0.001978213246911764	0.011675042556543468	0.0009852129741815929	0.0030551609423491756	0.0011470391353941524	1.4453823678195476e-06	0.0019501506265078206	0.004365398145164363
G[T>G]T	0.0007214534815725185	0.0006245804165484446	0.0002544899035410721	0.00035595897532452624	6.269005754404589e-05	0.0012658437174030723	0.00022230364369673684	0.0009047759370157493	0.0	0.0017169099123669086	0.07302875448018313
T[C>A]A	0.00045876059361035006	0.007142280716912097	0.03143654181156307	0.0057508662495184115	0.00844999490745593	0.0037689179614790193	0.005194486201362452	0.016430281696375462	0.04526994524523616	7.922913064248859e-06	0.0064372305962024255
T[C>A]C	0.0025134868719371008	0.009591898621204771	0.05749677796848118	0.00920258813572308	0.020231385244987906	0.003456070543179525	0.008976665612596423	0.007338962742360309	0.02182034036144614	6.0921566910110415e-06	0.0006582012318904162
T[C>A]G	0.00017906695668770567	0.004218418923628633	0.01862838461037484	0.0033542005667820396	0.0070692149348491285	0.0006377589061384015	0.002591043641124884	0.0018745202256832273	0.008576069078408181	0.00012126571285989485	0.0004933807501674892
T[C>A]T	2.4829432368278505e-05	0.0031697379514139356	0.04630809762515128	0.006000161314116213	0.0011428449348948443	0.035358583230464334	0.00029683080453940747	0.10305465008900683	0.01856965129263699	4.210270661681703e-05	0.03163684061952143
T[C>G]A	5.896684029949028e-10	2.4940992828714757e-05	0.000376557698905895	4.276220850560008e-05	5.5572827795344894e-05	2.555794336167594e-09	4.49722025361865e-07	7.726343315361816e-08	0.24315324127674104	1.748317713046177e-08	1.0352973416193068e-07
T[C>G]C	0.0010949902659194842	0.0026582380753217196	0.00532699933508411	0.0011342191153016757	0.02669502170290798	4.674579369748244e-05	0.0022828113083528476	0.0005539754519486657	0.08000720251351595	0.0005197764793519286	0.0002423747618922801
T[C>G]G	0.0003299962967278584	0.001360039946479219	0.0021886411751395585	0.0008839758760061045	0.009350171359602654	2.1884269335803452e-05	0.0012180379464593915	0.0003153194502771672	0.028783248402178288	1.215389659137145e-06	0.00018992665282974386
T[C>G]T	4.993308239225991e-05	5.283726406518758e-05	0.0002143523841393602	0.0005483470819440252	0.007228885451262883	6.7410088129094e-05	3.813221278086587e-05	0.0002736242460513205	0.2972541534900665	0.0005146743489952232	0.0006570677882752954
T[C>T]A	0.06050028765011924	0.00044810269677518223	0.0018248079575061383	0.3969931060940553	0.0001600491428326123	0.00042738705152987986	0.004367677561545851	0.002938130507344134	0.11719362840044041	0.0017223704119643567	0.0027221199179820366
T[C>T]C	0.5093892380595207	0.019375700749362998	0.003125155340654453	0.06187196371323587	8.644749400588126e-07	0.0002748054365274122	0.004218341770603456	0.010393291649902565	0.007940847560145492	0.00012827193046863235	0.00017791021923368788
T[C>T]G	0.07674686653209967	0.0005180347470492208	4.84070660466962e-07	0.08070734182207287	0.0003782645482254399	0.028032779733452813	0.04527958576711324	0.5047281023859977	0.0023663820168748372	2.0945698058267552e-05	0.0057854816254583954
T[C>T]T	0.03761667247088127	0.07273150638532905	0.002900243036139951	0.17136173942743882	0.010095259788552807	0.005087771169616262	0.021437479620678022	0.035636232038457366	0.06020310529188986	0.00013535653313516427	0.004875902574549827
T[T>A]A	0.0012768402819813218	0.004185445366177975	0.002396295077799664	0.004129544825111679	0.005776661627499173	0.00023957392879481176	0.005904952218625113	0.001049269049854047	0.0001492420525914895	0.0022298376022808954	0.00024984444047731813
T[T>A]C	0.002123028180503752	0.0044948421471280335	0.0025328779278788716	0.0040609459530445546	0.009133613214271464	0.00029642501618056373	0.004708938644884633	0.0008294390115406714	9.325325909230742e-05	0.0021004217949302986	0.00252303207087607
T[T>A]G	0.0011509917474385397	0.0034857626480547087	0.006382307240297393	0.003281250978463923	0.007041770096110298	5.180858024527169e-05	0.0027697823430928538	0.0008704060836933358	2.2387768726073176e-06	0.0005791091006142324	0.0012555872659868329
T[T>A]T	0.006596516158124359	0.006961426890421392	0.0017209391909260375	0.005927386939897267	0.007312411049927104	9.842630453118808e-05	0.007083312771581163	0.0013423795554302132	1.099428398705915e-05	0.0002847242404745565	0.007662374887149781
T[T>C]A	0.003493733702052865	0.0037357461585436885	0.0011953278545486653	0.004343994537375104	0.004202038731527456	0.0009306539064631991	0.005680714301736032	0.002821810419734172	7.965119365053396e-05	0.027762282975018024	0.0018805320943631899
T[T>C]C	0.002136897839122014	0.004066560545612674	1.9258131251262965e-05	0.004014050364414276	0.0050775291374884545	0.004502882916895033	0.006661609192052253	0.007900104602927855	0.0002761102884659744	0.025762930093333126	0.012349055903032423
T[T>C]G	0.002047942289616458	0.00547546173853334	0.0013038392835005653	0.00454010349043586	0.0030126234999625014	0.002760080853788409	0.008012267348910257	0.001995877203225973	0.0002087007380296685	0.032980324123054745	0.005056625153811183
T[T>C]T	0.002450581011058538	0.005010173554458157	7.74280131447217e-05	0.004294591145177314	0.008351752510223555	0.0019508245990438296	0.006070214641463139	0.00589214653140516	5.068980809937784e-05	0.0181339446362108	0.008382570997346192
T[T>G]A	0.0004714522084952932	0.0019711473100873177	5.278567514261952e-05	0.0014170468423991345	0.005067421498685007	0.0009761075057040535	0.001755960675148458	0.0035059131963183	0.0001569533323325345	5.979101467801229e-06	0.002850224319008703
T[T>G]C	0.0011742907312630416	0.0028958525272232906	3.56659971215123e-05	0.0028034591358780414	0.0035019735095343928	0.002289749830000094	0.0026508594239903972	0.008047304080973846	0.00022010162774696696	0.0007700973846527858	0.014643211727961897
T[T>G]G	0.0005211852590533445	0.0033130816344585767	0.0010676485244395905	0.0013094197920254535	0.009897319350857288	0.0006107421061233254	0.0028666785815732966	0.0017063930652693674	0.00019133242823045295	0.0005297638652882597	0.005089508534874767
T[T>G]T	0.001511442600846067	0.001481866496834408	0.00011480053659312261	0.0018334209003086932	7.176870270108937e-05	0.008660133339324414	6.272342084943538e-05	0.041163470285717915	2.5046822014651584e-06	4.382765617094719e-10	0.07321363662204064
