MutationType	SBS96A	SBS96B	SBS96C	SBS96D	SBS96E	SBS96F	SBS96G	SBS96H	SBS96I
A[C>A]A	0.001163223848925554	0.00036500180216101795	0.0006597273036285855	0.0059852293034805375	0.012604372079425023	0.019644322184654898	0.008489787484228586	9.713467724971281e-05	0.02794395154933067
A[C>A]C	5.699932515881301e-05	0.0006048532402481044	0.0024853146523125245	0.01181192207879775	0.027532294963551748	0.02560053839856451	0.012896830747062459	0.0007772764528874631	0.01920295537475738
A[C>A]G	2.0263191744476215e-05	3.4403260890805144e-05	0.0017753894192946973	0.0024506676541818707	0.009532073179094026	0.00462727246376943	0.004077544821249574	0.0012144474659728389	0.006597285941593612
A[C>A]T	5.116265806147879e-05	1.2225675795498603e-05	0.0011811172721436947	0.003840319173646094	0.007562941302729588	0.010605317998542994	0.008725206681423429	0.0022686234263140648	0.018229918776458333
A[C>G]A	0.0023169241741135237	0.0002725499686989229	8.498135602678758e-05	0.00450245877571632	0.029882070680373546	0.0030291926240607835	0.0029384182549085126	9.737430107776391e-05	0.008885714851173248
A[C>G]C	0.0010219042049436665	0.0011124052656791151	0.00041612509576026467	0.004472566252416943	0.0218043350537323	0.003663044209450277	0.005541883658904254	0.0006054598784885456	0.011154367893483154
A[C>G]G	0.0006372571502197388	1.5787321937530406e-05	4.233882089351049e-05	0.0011837502478891082	0.02233301214500102	0.001190200778552537	0.0023030511460747326	0.0004841372166734104	0.005286944242861083
A[C>G]T	0.0035355305164262063	0.00018807001056141636	5.559305753450872e-06	0.00553119094703213	0.03216375984227229	0.0010903789154014022	0.005362112749275525	0.0008908776777354888	0.005226653465721682
A[C>T]A	0.0006274750888371727	0.004732524977443972	0.023221543894832733	0.012056280562446772	0.019006134066730736	0.016699977813987063	0.02018233877026004	0.003896230976533843	0.006812036867223696
A[C>T]C	7.2191201034002e-05	0.000777171391734015	0.010415101614585183	0.007741607736904204	0.00897237223322179	0.019987999131306253	0.025760802184349316	0.008533718953394782	0.01689786654972493
A[C>T]G	0.002342881462108995	0.0009039156027111282	0.2119257715599656	0.01025222213938605	0.005780932446941739	0.09426780769368634	0.03765759372593103	0.017628168368036087	0.009845497911881657
A[C>T]T	0.00016117486857538665	0.001280982605394456	0.005625231608794934	0.011727227130467855	0.01393435157003978	0.011048229025168155	0.020341776043039772	0.0058361752257889065	0.01172133079852756
A[T>A]A	0.0001214884229919022	1.1543506773890045e-05	0.0004481921398313915	0.0028224465513621054	0.004734353557850639	0.00874466684676463	0.0035795340176679245	0.004211579000052197	0.005254434013748366
A[T>A]C	4.0217653429621905e-05	0.00012961445588121733	0.00558825822958255	0.007159405592247402	0.004742926538085118	0.014891137226928634	0.006241327609420964	0.0024095920516182903	0.007281318789089806
A[T>A]G	5.4698153367809254e-05	0.0002847772211168831	0.0009316299355039747	0.004218335999641312	0.0022981561626608028	0.026526663378878653	0.007715555453344649	0.0012863813447626527	0.007223610094425234
A[T>A]T	7.510421616784471e-05	5.5859430483478076e-05	0.001104506531241789	0.0034637784834932717	0.002414133921222401	0.009432556172536822	0.006199202255304678	0.013527125624241307	0.005360259719307337
A[T>C]A	0.00012341825716305266	2.2662663834509546e-05	0.004856885945887655	0.006842824864589012	0.004225430294301989	0.018871737175466023	0.01511253788955687	0.032148441351018846	0.006745774679754959
A[T>C]C	0.0005488893994686744	0.00014225400167790613	0.0007149374485489979	0.003527698572415444	0.010450509565681615	0.00717254358587411	0.005029250204028728	0.02682208063080907	0.0037305835723034876
A[T>C]G	4.0328024822855466e-05	6.596160155858399e-05	0.007422331532756487	0.005369592992647938	0.004134295315879512	0.02650723186330964	0.01298545056009111	0.05858963719016174	0.0055908235122865335
A[T>C]T	0.00029451004764950993	0.0001528199018494547	0.008424274618457161	0.00688938104338547	0.00478353216992879	0.039311166713712285	0.014450268378883493	0.00807388296654608	0.0070837732854980824
A[T>G]A	0.00011808151543233337	2.3795003565538762e-05	0.00023937679592652471	0.002127895570353111	0.0025154724433525642	0.003206965401824409	0.002989952168266594	0.00032797165053182197	0.0063263566539781555
A[T>G]C	0.0001616049118053553	1.8124874637095444e-05	0.0005393126267525616	0.0023564398515304673	0.003965932422057961	0.002399733804122022	0.0033391414091465776	0.0011044758949537935	0.0033474700397080424
A[T>G]G	8.046681406529422e-05	7.312677625657973e-05	0.00026619026181816754	0.0013834511483081968	0.008804415695666706	0.0011766137938484889	0.0019023184238437807	0.0003179659871585762	0.008951898072295706
A[T>G]T	7.683074901322584e-05	5.903051948818572e-05	0.00027092299118166354	0.0022090250891876194	0.0034187062127253396	0.003045971345426608	0.004782815698680168	0.001839102151486145	0.004693901736851381
C[C>A]A	0.0011575426255749654	0.0004380220157642152	9.436721215024591e-05	0.005571418776844989	0.024514599271136604	0.004254347421615421	0.008362056236620105	0.007256080182378355	0.03183887557575048
C[C>A]C	0.00048617206086923656	0.00010940913608465053	0.0015014733394606594	0.003653428127793177	0.022090171875897794	0.004290029579098587	0.014014544005921153	0.014594785199092257	0.02026105726559081
C[C>A]G	0.00026911067639637075	0.0001344039126355767	0.0015760161110793547	0.003357045981128124	0.01157835380391532	0.0027404236369545742	0.0068313958886695005	0.004647595274236665	0.007587323544570361
C[C>A]T	0.0011010904301260158	0.00010569378087893711	0.002160614695577294	0.0027064822836155144	0.005601739283142723	0.0028248884219044612	0.0171134300603498	0.045850994061278245	0.01115137435745129
C[C>G]A	0.005699290514456266	0.0001941849038445298	2.0466778620260582e-05	0.005971183729049017	0.02134370715822385	0.00627359877788739	0.00366454842645183	0.00022471638719602074	0.011170545572688439
C[C>G]C	0.0005316053308160569	0.0004474911817120418	4.7411513738353505e-05	0.004124019153316235	0.03075749845310142	0.004635688637941513	0.006719963481679443	2.6097861809830647e-05	0.004410756669249664
C[C>G]G	1.3810016836970362e-05	4.541804873632316e-06	0.0029742505070917955	0.004906374830841571	0.023403818809179598	0.006878414789837706	0.005684281863901575	4.055610519856145e-05	0.004809830223030027
C[C>G]T	0.004824006395331253	0.0008788565327481029	3.363433339551136e-05	0.004392659728113811	0.04674843590630417	0.003821734381753856	0.0063263991208634	0.00013838156556943203	0.007182926951661557
C[C>T]A	0.006315057241188242	0.011695578196763564	0.01769302005618897	0.034884025050271245	0.014262615547822861	0.03314877276564403	0.01848044540204967	0.0009741177651790168	0.018864818320230937
C[C>T]C	0.0014615406171651557	0.002399813209747208	0.015180695850185657	0.0160483632677915	0.010700696762141604	0.022491148042781788	0.03644627188115919	0.003262559431082501	0.011140028709745594
C[C>T]G	0.0019634240549430615	0.005196953305511724	0.22814976640045642	0.022894529287394036	0.009109557136528395	0.03014134438013514	0.021196829381061048	0.00989751057836388	0.013489038360346244
C[C>T]T	0.00117358466188307	0.00591638084675651	0.015940164358698893	0.01981338377869747	0.027108742173969726	0.024727341947800595	0.022866702103342504	0.0033223826353787444	0.019475236912835214
C[T>A]A	0.00021869274165709385	6.602128991062273e-05	4.550342470430735e-05	0.0014147020915152098	0.006357977720932126	0.0011542100765832399	0.0021231716193872785	0.0033618862811545113	0.003799873391746189
C[T>A]C	0.00031780977523252927	0.00010833164909836768	0.00021941243432991087	0.003965341995529528	0.018407964239273725	0.0033080438029703886	0.00465627731134596	0.004770285075246647	0.007657289614280671
C[T>A]G	3.155960064759711e-05	0.00017265971801521117	0.0017816169879989018	0.0037939227812017863	0.022486643341693764	0.012427988475698442	0.007091538019501513	0.003940527050217497	0.007911837137741955
C[T>A]T	4.686080876979304e-05	6.62178784238776e-05	0.00037465312111571334	0.003229930661072312	0.020262601468921986	0.002679204199695846	0.0037422056909485945	0.0018370144321740156	0.007159470917201816
C[T>C]A	8.036478061946184e-05	9.473192602733604e-06	6.959385638936056e-05	0.0006882507856443177	0.001557986535421705	0.0011394088911144706	0.001609158498730483	0.03294131096248293	0.001223873571099015
C[T>C]C	0.00010208286636384994	0.000253191044007699	0.00024677791509549965	0.004485094954752498	0.010410046856489807	0.006010916144887233	0.006734269048584593	0.03083427211269736	0.008394656454833213
C[T>C]G	4.074928807834453e-05	3.817607716172233e-08	9.58439716914339e-07	4.611223219797012e-06	0.0014968916229189232	0.00042391092901341914	0.006522569160780183	0.09725986089921207	0.0006721979054047722
C[T>C]T	0.0005220254906612353	9.70467936605246e-05	0.0028544266989764823	0.006905426695685719	0.009638182905893465	0.005854176365241983	0.009797994543000642	0.028879160924561803	0.00624881343342679
C[T>G]A	1.4046628333637123e-05	1.1261041370511649e-05	0.0001993915260352175	0.0018880687200963208	0.0038788411490250497	0.003019245539236213	0.0018470138386293656	3.7651905100375415e-05	0.0029037671049379553
C[T>G]C	0.00017124919495472568	0.00013773186361959233	0.0011717988005115034	0.0029821534368531387	0.0053661626124802755	0.004326519073028692	0.005162646080162512	0.009400479486212135	0.004410804342063557
C[T>G]G	2.4237068521476557e-06	0.0	5.7592131396120296e-05	0.0028827795917037414	0.01873329888661715	0.0026918797965814535	0.0021466214200020774	0.010739979217760265	0.006817385918914454
C[T>G]T	0.0003676101558413336	6.239810259636158e-05	0.00027798356328695206	0.0032753949005677897	0.01447301937955146	0.005293137777291861	0.006933631503526954	0.011624233735801681	0.010449708132457545
G[C>A]A	0.0002497647282665483	6.431029775242791e-05	0.0018341503733109476	0.008091975240284625	0.008575871581101851	0.0222915589803263	0.012937149358951955	3.0101661318298058e-05	0.03304856168867488
G[C>A]C	0.0008286052136236322	4.1597584495321204e-05	0.0028383678064213312	0.0046768534332585435	0.01984420143553507	0.00783856516367095	0.013217953935446473	0.001990229488810655	0.025643713388224684
G[C>A]G	7.237841447533811e-06	0.00014992907640728247	0.004653078495258995	0.003981487740831469	0.0015670562603801131	0.007840529185873208	0.00600383784553614	0.00012925631393930103	0.009701739379972736
G[C>A]T	0.00035625560369377263	0.00012008505747902021	0.0024111268372893103	0.006040275929243535	0.014174541615832368	0.004979026302457807	0.008254775833952977	0.003151915326716903	0.029050199451503715
G[C>G]A	0.001301453778578434	0.0003444733587048177	2.458005432970367e-08	0.0024664089668019074	0.015875888658236477	0.004741734550536467	0.005155204017869904	0.00034702880887664376	0.006607085063728277
G[C>G]C	0.0007741036843162874	0.00025870148879221234	0.0008960845939611772	0.004018232925286611	0.022143225795224736	0.0029454321725268075	0.00571238923492416	0.00449206132880704	0.008579992501457525
G[C>G]G	0.0004802499035062624	0.00015738956789434154	9.168478895219546e-05	0.0014749589628794268	0.01219519930695924	0.0013659864884706253	0.002416930951036065	8.569846191893049e-05	0.0034156482248127416
G[C>G]T	0.0010274120647386553	0.001042883144584863	0.00032693815089615444	0.006517372039695281	0.031132317546644684	0.0021645739906330165	0.0037587197524783277	0.0005669712285788008	0.010034006658781323
G[C>T]A	0.007304114712078444	0.0017526595003524291	0.014091313504080176	0.01608440953722237	0.008736831599692322	0.012641979021113912	0.04865486927752272	0.02283548517476504	0.008718884285067858
G[C>T]C	0.0015394461490163664	0.0028560089109885213	0.01876926002185769	0.009173153941333684	0.003619010860897873	0.008959283267008119	0.0777469312842004	0.035177110773844195	0.005297506945042554
G[C>T]G	0.0014114918141618026	0.0012502916000859147	0.2348725549131632	0.009526177198375826	0.0050633401346109295	0.00998190706252398	0.05697210625474794	0.03642887761581221	0.01069876794325637
G[C>T]T	0.001122653932634421	0.001977992716419977	0.01618310189543905	0.0073729366105202135	0.007253014439815786	0.00709889540301532	0.04779343647067435	0.02742510061267126	0.007115383286714945
G[T>A]A	8.151092129665471e-05	0.0002889159222851693	0.00020892352234348267	0.0014747265880464511	0.004495172898573401	0.0019125943442440984	0.0016892589802261603	0.002939443395271155	0.004442276347377739
G[T>A]C	0.00021261358517321582	0.0005593905953600142	0.0002687122502788597	0.0037895812585926115	0.007799051161180159	0.007144142075686659	0.00543876267375083	0.003365045626141523	0.00339941871880157
G[T>A]G	4.297140176134917e-05	3.4660450477979053e-05	5.555207316220424e-05	0.002533348890666578	0.010875039060582514	0.004412443834052091	0.005619170671474229	0.003503024162567954	0.005304323622985976
G[T>A]T	6.50014499252105e-05	7.872950647467291e-06	0.0004165030588176677	0.0021813932371381383	0.006445953956672384	0.005014051936285287	0.005416602486660764	0.0020660725127709155	0.005628092183282121
G[T>C]A	7.009091004404659e-05	4.964022605249101e-05	0.00010673204042866757	1.836039270695089e-05	3.886919391149648e-07	0.00026318797476761804	0.0013154809356729657	0.08710847269343504	0.00011313675788329647
G[T>C]C	2.7416182400976748e-05	6.0215377188157503e-05	0.0002538214804426151	0.0009304424179961756	0.0038412450934076797	0.003118790033402945	0.008364078707438126	0.03151067377156494	0.006844229859779176
G[T>C]G	0.00012843435758547628	1.0394665233601775e-05	2.3994742214661358e-05	1.40663686399059e-06	0.00011583576493578108	9.158515801658495e-05	0.004528183157211032	0.06747247661784059	0.0002599597239391471
G[T>C]T	3.0606603831984104e-06	9.040722202527739e-05	0.001118245209639497	0.003624612165175023	0.0018081995155951375	0.004016383899844129	0.010981951381140505	0.05293997703420075	0.004989888524262937
G[T>G]A	5.288603756532062e-05	6.569971588987756e-10	0.0002148479288712224	0.0007467284869582614	0.005671367963219325	0.001996967871547781	0.0012727703038358839	0.0006044129795026976	0.0031777164139921155
G[T>G]C	1.1067362431589344e-05	1.3674582529787927e-06	0.0008919728925219062	0.0020584580197240145	0.002393989075212417	0.002311538720075248	0.0037690170734888183	0.0011723648746055915	0.006086725233344481
G[T>G]G	1.4252635652773903e-05	4.286334416292447e-09	4.006463548267156e-05	0.0017430388536760688	0.016062999954771725	0.003648543061902194	0.0033664202387365273	0.002097292770816903	0.0028057759774188186
G[T>G]T	5.879141617981531e-11	5.439193717649005e-10	0.000703287911272028	0.00242818786492336	0.004191919710391545	0.005843653013722778	0.00248219591397401	0.004236487426551321	0.0030384002715469903
T[C>A]A	0.04278280436606565	0.011852274663107051	0.000780607137677123	0.023745613474696815	0.0041808914899085	0.014349655244898188	0.006485561788803693	0.00010046038108843191	0.054618704653756824
T[C>A]C	0.01891894059363949	0.008062119412932174	0.002937226921551437	0.022164746809103505	0.013458421730811665	0.018472862167820975	0.028847636122013826	0.0018037746882873763	0.03605405852197009
T[C>A]G	0.0016014911123554043	0.006814526211462636	0.0016821388929251669	0.009845144434955202	0.0016115688124548944	0.0065795724918841355	0.01047636018653307	1.1743822978642626e-05	0.01228421031986187
T[C>A]T	0.016629574210620602	0.0057647219203373345	0.0006572205840342771	0.016622184396163676	0.006584529316089768	0.006640015155722659	0.007130683386694381	0.0025110360003897368	0.08755576546365092
T[C>G]A	0.26416579146868996	0.0011643898997127523	6.162311407820075e-07	0.0136286582845905	0.00029329061898245354	0.0600009806583828	0.000357160631845419	2.8041045986446633e-05	0.001994936229408566
T[C>G]C	0.10086156258137635	0.001754597168886311	3.27971109773276e-05	0.01088787414934018	0.01711876463192425	0.004422677360122214	0.009524103860672923	1.1430940060677131e-05	0.022319432426202754
T[C>G]G	0.0275613796979178	0.001359721582030105	7.104487534501658e-05	0.003726202675781023	0.010240446323086625	0.007558607548560296	0.0025801434866323802	0.00034103199535422845	0.003048671319587015
T[C>G]T	0.40526295095682147	0.0008270965162533956	7.663226404597267e-06	0.004344527942908485	0.0016089730928441882	0.004305579375303743	0.00019655534711264514	0.0006187876898197686	0.0015998588776416512
T[C>T]A	0.05239452301853298	0.5274870777130127	8.637217750262493e-07	0.0007902408417987416	6.073565164399497e-07	0.004747266744867661	0.0002799414907151066	0.0010150906404248871	0.00010645059833550019
T[C>T]C	0.005528151895952231	0.0979489315530401	0.011193678128883135	0.12724903105730703	0.008261250669779657	0.023908363677723657	0.04151557657780472	0.00013978140514510075	0.02875165151921266
T[C>T]G	0.0018734842379864087	0.10581330077084053	0.08801159004433379	0.12257652062449438	0.0009544410983701277	0.0799457570188325	0.004445622555634934	0.00370754061029686	0.014969449145528717
T[C>T]T	0.002720185256652196	0.1792159656438942	0.00045401454292132826	0.21292106644448963	0.005048536058487637	0.005272878318307745	0.0027393987279265243	4.409431546775988e-05	0.009208402238434719
T[T>A]A	7.970104149165991e-05	6.146099401119543e-05	0.0012883739922492764	0.0039002368125580136	0.002779147963616566	0.00900159281411277	0.009777600598915087	0.0010829348189197673	0.002440152201226269
T[T>A]C	0.0002724608921890592	0.00011088783423474525	0.0009484686944348652	0.0029512864052742317	0.007233886511255605	0.0062918055712128055	0.002939429475765962	0.0023649259321874183	0.006929173545057097
T[T>A]G	9.052049133106992e-06	2.5240643924936622e-05	1.9809794739202924e-05	0.00227632381525126	0.0076888765517202275	0.0008020750696397627	0.0027860626169529112	0.0026828156383322723	0.0053631347874562255
T[T>A]T	0.00015627362983188674	1.3960039988774042e-05	6.648441377794967e-05	0.002691141569579827	0.008604691021798665	0.008693662765434968	0.007683698160051335	0.0016621590369902605	0.0061553856406390065
T[T>C]A	0.0001499246276382138	6.389618663888542e-05	0.000993165652384107	0.0025898563523345784	0.0034380291719932642	0.0036255634639698543	0.009328443513457216	0.015264486544765532	0.0046153120321889675
T[T>C]C	0.0002366310895740753	0.00016383190974181617	0.00387520632014116	0.006679093850666853	0.006785747018690245	0.00781763793498314	0.007561156034035311	0.02088290139567107	0.010033406155903321
T[T>C]G	0.00022974922978818312	0.00024262375298690132	0.0009793942649631048	0.0015271923465382334	0.0019413029084683587	0.003379643013726056	0.00991194432078248	0.01936547624919882	0.0036182760506608246
T[T>C]T	6.842253370184181e-05	3.477360252366779e-05	0.0009035607916126099	0.0028880316067233023	0.004296896731144955	0.009015147243368915	0.014401151082822708	0.0117521438185031	0.006969555999373398
T[T>G]A	0.00014264392021487993	2.11417651967193e-05	0.00011346346088061843	0.001888481681687691	0.005822624180913855	0.002453640966885757	0.002445945743732665	0.00013490851344361677	0.00529341857334991
T[T>G]C	0.0002677376201935999	0.00010767035795424817	0.0007784801492659454	0.002600724782626287	0.004138251544633178	0.0037967034131227706	0.003326800635311429	0.0007737922805245034	0.007146433773772145
T[T>G]G	0.00023616825389166437	0.00012119965258875708	0.0012448764687104585	0.0026099765942148067	0.0085213012122275	0.0030828756582272376	0.0030072210298379785	0.00144986926501403	0.004714272124100205
T[T>G]T	8.396890044004123e-05	4.241427607276638e-06	0.00037227859405419394	0.0041770033592466406	0.007619803093684894	0.005914454556856228	0.004704936285561842	0.0017248998420768657	0.011782244151967802
