MutationType	SBS96A	SBS96B	SBS96C	SBS96D	SBS96E	SBS96F	SBS96G	SBS96H	SBS96I
A[C>A]A	1.08E-04	8.30E-05	2.54E-04	1.61E-03	1.61E-03	2.47E-03	1.70E-03	5.65E-05	2.88E-03
A[C>A]C	2.61E-05	8.33E-05	4.71E-04	2.32E-03	2.74E-03	3.16E-03	2.56E-03	1.50E-04	2.27E-03
A[C>A]G	9.65E-06	1.23E-05	2.36E-04	5.59E-04	7.97E-04	7.52E-04	8.52E-04	1.66E-04	8.33E-04
A[C>A]T	1.36E-05	1.22E-05	2.49E-04	1.12E-03	1.07E-03	1.67E-03	1.32E-03	2.52E-04	1.75E-03
A[C>G]A	1.69E-04	6.65E-05	7.43E-05	1.29E-03	1.92E-03	9.15E-04	9.51E-04	3.78E-05	1.55E-03
A[C>G]C	1.18E-04	1.33E-04	1.28E-04	1.14E-03	1.42E-03	7.99E-04	1.11E-03	9.33E-05	1.36E-03
A[C>G]G	5.15E-05	1.08E-05	2.63E-05	4.83E-04	1.10E-03	4.81E-04	6.04E-04	5.71E-05	9.28E-04
A[C>G]T	2.00E-04	7.32E-05	5.41E-06	1.59E-03	1.71E-03	4.46E-04	1.29E-03	1.01E-04	1.13E-03
A[C>T]A	1.91E-04	3.48E-04	1.35E-03	1.71E-03	1.42E-03	2.58E-03	2.19E-03	4.58E-04	1.25E-03
A[C>T]C	3.83E-05	9.65E-05	9.01E-04	1.66E-03	1.35E-03	2.32E-03	2.51E-03	6.25E-04	2.34E-03
A[C>T]G	2.77E-04	2.00E-04	6.37E-03	2.65E-03	1.34E-03	1.13E-02	5.13E-03	1.36E-03	2.21E-03
A[C>T]T	5.52E-05	1.48E-04	6.93E-04	1.72E-03	1.31E-03	1.79E-03	2.00E-03	5.40E-04	1.51E-03
A[T>A]A	2.40E-05	6.87E-06	1.36E-04	7.49E-04	7.02E-04	1.26E-03	8.26E-04	3.81E-04	8.09E-04
A[T>A]C	1.69E-05	2.85E-05	5.95E-04	1.48E-03	6.57E-04	1.62E-03	1.16E-03	2.80E-04	1.04E-03
A[T>A]G	2.51E-05	4.43E-05	2.62E-04	9.50E-04	5.48E-04	2.28E-03	1.55E-03	2.09E-04	1.44E-03
A[T>A]T	1.83E-05	1.53E-05	2.54E-04	7.53E-04	4.59E-04	1.25E-03	1.25E-03	5.77E-04	9.14E-04
A[T>C]A	2.77E-05	1.04E-05	7.08E-04	1.52E-03	8.00E-04	2.38E-03	2.38E-03	8.85E-04	1.32E-03
A[T>C]C	4.98E-05	4.08E-05	2.10E-04	1.06E-03	9.60E-04	1.10E-03	1.01E-03	1.00E-03	8.50E-04
A[T>C]G	1.96E-05	2.74E-05	1.04E-03	1.60E-03	8.86E-04	3.10E-03	1.83E-03	2.55E-03	1.35E-03
A[T>C]T	4.67E-05	3.66E-05	1.17E-03	1.66E-03	8.54E-04	3.34E-03	2.37E-03	5.22E-04	1.53E-03
A[T>G]A	2.13E-05	1.07E-05	6.30E-05	4.59E-04	4.41E-04	5.61E-04	5.28E-04	6.66E-05	6.99E-04
A[T>G]C	2.49E-05	1.02E-05	1.08E-04	5.20E-04	4.55E-04	3.95E-04	5.26E-04	1.18E-04	5.27E-04
A[T>G]G	1.93E-05	2.12E-05	8.46E-05	4.39E-04	7.03E-04	3.59E-04	3.99E-04	5.66E-05	8.90E-04
A[T>G]T	2.53E-05	1.42E-05	1.30E-04	5.15E-04	5.25E-04	5.67E-04	7.69E-04	1.72E-04	6.42E-04
C[C>A]A	1.28E-04	1.03E-04	8.27E-05	1.50E-03	2.14E-03	1.18E-03	1.32E-03	3.07E-04	2.68E-03
C[C>A]C	5.79E-05	3.84E-05	3.20E-04	9.90E-04	1.44E-03	9.81E-04	1.52E-03	8.52E-04	1.93E-03
C[C>A]G	3.74E-05	3.02E-05	2.61E-04	8.16E-04	9.97E-04	6.71E-04	1.12E-03	2.80E-04	1.04E-03
C[C>A]T	9.54E-05	4.47E-05	5.59E-04	9.51E-04	7.44E-04	8.38E-04	2.89E-03	2.00E-03	1.39E-03
C[C>G]A	2.71E-04	1.11E-04	1.30E-05	1.32E-03	1.63E-03	1.21E-03	9.07E-04	6.11E-05	1.65E-03
C[C>G]C	7.15E-05	7.27E-05	4.54E-05	1.06E-03	1.82E-03	1.17E-03	1.57E-03	2.37E-05	1.12E-03
C[C>G]G	6.57E-06	4.01E-06	3.60E-04	1.38E-03	1.70E-03	1.41E-03	1.42E-03	2.12E-05	1.13E-03
C[C>G]T	2.91E-04	1.72E-04	2.39E-05	1.64E-03	2.47E-03	1.44E-03	1.69E-03	3.32E-05	1.75E-03
C[C>T]A	7.97E-04	1.04E-03	1.41E-03	4.27E-03	1.68E-03	4.21E-03	2.63E-03	2.25E-04	2.55E-03
C[C>T]C	2.44E-04	2.78E-04	1.51E-03	2.78E-03	1.55E-03	3.10E-03	3.76E-03	4.00E-04	1.83E-03
C[C>T]G	3.58E-04	5.61E-04	5.34E-03	3.84E-03	1.53E-03	5.30E-03	3.32E-03	1.35E-03	2.08E-03
C[C>T]T	2.13E-04	4.54E-04	1.23E-03	2.77E-03	2.27E-03	2.70E-03	2.59E-03	4.15E-04	2.35E-03
C[T>A]A	2.94E-05	1.82E-05	3.66E-05	3.21E-04	5.05E-04	3.50E-04	5.40E-04	2.02E-04	5.46E-04
C[T>A]C	5.03E-05	3.21E-05	9.58E-05	9.61E-04	1.27E-03	7.00E-04	9.44E-04	3.08E-04	1.30E-03
C[T>A]G	1.34E-05	3.13E-05	3.50E-04	1.05E-03	1.48E-03	1.77E-03	1.51E-03	3.04E-04	1.38E-03
C[T>A]T	1.88E-05	2.04E-05	1.32E-04	8.58E-04	1.35E-03	9.09E-04	9.84E-04	1.69E-04	1.25E-03
C[T>C]A	1.65E-05	5.90E-06	4.97E-05	3.78E-04	2.97E-04	3.32E-04	5.50E-04	9.66E-04	2.88E-04
C[T>C]C	2.73E-05	3.66E-05	1.18E-04	1.28E-03	1.12E-03	1.26E-03	1.34E-03	1.08E-03	1.34E-03
C[T>C]G	1.73E-05	1.24E-08	2.25E-07	2.44E-06	4.93E-04	2.16E-04	2.29E-03	2.57E-03	4.02E-04
C[T>C]T	6.03E-05	2.99E-05	4.70E-04	1.41E-03	1.10E-03	1.18E-03	1.64E-03	1.23E-03	1.15E-03
C[T>G]A	3.90E-06	6.09E-06	9.09E-05	3.98E-04	3.99E-04	4.61E-04	4.00E-04	1.53E-05	4.64E-04
C[T>G]C	3.12E-05	2.83E-05	2.36E-04	6.18E-04	5.93E-04	7.27E-04	8.47E-04	3.90E-04	6.25E-04
C[T>G]G	1.81E-06	0.00E+00	3.48E-05	9.48E-04	1.21E-03	7.25E-04	5.70E-04	3.45E-04	9.70E-04
C[T>G]T	5.67E-05	2.27E-05	1.25E-04	8.13E-04	1.26E-03	1.05E-03	1.31E-03	7.53E-04	1.39E-03
G[C>A]A	4.96E-05	2.58E-05	7.19E-04	2.29E-03	1.43E-03	3.20E-03	2.63E-03	1.41E-05	3.40E-03
G[C>A]C	8.11E-05	2.74E-05	6.76E-04	1.24E-03	2.07E-03	1.54E-03	1.95E-03	3.52E-04	2.64E-03
G[C>A]G	3.88E-06	2.66E-05	5.99E-04	9.15E-04	3.25E-04	1.15E-03	9.78E-04	4.39E-05	1.14E-03
G[C>A]T	4.88E-05	4.08E-05	5.97E-04	1.80E-03	1.82E-03	1.40E-03	1.79E-03	2.52E-04	2.74E-03
G[C>G]A	1.22E-04	8.95E-05	1.58E-08	6.10E-04	1.15E-03	9.24E-04	9.55E-04	5.45E-05	1.17E-03
G[C>G]C	8.22E-05	5.41E-05	1.90E-04	8.86E-04	1.19E-03	7.31E-04	1.01E-03	2.85E-04	1.07E-03
G[C>G]G	5.22E-05	3.32E-05	4.22E-05	4.17E-04	7.43E-04	3.58E-04	5.37E-04	1.84E-05	6.54E-04
G[C>G]T	1.57E-04	1.45E-04	9.32E-05	1.36E-03	1.72E-03	7.96E-04	1.15E-03	8.22E-05	1.79E-03
G[C>T]A	5.29E-04	4.46E-04	1.54E-03	3.13E-03	1.25E-03	1.97E-03	4.50E-03	1.72E-03	1.64E-03
G[C>T]C	2.00E-04	3.55E-04	2.03E-03	2.36E-03	7.64E-04	2.25E-03	6.97E-03	2.71E-03	1.34E-03
G[C>T]G	2.77E-04	2.69E-04	4.95E-03	2.10E-03	9.38E-04	2.50E-03	6.96E-03	2.03E-03	2.20E-03
G[C>T]T	1.78E-04	2.32E-04	1.66E-03	1.56E-03	9.09E-04	1.65E-03	5.11E-03	2.00E-03	1.35E-03
G[T>A]A	1.97E-05	3.78E-05	5.85E-05	3.45E-04	4.16E-04	3.84E-04	4.01E-04	1.62E-04	5.52E-04
G[T>A]C	5.42E-05	6.85E-05	9.92E-05	7.38E-04	8.30E-04	1.04E-03	8.96E-04	2.18E-04	6.37E-04
G[T>A]G	1.31E-05	1.13E-05	4.15E-05	7.55E-04	9.87E-04	9.22E-04	1.06E-03	3.24E-04	8.60E-04
G[T>A]T	2.12E-05	4.98E-06	1.33E-04	4.82E-04	7.45E-04	8.80E-04	8.14E-04	1.87E-04	7.97E-04
G[T>C]A	1.55E-05	1.42E-05	1.03E-04	1.39E-05	1.42E-07	2.57E-04	1.04E-03	1.68E-03	7.72E-05
G[T>C]C	1.02E-05	1.60E-05	1.33E-04	3.18E-04	5.44E-04	6.33E-04	1.15E-03	9.32E-04	7.78E-04
G[T>C]G	2.05E-05	5.97E-06	2.22E-05	6.00E-07	8.37E-05	5.65E-05	1.53E-03	1.64E-03	1.69E-04
G[T>C]T	2.59E-06	2.21E-05	3.14E-04	8.29E-04	4.27E-04	1.18E-03	1.45E-03	1.78E-03	9.40E-04
G[T>G]A	1.02E-05	6.57E-10	5.52E-05	2.63E-04	4.58E-04	4.15E-04	3.28E-04	9.15E-05	5.06E-04
G[T>G]C	4.75E-06	9.20E-07	1.70E-04	4.90E-04	3.43E-04	4.40E-04	5.23E-04	1.40E-04	6.27E-04
G[T>G]G	6.78E-06	2.85E-09	3.09E-05	6.04E-04	9.39E-04	9.14E-04	6.78E-04	1.47E-04	6.10E-04
G[T>G]T	5.88E-11	4.95E-10	1.42E-04	5.85E-04	5.57E-04	9.44E-04	6.15E-04	2.85E-04	5.85E-04
T[C>A]A	2.55E-03	2.05E-03	2.64E-04	5.74E-03	9.97E-04	3.27E-03	2.53E-03	3.28E-05	7.57E-03
T[C>A]C	1.24E-03	1.14E-03	7.48E-04	3.29E-03	1.64E-03	2.59E-03	3.96E-03	2.12E-04	4.24E-03
T[C>A]G	3.09E-04	5.61E-04	3.22E-04	1.59E-03	3.49E-04	1.11E-03	1.65E-03	1.12E-05	1.96E-03
T[C>A]T	1.20E-03	1.00E-03	2.04E-04	2.88E-03	1.33E-03	1.60E-03	1.31E-03	2.71E-04	5.30E-03
T[C>G]A	1.01E-02	3.78E-04	8.10E-08	9.00E-03	1.88E-04	1.83E-02	2.73E-04	1.55E-05	1.40E-03
T[C>G]C	3.52E-03	4.54E-04	2.58E-05	2.36E-03	1.76E-03	1.68E-03	5.30E-03	6.49E-06	3.59E-03
T[C>G]G	1.13E-03	4.64E-04	3.47E-05	1.18E-03	8.27E-04	1.88E-03	1.42E-03	5.92E-05	7.00E-04
T[C>G]T	8.38E-03	3.89E-04	5.81E-06	1.94E-03	7.33E-04	3.26E-03	8.89E-05	1.10E-04	6.12E-04
T[C>T]A	6.44E-03	1.45E-02	1.03E-07	3.55E-04	2.32E-07	3.03E-03	1.80E-04	1.81E-04	9.00E-05
T[C>T]C	1.20E-03	5.48E-03	1.59E-03	1.50E-02	1.42E-03	4.65E-03	9.52E-03	4.92E-05	6.37E-03
T[C>T]G	6.32E-04	6.23E-03	5.68E-03	1.85E-02	3.97E-04	1.49E-02	1.30E-03	7.16E-04	3.83E-03
T[C>T]T	1.26E-03	1.18E-02	2.58E-04	2.66E-02	1.14E-03	1.65E-03	1.59E-03	2.38E-05	2.16E-03
T[T>A]A	1.71E-05	1.85E-05	2.78E-04	8.33E-04	5.17E-04	1.27E-03	1.30E-03	1.51E-04	6.64E-04
T[T>A]C	3.90E-05	2.89E-05	1.78E-04	6.52E-04	7.80E-04	8.25E-04	7.02E-04	2.21E-04	9.36E-04
T[T>A]G	5.11E-06	7.76E-06	1.95E-05	5.92E-04	7.18E-04	2.81E-04	5.99E-04	1.72E-04	7.74E-04
T[T>A]T	2.46E-05	6.80E-06	4.98E-05	7.56E-04	9.32E-04	1.19E-03	1.30E-03	2.28E-04	9.29E-04
T[T>C]A	2.20E-05	1.88E-05	2.16E-04	6.89E-04	4.60E-04	6.56E-04	1.17E-03	5.98E-04	6.68E-04
T[T>C]C	5.00E-05	3.56E-05	5.63E-04	1.24E-03	7.86E-04	1.34E-03	1.51E-03	8.40E-04	1.36E-03
T[T>C]G	3.65E-05	5.47E-05	2.44E-04	6.05E-04	3.12E-04	6.44E-04	1.28E-03	8.41E-04	6.30E-04
T[T>C]T	1.80E-05	1.43E-05	2.35E-04	7.19E-04	6.53E-04	1.48E-03	1.48E-03	5.70E-04	8.94E-04
T[T>G]A	2.26E-05	9.30E-06	5.73E-05	4.57E-04	5.83E-04	4.49E-04	5.47E-04	1.17E-04	6.57E-04
T[T>G]C	4.35E-05	2.79E-05	1.45E-04	5.59E-04	5.78E-04	6.76E-04	5.56E-04	8.77E-05	7.37E-04
T[T>G]G	3.11E-05	2.72E-05	2.32E-04	5.10E-04	7.66E-04	5.31E-04	6.85E-04	1.48E-04	7.80E-04
T[T>G]T	1.96E-05	4.22E-06	1.08E-04	9.97E-04	9.19E-04	1.13E-03	9.47E-04	1.96E-04	1.29E-03
