NMF_Replicate	L1	L1 %	L2	L2 %	KL Divergence	Correlation	Convergence Iterations
1	153.234	74.448	27.822	53.095	0.624	0.737	40000.0
2	153.29	74.679	27.862	53.369	0.633	0.734	50000.0
3	153.043	74.356	27.803	53.09	0.625	0.737	20000.0
4	152.754	74.294	27.706	53.137	0.628	0.736	80000.0
5	153.048	74.618	27.741	53.222	0.634	0.735	40000.0
6	153.337	74.279	27.873	53.052	0.623	0.737	30000.0
7	153.339	74.55	27.846	53.218	0.629	0.735	30000.0
8	153.249	74.454	27.854	53.196	0.625	0.737	40000.0
9	152.67	74.315	27.7	53.007	0.624	0.738	50000.0
10	153.027	74.42	27.654	53.184	0.631	0.736	40000.0
11	152.809	74.389	27.662	53.02	0.628	0.736	40000.0
12	153.582	74.506	27.883	53.137	0.628	0.736	30000.0
13	153.158	74.352	27.859	52.958	0.626	0.739	40000.0
14	152.98	74.201	27.86	53.0	0.623	0.738	20000.0
15	152.823	74.068	27.692	52.876	0.622	0.74	20000.0
16	153.381	74.511	27.787	53.133	0.627	0.737	30000.0
17	153.287	74.291	27.883	53.093	0.624	0.737	30000.0
18	153.101	74.153	27.831	52.928	0.624	0.738	20000.0
19	153.563	74.639	27.858	53.22	0.627	0.736	40000.0
20	152.76	74.289	27.726	53.015	0.625	0.737	20000.0
21	153.207	74.294	27.863	53.071	0.627	0.737	20000.0
22	152.994	74.244	27.697	52.992	0.625	0.737	40000.0
23	153.345	74.452	27.774	53.103	0.626	0.736	30000.0
24	152.875	74.289	27.62	52.89	0.623	0.739	20000.0
25	153.031	74.56	27.807	53.163	0.629	0.735	50000.0
26	153.293	74.515	27.769	53.123	0.626	0.735	40000.0
27	153.077	74.355	27.813	53.143	0.629	0.736	40000.0
28	153.887	74.506	28.011	53.219	0.629	0.736	20000.0
29	153.06	74.327	27.801	53.072	0.625	0.736	20000.0
30	153.248	74.385	27.848	53.174	0.627	0.736	40000.0
31	153.277	74.288	27.784	53.001	0.629	0.739	30000.0
32	152.682	74.425	27.709	53.164	0.626	0.736	30000.0
33	152.895	74.552	27.789	53.129	0.626	0.736	20000.0
34	153.091	74.4	27.745	53.054	0.627	0.736	30000.0
35	153.201	74.064	27.814	52.972	0.623	0.739	50000.0
36	153.106	74.506	27.837	53.081	0.625	0.737	30000.0
37	152.883	74.256	27.795	53.099	0.626	0.737	20000.0
38	153.456	74.322	27.886	53.088	0.625	0.737	30000.0
39	153.19	74.353	27.766	53.119	0.626	0.737	30000.0
40	153.307	74.401	27.809	53.08	0.626	0.737	30000.0
41	153.59	74.487	27.969	53.25	0.629	0.736	40000.0
42	153.262	74.371	27.893	53.062	0.625	0.738	30000.0
43	153.457	74.541	27.768	53.101	0.629	0.737	30000.0
44	153.288	74.5	27.81	53.158	0.629	0.736	30000.0
45	153.03	74.39	27.755	52.99	0.625	0.738	20000.0
46	153.206	74.283	27.847	53.029	0.625	0.738	20000.0
47	153.336	74.479	27.928	53.343	0.631	0.734	40000.0
48	153.145	74.392	27.731	53.058	0.625	0.738	20000.0
49	153.047	74.181	27.785	52.953	0.624	0.738	40000.0
50	153.031	74.272	27.788	53.112	0.621	0.736	20000.0
51	152.896	74.375	27.742	53.091	0.628	0.736	40000.0
52	153.179	74.46	27.779	53.124	0.627	0.737	50000.0
53	153.283	74.359	27.877	53.075	0.626	0.738	50000.0
54	152.598	74.094	27.744	52.89	0.621	0.739	20000.0
55	153.091	74.498	27.864	53.198	0.627	0.737	30000.0
56	152.847	74.149	27.752	52.943	0.62	0.74	20000.0
57	153.459	74.179	27.92	53.025	0.623	0.737	50000.0
58	152.828	74.206	27.874	53.095	0.622	0.737	20000.0
59	153.859	74.524	27.942	53.177	0.625	0.736	30000.0
60	152.885	74.444	27.743	53.133	0.625	0.736	40000.0
61	153.285	74.474	27.941	53.201	0.627	0.735	50000.0
62	152.989	74.298	27.713	52.959	0.624	0.738	40000.0
63	153.488	74.352	27.99	53.137	0.625	0.737	30000.0
64	152.692	74.425	27.705	53.059	0.627	0.736	30000.0
65	153.284	74.454	27.803	53.141	0.632	0.736	30000.0
66	153.43	74.395	27.802	53.164	0.624	0.737	20000.0
67	153.28	74.36	27.793	53.01	0.626	0.737	20000.0
68	153.494	74.556	27.89	53.212	0.628	0.736	40000.0
69	152.693	74.215	27.699	52.982	0.623	0.738	20000.0
70	153.133	74.171	27.785	52.993	0.621	0.738	30000.0
71	153.231	74.508	27.837	53.116	0.626	0.736	60000.0
72	153.478	74.354	27.915	53.109	0.625	0.737	30000.0
73	152.975	74.348	27.804	53.029	0.625	0.738	30000.0
74	152.988	74.313	27.748	53.088	0.623	0.737	30000.0
75	153.378	74.434	27.855	53.128	0.632	0.738	40000.0
76	152.893	74.355	27.759	53.064	0.627	0.737	30000.0
77	153.246	74.362	27.877	53.163	0.625	0.737	20000.0
78	153.471	74.481	27.794	53.137	0.624	0.736	30000.0
79	153.01	74.306	27.782	53.064	0.623	0.738	30000.0
80	152.645	74.197	27.726	52.897	0.624	0.739	30000.0
81	153.044	74.409	27.8	53.088	0.625	0.737	40000.0
82	153.172	74.426	27.794	53.101	0.624	0.736	20000.0
83	153.036	74.365	27.759	53.059	0.623	0.737	30000.0
84	153.685	74.526	27.91	53.116	0.626	0.737	30000.0
85	152.903	74.363	27.827	53.102	0.624	0.737	20000.0
86	152.762	74.082	27.667	52.929	0.624	0.739	30000.0
87	152.487	74.132	27.726	52.973	0.621	0.739	30000.0
88	153.24	74.387	27.848	53.127	0.627	0.736	30000.0
89	152.836	74.402	27.789	53.01	0.625	0.738	20000.0
90	153.293	74.496	27.86	53.123	0.627	0.736	20000.0
91	152.795	74.4	27.653	53.09	0.626	0.737	20000.0
92	153.022	74.288	27.693	52.991	0.624	0.738	30000.0
93	152.97	74.167	27.813	53.021	0.626	0.738	20000.0
94	153.573	74.569	27.904	53.267	0.629	0.734	20000.0
95	153.687	74.534	27.876	53.173	0.626	0.737	40000.0
96	153.185	74.336	27.768	53.05	0.625	0.737	30000.0
97	153.057	74.23	27.828	52.948	0.623	0.739	30000.0
98	153.547	74.539	27.886	53.224	0.626	0.735	30000.0
99	152.902	74.378	27.726	53.111	0.626	0.735	20000.0
100	153.199	74.259	27.81	53.019	0.624	0.738	40000.0
