MutationType	SBS96A	SBS96B	SBS96C	SBS96D	SBS96E	SBS96F	SBS96G	SBS96H	SBS96I
A[C>A]A	0.00013988861338225874	0.004893065316338152	0.031769254934042694	0.0004440007350922315	0.020529366165499142	0.0011292432186019142	0.0001318234195067116	0.0011270064137170266	0.0015004977003263776
A[C>A]C	9.841812090342476e-05	0.004406304684162024	0.032379871134180574	0.0012622032482249778	0.020119694075474398	0.0012068492900289129	0.0005507328752472773	0.0022323689388576897	0.0014413747080834582
A[C>A]G	5.512292692027854e-06	0.0024062441061864616	0.02518003003369813	5.295099401654291e-06	0.0036015377768746503	5.5737125487693714e-05	0.00013870952976091644	0.00045139784968704964	0.0003044695371075079
A[C>A]T	7.529511391112465e-05	0.002321215290182872	0.022057894291356205	0.0022768780641490593	0.008994864715859877	9.303986986992804e-05	0.0002881779957333919	0.002621962274570251	0.0015851444105646805
A[C>G]A	2.3985790376112698e-05	0.0008220441379671684	0.006393536814432537	0.0004307089280882792	0.019564591608941556	0.002431303679186385	0.0005802982644308941	5.684884655465794e-05	0.0003666080172115471
A[C>G]C	0.0001408939250177664	0.0011160927877708103	0.0032200386247131976	0.0003032491790325764	0.01904364710266236	0.0018345899708219803	0.0018479910492897034	0.00036916697952622785	0.0009322288775001652
A[C>G]G	0.00046475354711219554	0.001198655140506162	0.002988680645150481	3.8544302968404056e-05	0.012007709462195634	0.0008712027836008929	0.0001384656401587847	0.00021798681381280717	0.0004210654614767506
A[C>G]T	0.00013962442629851025	0.0007489458715633378	0.0027370439353398977	0.0008333729672449408	0.02034259419888258	0.0032455229619517923	0.0013664621511270524	7.017940254854693e-05	0.0009677597987536046
A[C>T]A	0.00039784929564353204	0.00744497702697899	0.008890562418382614	0.017456315732561054	0.022141914934036323	0.0048821003339253365	0.010270485752262175	0.0008223354545913253	0.0026726410377159483
A[C>T]C	0.017616428093816864	0.03726638358552009	0.003956074002780951	0.012288990104570985	0.01543235087650828	0.0001771196665908158	0.009095331532880663	0.002938120151383375	0.0013365391604749954
A[C>T]G	0.00016540537803998604	0.03762016121199222	0.0006363859260716431	0.17131996455907939	0.03369778655124276	0.0042962953052483495	0.00139260515676388	0.007004974155794912	0.0042926391441593294
A[C>T]T	0.00455609564727638	0.012988970118261705	0.0035933654475957155	0.008557372759096325	0.018152266645338387	0.0007527196539748718	0.005850804904475808	0.0038429956945765296	0.003452324865793344
A[T>A]A	0.0007871108205630575	0.002795567774301162	0.0036367255432772083	5.1241973415017124e-06	0.00684798789074435	0.00020543847740189136	0.005656250680331141	0.00026539161065697314	0.00026484237905023634
A[T>A]C	0.0007514399523097381	0.002382522842781327	0.0018972454709000885	0.0010253700148793853	0.00853135252633365	0.00044363975617621064	0.014582524793222546	0.0005720876297937283	0.0010080211073525901
A[T>A]G	0.000986128238546371	0.003062532816911698	0.007999799316748976	3.1887760051176884e-05	0.014192815638234607	0.00040968131113004345	0.0015802134095793008	0.0008948487555076042	0.0007614196304781017
A[T>A]T	0.0029111881410062777	0.005632625614732434	0.0011554223873827141	0.001555816109466832	0.007300423814740498	4.377277411992786e-05	0.008501195546705276	0.00040434491073199297	0.0023861004608625083
A[T>C]A	0.00010062744513561483	0.0028598686676004114	0.005170142508577555	0.0007031163873492797	0.01998555746031343	0.0003849107892238753	0.033722073677927254	0.004017970255571666	0.00027055390375608113
A[T>C]C	0.00013147888865205467	0.001777961447442067	0.00025548788397827593	0.0035632267271284946	0.00862310394702945	0.0007119272465206449	0.022517189867794513	0.004425242769975739	0.006715540189761668
A[T>C]G	0.00027764500825171434	0.005269415869476006	0.005137560460425448	0.005540500274801161	0.017072404893115165	0.00038021331109728304	0.06094769950956106	0.0022781644373935706	0.00013284862399328104
A[T>C]T	0.0007236446922124529	0.004812139101377397	0.0004299065736995544	0.0004388091010931128	0.026089664625469595	0.0006175103757294495	0.016484134858474137	0.00438074937726924	0.0027736779464957806
A[T>G]A	0.00031288995092666034	0.0013955001534697283	0.0001782986110040518	3.967651084559598e-06	0.004836067084313811	0.0002099721000649879	0.000594610216980378	0.0003205404215370189	0.0022131452972644185
A[T>G]C	0.00023955811720952625	0.001000697933234651	7.112586046372323e-05	0.00019163868410602587	0.0035901028901571407	0.00018240239040324014	0.002298512926790863	0.002070019592938479	0.007493584952317178
A[T>G]G	0.0009936131943413785	0.002094075793938828	0.000954010735367774	8.224986749155505e-05	0.007844228761451575	0.0002035061768765445	0.0015488048107363283	0.0008280131425567561	0.002662917484412901
A[T>G]T	0.00014905701885121496	0.0011775495669280643	0.00033035564612873716	9.007058967963388e-05	0.0007514997611284064	3.295952223394849e-05	0.0008314064556566337	0.006682865947949992	0.03531045475974679
C[C>A]A	0.002188627989962697	0.0043195761659603	0.08697709508240223	0.005065109468816331	0.0014477816751731775	0.0002169026976222227	0.00488357306443504	0.0006452072035790479	0.0020114941012548113
C[C>A]C	0.0009270327319973148	0.0019063221194599578	0.08372598242014646	0.012434508858015362	2.5359167183722774e-05	6.274268038453102e-10	0.010267238790238623	0.00013943908498717405	0.00026840284162915395
C[C>A]G	0.0003735495182721707	0.0020188859311542195	0.053612092174589634	0.004624956938269964	3.2187247546211496e-06	2.8090756235599202e-06	0.005852668215935921	7.40015669973637e-05	2.502168166884644e-08
C[C>A]T	0.0009174393336747797	0.004450393207954342	0.06458735739726108	0.043261492084770904	0.00013732424354488516	2.137166261073631e-06	0.020486851840030625	0.0011560916739066051	1.0074993994635406e-09
C[C>G]A	0.00011866427982806738	0.0012019927283064451	0.00821023127733497	0.0	0.01978177895769477	0.005220947377383709	4.314419985924198e-05	0.00016150880096658327	0.0007242776345872848
C[C>G]C	0.0005307576760009169	0.001760677361337149	0.007589903700718424	2.6795555208793952e-05	0.018071012459695338	0.0009666618248843969	4.383629164594801e-05	0.000439608922076731	0.00036161856801687265
C[C>G]G	0.0006386658814146318	0.0023101617650968364	0.006904530657920987	3.888573191048294e-05	0.015987020283937455	0.000446482736628866	0.00023438368059299552	9.048421080972701e-05	0.00020832970736702982
C[C>G]T	0.0001448505099779551	0.0014974871759477538	0.006666281368507043	4.03646905717145e-05	0.026602508146315814	0.00520641200710088	0.00013502594719203565	0.000118876051706156	0.0007715568595574851
C[C>T]A	0.0655167923681438	0.07523319048341363	0.017008905292022973	0.0034878056196612304	0.021796678777156034	0.0066666981090462585	0.00045326918653407157	0.0023126980896586245	0.0038280159038313853
C[C>T]C	0.0678350327106945	0.13987057096052471	0.007213883580971583	0.0029091159442954507	0.0030549090494698117	2.352340780689133e-06	0.005267723362084666	0.0007103529124803745	0.0007858595800288384
C[C>T]G	0.01906929943015744	0.08018459020242724	0.00517365807434544	0.15806160289794208	0.025948632706422357	0.0059777466529337174	0.0011526107621764937	0.005045646249696902	0.0034068861210835165
C[C>T]T	0.05137107145508014	0.10438609431730589	0.011979849534109235	0.004185041825985536	0.018128251519519835	0.002918468956486322	0.0021459809639418383	0.004531697505977018	0.003251300279953284
C[T>A]A	0.0005363033942388755	0.0019545957066977506	0.006936764302663505	9.596172573083095e-06	0.005825901026137785	0.00024232781400954195	0.0005577088947582354	0.0001578880070201194	0.001072496844426496
C[T>A]C	0.0016043732460821046	0.002354448273975831	0.00893639744259417	0.0007512123478954891	0.009662131787627004	0.00023783960608852794	0.005542487653438002	0.00046895374740420594	0.011136723852250724
C[T>A]G	0.0006850614888259088	0.005455111853479942	0.03233538922526767	5.83552333409898e-06	0.013302984202651328	8.305129670247879e-05	0.002072096424526535	0.0009724391593044857	0.006941681590105873
C[T>A]T	0.0021191906028126084	0.0036289331184231346	0.008581838044337929	1.2840640519018696e-05	0.011317008065830123	7.370036916602984e-06	0.0008718852433548818	0.00018915566200484457	0.03215865638107061
C[T>C]A	0.0012013906364404237	0.0029515276500034515	0.0035550194117240606	0.00023896037963439199	0.004667108454446876	5.985787815291133e-05	0.029219441628083587	0.0003087488313030917	0.006632454865612089
C[T>C]C	0.0009449093165312661	0.003227660811135138	0.0016967423411551863	0.0026550196498283185	0.008422826586756854	0.00018543107205914566	0.02044625284150243	0.0002732315992761936	0.047386123798787594
C[T>C]G	0.00032626081180725026	0.0060465142089378785	0.00848929223138839	0.008640377392315485	0.003175624358989806	1.009825457003899e-05	0.077708062492311	0.0002214063177632397	0.02922263227868825
C[T>C]T	0.0034197450392343853	0.006640229472868669	0.001930381800891503	5.114464278449304e-05	0.009781837868024184	0.00018159034296992614	0.023946109432727097	0.00014697419945150614	0.09673039115965366
C[T>G]A	0.00012337126995111693	0.0004330749078392531	0.00024917600670960383	0.00010036719697765761	0.004084382161381655	6.485683974005952e-05	0.0012695513518701774	0.0011016526345406317	0.0039862835756503045
C[T>G]C	0.000702618238989885	0.0017319499805090943	0.00013317173948962596	0.0024341878255654593	0.004955822332703974	0.0002609640027503701	0.005931504680775106	0.0009107595613750164	0.019271632665768267
C[T>G]G	0.001052973152982304	0.0021953336464139283	0.003931025495403446	0.002266472571373015	0.011975108371116221	1.2462103613870568e-05	0.011512350309640169	0.0015953917033039034	0.014628966599702834
C[T>G]T	6.776064087610223e-10	8.911649626153206e-07	2.915178931583995e-10	0.00010484028081009456	5.633309003649777e-07	4.701447127164471e-09	2.9218996098201446e-07	0.0006458943660995908	0.25082535311579707
G[C>A]A	4.344095505075529e-06	0.004713380895846058	0.032867234613513575	0.002429713150340831	0.021623447983292864	0.0007696059383670217	1.401298464324817e-47	0.001991042598092463	0.005028477385640145
G[C>A]C	3.0313418865262065e-05	0.003581909310160772	0.041071038588415834	0.004267545657930896	0.012109141533146612	0.0007946619030554655	0.002999822561396286	0.0016984452535871242	0.0010910517175361342
G[C>A]G	0.0	0.0029780787667053232	0.03335964266478129	0.0017410965517046862	0.000862497666323554	0.00024635775099763447	0.00023585847324132382	0.0008038340582606907	0.0003215470619865002
G[C>A]T	1.1719346140637299e-06	0.0017224614906490388	0.025613802049774675	0.015457979757338763	0.009098877043904113	0.0006516302513773553	0.0015348049436181555	0.004020960989249778	0.0019318016063334653
G[C>G]A	1.074320887318268e-05	0.000718902112566866	0.006173047524644062	0.0002983533683982387	0.012212660904915539	0.0020532545825699346	0.0006321711431218091	0.00015330133457609917	0.0008474101777937904
G[C>G]C	0.0001452987673133066	0.0013457788701195634	0.006914360006339848	0.0014737252265331336	0.016342196948826312	0.0013322797004366293	0.004611058570444584	0.00018525832156001342	0.00023917138536489802
G[C>G]G	0.00019486926372337622	0.0012275186314876052	0.0070556692404294095	8.265542309139562e-05	0.006625288627110422	0.000673783143665787	2.0602065003823e-05	0.0001111805149251488	3.874203985754221e-05
G[C>G]T	2.0281701144995166e-05	0.0005202801073755836	0.0038188919675303636	0.0004461305740878174	0.01777224583842326	0.0033672549517359584	0.0014511708900681697	0.0004420112632942619	0.0007252776802306471
G[C>T]A	0.00031136649834479613	0.0033417522247001495	0.007077045110345352	0.03941374070942402	0.017902832601685077	0.008446420826949179	0.02970689596608281	0.0020416036815719004	0.00011080634430982172
G[C>T]C	0.018884384883293952	0.02398249503055493	0.006008221951778978	0.06102500714361667	0.0016788958856247599	0.0009019771013550322	0.05943292286247015	0.01878016320355927	0.0005928863333788066
G[C>T]G	0.0	0.01145399016238187	0.002888557578127403	0.28262087583541873	0.006993556496564435	0.0031052473209777533	0.008104733170017179	0.02812877602147637	0.0067061636487778745
G[C>T]T	0.014008312241662253	0.009767403357418516	0.005715752188116312	0.03566134659573436	0.008918275476025883	0.00015479883993975817	0.03248423949815333	0.03201035622449126	0.0025437235888362865
G[T>A]A	0.0006829114184802168	0.0012536768946801403	0.006764198602177203	3.973235702687817e-06	0.0055643059812427965	0.0001994747082905235	0.0028601892152801157	0.0005173131246741031	1.5051235019836185e-05
G[T>A]C	0.00027261965820798653	0.0014520120196266362	0.0036864144261926413	0.00038037743286885474	0.007014023734082002	0.00038625204960681005	0.010896103447303176	0.000282327891109162	0.0026848833746043964
G[T>A]G	0.0008943823681272223	0.004071579565177785	0.010968704189872369	1.6642852844128698e-06	0.010229711913513028	0.00012091689267170303	0.0020933681140013504	0.0002088792994637575	0.0005998047432535713
G[T>A]T	0.001093708184598654	0.0025732291879194237	0.003384201980661601	0.0003494751998361004	0.0070741008196637265	5.99598790277743e-05	0.0031662240528385153	0.00010516803420614452	0.005590168912895024
G[T>C]A	9.438726920052431e-08	0.0002606935928789156	0.0007835765447045162	0.0009473572297392607	0.00035819727760902365	2.78900007784455e-05	0.09734302252531052	0.007393724204358243	0.00042851071738938987
G[T>C]C	4.138537633480155e-06	0.0005101653493170133	5.367894562340325e-06	0.005207389047609467	0.000507379831950665	4.2975115563028684e-05	0.04843974158167839	0.014335534722700913	0.015774295043665915
G[T>C]G	5.418389407163548e-06	0.000827206163706902	0.0010327779001015358	0.0015268130607486085	0.0002452197278461621	2.3152573751987735e-05	0.08756456047296524	0.0042216548672175235	0.0063780251407615654
G[T>C]T	0.010036676973749365	0.00577321769557004	9.311584693808328e-05	0.00010954614200906596	0.003749625014218516	3.5044865676070457e-10	0.054357118494808676	0.009356332743693798	0.010633567231707275
G[T>G]A	0.0001893324140755226	0.000588421773193204	0.0004042486194521189	3.6698518013098535e-05	0.004935386404395103	0.00013576126793925225	0.0004482006738544442	0.0010616117166068761	0.0022477326255466324
G[T>G]C	0.0003168153211754543	0.0004756831176655396	0.00015719430642263888	0.0011360207002144307	0.003846180404070765	7.392666360790167e-05	0.0010412212206028927	0.002065947231894853	0.009088190561160446
G[T>G]G	0.002109618314716499	0.0025978988537775295	0.0013301332036738244	0.00039388576805272647	0.010552175978664308	3.5437919432297346e-05	0.0026235415175324306	0.0007596265559550374	0.004672802723944187
G[T>G]T	0.0004909327225223769	0.0005049365404307833	0.00030358960753346765	0.0008235218231402541	5.611236637733441e-05	0.0	0.002134719187451992	0.0003099887973942117	0.06511727806180716
T[C>A]A	0.00032929586753346234	0.004940174514006821	0.03149497078564309	0.0001662407006642752	0.009667669698857052	0.03973648395389318	3.0311622076339975e-07	0.013728386030561524	0.009649494657060132
T[C>A]C	0.0021601651466879508	0.00814947579356503	0.05451548677345272	0.003180738006230968	0.019254883292887826	0.019043168798089028	1.4694172277813777e-05	0.00566899377037771	0.0015286453510634601
T[C>A]G	0.00016235201839691376	0.0027166615019632444	0.019229643457219937	0.0005308711771067465	0.007155931841743137	0.0074782292265445	0.00015202280906432276	0.0015465187534573516	0.0007094560722543975
T[C>A]T	8.137631928548217e-05	0.004373736775801088	0.04022162177134305	0.006643396066708504	0.0029747784646046837	0.016865694439038636	5.576950478396014e-05	0.0790003224182874	0.050302768748351524
T[C>G]A	5.749471965188491e-10	0.00013241074412289778	0.0007417123333228659	3.945383155734561e-09	0.00019714488581385581	0.21441970109939576	2.45682445781243e-08	3.748993414205648e-05	5.779116761139846e-08
T[C>G]C	0.0007351093562828734	0.002010677480655545	0.006388106611557305	6.260589286508634e-05	0.020467461085063407	0.07091758418828249	0.0006645750203194467	0.00022976711072681956	0.0002545831180486857
T[C>G]G	0.00027438720929554147	0.0010329270166151575	0.0028031470755108855	5.569941472458595e-06	0.0076448345886456085	0.02543504087254405	1.7494692005382007e-06	9.763585559852573e-05	0.00023215902953914734
T[C>G]T	6.326162622382173e-05	0.0004331563921999271	0.0005876219805122175	6.475587375431857e-06	0.008472840876830751	0.2598326916992664	0.00036867161251807445	0.00031251546834546226	0.0006598855772850953
T[C>T]A	0.10358244553541404	0.0928945624963447	0.001304482000577744	0.0007866906013876118	0.048205343746412194	0.1599633743275922	0.0013302602235725303	0.08804748208510205	0.0026351045786190672
T[C>T]C	0.414530268907547	0.04858071823623978	0.0031435018177333697	1.3699512773890257e-05	0.00015132854377067334	0.01618670922807464	6.732017006292778e-05	0.023098022875311555	0.00012516279037824542
T[C>T]G	0.09483423249143172	0.022327471830850366	2.1439079002316673e-07	0.04576808118099244	0.007500913031493979	0.008244836680642926	0.00015300001572423464	0.4565693183988333	0.018277423482797914
T[C>T]T	0.057838078893008814	0.08812023941586722	0.004306358591546484	0.000423928655582273	0.023876983863338565	0.08253380181085163	0.00038339265820468426	0.07583606182830409	0.009516929743329001
T[T>A]A	0.0013095709067056304	0.002963380395012847	0.0028548751480411737	0.0003375002066975696	0.007392784809578643	0.00025956089271289784	0.0029757157084532083	0.00040552832744651825	0.00048808446029994455
T[T>A]C	0.001905237468308769	0.003403991507687578	0.0031646544812247157	0.00011343522158007601	0.0095881399011764	0.00017434214600875488	0.002762370295386063	0.0001416734986105439	0.002485194366890937
T[T>A]G	0.0009841464855898298	0.0026285278566597903	0.00699348533526063	1.97200864855418e-07	0.006923214827804713	7.062728543774099e-06	0.0008261776834842749	0.00022151839640308424	0.0012293897083145565
T[T>A]T	0.005193859534629155	0.005785926732559217	0.0023351483859005385	6.267847355502454e-05	0.009190360605046112	4.004386737991084e-05	0.0006037032233578543	0.0003703835464671812	0.0076608346065040675
T[T>C]A	0.003025188638130203	0.0032138845614425203	0.0013039775477955119	0.00017796198536686346	0.005619464638351347	0.00010912963818555	0.026797058675438166	0.0020798824418751687	0.0022285603036289103
T[T>C]C	0.0019679261267267867	0.0026397184846219655	4.844989738785443e-05	0.0023871565569425	0.0070757601133936985	0.00029387054484686836	0.025453068893402816	0.006106391968456182	0.01288482784293592
T[T>C]G	0.00171592961094575	0.004426327944383956	0.0013792253803067212	0.002970364518624464	0.005175702506094239	0.00022836568188722595	0.032281510992906985	0.0012393787977634928	0.004764981828629971
T[T>C]T	0.002040219439222722	0.004168654315595859	0.0001908984557443269	0.0004633613474283038	0.009755812557414175	8.831324928905815e-05	0.018172262329608203	0.004349306060030358	0.00879758940078318
T[T>G]A	0.0003863096082170614	0.0010530746939116397	0.00017329683812233654	1.5159011850194303e-05	0.005355105906533772	0.00019060778829624425	1.3408655702473737e-05	0.0030802096412228153	0.003763732634834014
T[T>G]C	0.0009805994409362037	0.0019757274105112544	0.00014608613825388693	1.2157490946940186e-05	0.004918994996187393	0.0002881163931341819	0.0010733271893695927	0.00562935886708598	0.01562377529218793
T[T>G]G	0.00045377569349511757	0.001576178981740668	0.0015132399971480482	0.00018164812429176898	0.009052190363872796	0.0002754660207494507	0.0007067451961120241	0.0013904717980901893	0.0055297277704812586
T[T>G]T	0.0012020028814593786	0.0009559745099349736	0.00023921112308909919	1.0386495641334648e-09	0.0006607168620713578	9.63416864253424e-06	8.446297972142247e-10	0.028514643718563885	0.08036671169102191
