MutationType	SBS96A	SBS96B	SBS96C	SBS96D	SBS96E	SBS96F	SBS96G	SBS96H	SBS96I
A[C>A]A	1.82E-05	1.24E-03	8.64E-04	3.28E-05	8.54E-04	6.59E-05	2.64E-05	6.74E-04	1.40E-04
A[C>A]C	1.97E-05	1.16E-03	7.46E-04	5.73E-05	7.99E-04	6.81E-05	4.87E-05	7.73E-04	1.10E-04
A[C>A]G	1.50E-06	9.36E-04	7.18E-04	2.34E-06	3.97E-04	1.16E-05	1.27E-05	4.16E-04	2.53E-05
A[C>A]T	1.27E-05	6.36E-04	3.45E-04	8.15E-05	3.52E-04	1.47E-05	3.23E-05	3.07E-04	1.16E-04
A[C>G]A	5.63E-06	2.68E-04	1.91E-04	2.24E-05	7.59E-04	1.42E-04	5.60E-05	4.85E-05	1.19E-04
A[C>G]C	1.59E-05	2.72E-04	1.57E-04	2.55E-05	6.99E-04	1.10E-04	1.06E-04	1.10E-04	1.78E-04
A[C>G]G	2.96E-05	2.57E-04	1.18E-04	5.87E-06	4.21E-04	7.06E-05	2.84E-05	6.48E-05	1.06E-04
A[C>G]T	1.48E-05	2.54E-04	1.58E-04	3.39E-05	7.75E-04	1.80E-04	9.49E-05	2.68E-05	2.68E-04
A[C>T]A	4.68E-05	1.06E-03	2.60E-04	3.21E-04	7.67E-04	1.79E-04	2.66E-04	3.29E-04	2.34E-04
A[C>T]C	1.63E-03	2.78E-03	2.25E-04	1.21E-04	5.92E-04	3.38E-05	1.86E-04	3.32E-04	1.20E-04
A[C>T]G	2.77E-05	9.32E-03	1.67E-04	4.35E-03	1.84E-03	2.71E-04	4.11E-04	3.33E-03	4.46E-04
A[C>T]T	3.93E-04	7.72E-04	1.63E-04	1.22E-04	6.13E-04	8.73E-05	1.67E-04	3.05E-04	2.40E-04
A[T>A]A	6.99E-05	4.35E-04	1.15E-04	5.12E-06	2.70E-04	2.39E-05	1.13E-04	9.23E-05	4.85E-05
A[T>A]C	4.92E-05	4.34E-04	7.21E-05	8.09E-05	3.25E-04	4.24E-05	1.79E-04	1.72E-04	1.13E-04
A[T>A]G	5.47E-05	5.67E-04	2.53E-04	8.38E-06	5.02E-04	5.48E-05	7.62E-05	4.47E-04	1.37E-04
A[T>A]T	1.61E-04	8.27E-04	6.34E-05	4.12E-05	3.66E-04	1.36E-05	1.63E-04	6.81E-05	1.39E-04
A[T>C]A	1.53E-05	5.63E-04	1.83E-04	9.76E-05	6.92E-04	4.39E-05	2.97E-04	6.28E-04	6.26E-05
A[T>C]C	1.76E-05	3.64E-04	3.96E-05	9.38E-05	3.35E-04	3.96E-05	2.22E-04	4.85E-04	1.46E-04
A[T>C]G	2.68E-05	1.31E-03	2.11E-04	2.54E-04	6.35E-04	3.95E-05	6.57E-04	5.05E-04	3.50E-05
A[T>C]T	6.85E-05	1.12E-03	1.22E-04	4.73E-05	1.03E-03	9.66E-05	4.55E-04	5.84E-04	2.51E-04
A[T>G]A	2.52E-05	3.17E-04	2.96E-05	1.73E-06	2.13E-04	3.02E-05	4.74E-05	6.21E-05	1.10E-04
A[T>G]C	2.65E-05	1.49E-04	1.33E-05	1.74E-05	1.34E-04	2.08E-05	6.12E-05	2.09E-04	9.58E-05
A[T>G]G	8.00E-05	4.30E-04	5.80E-05	1.40E-05	3.24E-04	2.77E-05	6.50E-05	9.07E-05	1.27E-04
A[T>G]T	1.84E-05	2.57E-04	2.36E-05	1.41E-05	1.80E-04	7.56E-06	4.54E-05	8.67E-04	3.47E-04
C[C>A]A	1.34E-04	9.17E-04	2.29E-03	1.96E-04	2.15E-04	3.20E-05	2.20E-04	9.65E-05	9.95E-05
C[C>A]C	5.18E-05	1.10E-03	3.37E-03	4.51E-04	1.78E-05	4.46E-10	4.07E-04	3.23E-05	3.32E-05
C[C>A]G	3.99E-05	5.74E-04	1.85E-03	1.74E-04	3.15E-06	1.61E-06	2.13E-04	1.94E-05	2.42E-08
C[C>A]T	8.40E-05	3.04E-03	2.78E-03	1.36E-03	1.07E-04	2.13E-06	8.20E-04	1.66E-04	6.13E-10
C[C>G]A	1.48E-05	3.77E-04	2.71E-04	0.00E+00	7.53E-04	2.11E-04	1.45E-05	1.47E-04	1.30E-04
C[C>G]C	3.80E-05	3.75E-04	2.51E-04	5.64E-06	6.37E-04	1.11E-04	1.94E-05	1.60E-04	9.73E-05
C[C>G]G	5.11E-05	4.07E-04	2.03E-04	7.24E-06	5.71E-04	7.42E-05	4.27E-05	9.05E-05	6.11E-05
C[C>G]T	1.69E-05	3.83E-04	2.51E-04	8.62E-06	1.02E-03	2.64E-04	2.29E-05	1.05E-04	2.11E-04
C[C>T]A	2.40E-03	4.96E-03	3.58E-04	1.93E-04	7.39E-04	3.99E-04	8.23E-05	5.42E-04	2.94E-04
C[C>T]C	7.14E-03	1.32E-02	7.92E-04	3.00E-04	4.68E-04	2.35E-06	3.52E-04	1.72E-04	1.20E-04
C[C>T]G	2.01E-03	7.72E-03	2.89E-04	4.19E-03	1.54E-03	3.21E-04	3.96E-04	3.11E-03	4.38E-04
C[C>T]T	5.12E-03	9.47E-03	5.06E-04	2.41E-04	9.39E-04	2.07E-04	1.76E-04	4.31E-04	1.86E-04
C[T>A]A	4.02E-05	4.10E-04	2.10E-04	2.64E-06	2.54E-04	1.94E-05	3.07E-05	1.31E-04	7.20E-05
C[T>A]C	7.21E-05	5.82E-04	2.55E-04	5.16E-05	3.48E-04	3.32E-05	9.06E-05	2.32E-04	2.72E-04
C[T>A]G	4.06E-05	1.45E-03	9.48E-04	2.90E-06	7.59E-04	1.83E-05	8.45E-05	6.96E-04	2.10E-04
C[T>A]T	9.43E-05	8.28E-04	2.25E-04	5.21E-06	4.61E-04	5.41E-06	5.49E-05	1.65E-04	5.82E-04
C[T>C]A	6.22E-05	6.70E-04	1.13E-04	6.96E-05	2.60E-04	1.16E-05	2.76E-04	7.48E-05	2.43E-04
C[T>C]C	4.94E-05	7.67E-04	9.70E-05	9.91E-05	3.51E-04	2.25E-05	2.64E-04	1.11E-04	8.00E-04
C[T>C]G	2.95E-05	1.95E-03	3.76E-04	4.00E-04	2.91E-04	6.37E-06	9.93E-04	2.19E-04	7.27E-04
C[T>C]T	1.73E-04	1.19E-03	9.10E-05	2.23E-05	4.74E-04	2.60E-05	3.30E-04	1.03E-04	1.53E-03
C[T>G]A	1.07E-05	1.31E-04	2.80E-05	1.40E-05	1.50E-04	1.44E-05	6.17E-05	1.28E-04	9.07E-05
C[T>G]C	4.73E-05	2.47E-04	2.31E-05	8.01E-05	1.81E-04	2.48E-05	1.27E-04	1.25E-04	2.98E-04
C[T>G]G	6.10E-05	4.32E-04	1.53E-04	8.73E-05	4.39E-04	5.31E-06	2.16E-04	2.10E-04	2.33E-04
C[T>G]T	3.27E-10	3.49E-07	1.04E-10	2.27E-05	5.58E-07	1.10E-09	8.11E-08	2.35E-04	3.47E-03
G[C>A]A	2.90E-06	1.32E-03	8.98E-04	7.83E-05	9.83E-04	5.70E-05	1.40E-47	1.03E-03	2.23E-04
G[C>A]C	6.32E-06	1.38E-03	1.02E-03	1.17E-04	7.38E-04	4.30E-05	9.35E-05	7.81E-04	7.89E-05
G[C>A]G	0.00E+00	1.05E-03	7.82E-04	4.82E-05	3.49E-04	2.50E-05	4.06E-05	5.45E-04	4.15E-05
G[C>A]T	8.20E-07	7.25E-04	6.07E-04	3.67E-04	5.22E-04	4.05E-05	1.36E-04	5.77E-04	1.44E-04
G[C>G]A	5.20E-06	2.07E-04	1.47E-04	2.19E-05	4.51E-04	9.22E-05	4.41E-05	1.12E-04	1.15E-04
G[C>G]C	1.60E-05	2.62E-04	2.39E-04	5.48E-05	6.17E-04	8.09E-05	1.27E-04	8.32E-05	7.78E-05
G[C>G]G	1.75E-05	2.81E-04	1.80E-04	9.27E-06	2.66E-04	4.44E-05	5.61E-06	1.07E-04	2.12E-05
G[C>G]T	6.23E-06	2.34E-04	1.55E-04	3.43E-05	6.86E-04	1.82E-04	9.75E-05	6.42E-05	1.56E-04
G[C>T]A	2.56E-05	7.32E-04	2.38E-04	7.86E-04	6.23E-04	2.33E-04	3.51E-04	4.74E-04	3.75E-05
G[C>T]C	1.22E-03	2.26E-03	3.54E-04	1.95E-03	5.14E-04	8.72E-05	1.10E-03	1.25E-03	1.44E-04
G[C>T]G	0.00E+00	3.42E-03	1.91E-04	4.25E-03	1.26E-03	2.24E-04	1.10E-03	3.62E-03	5.09E-04
G[C>T]T	6.95E-04	9.44E-04	2.55E-04	1.19E-03	7.13E-04	4.44E-05	6.11E-04	1.52E-03	3.69E-04
G[T>A]A	3.54E-05	3.21E-04	2.06E-04	2.49E-06	2.42E-04	2.39E-05	5.78E-05	1.45E-04	6.02E-06
G[T>A]C	2.70E-05	3.32E-04	1.26E-04	5.88E-05	2.45E-04	3.63E-05	1.02E-04	1.37E-04	1.32E-04
G[T>A]G	7.80E-05	6.60E-04	3.25E-04	1.21E-06	4.14E-04	2.09E-05	6.81E-05	2.09E-04	6.97E-05
G[T>A]T	5.98E-05	5.41E-04	1.04E-04	2.51E-05	2.91E-04	1.69E-05	8.97E-05	7.25E-05	1.88E-04
G[T>C]A	9.44E-08	2.60E-04	6.77E-05	2.70E-04	2.77E-04	6.45E-06	8.32E-04	9.52E-04	9.84E-05
G[T>C]C	1.94E-06	5.08E-04	3.01E-06	3.95E-04	4.09E-04	9.39E-06	6.15E-04	1.85E-03	6.56E-04
G[T>C]G	2.93E-06	6.01E-04	7.41E-05	2.85E-04	1.72E-04	6.84E-06	6.03E-04	5.46E-04	1.74E-04
G[T>C]T	5.24E-04	8.84E-04	2.79E-05	4.98E-05	3.14E-04	2.59E-10	5.48E-04	1.04E-03	2.94E-04
G[T>G]A	1.62E-05	1.38E-04	3.64E-05	6.95E-06	1.77E-04	1.87E-05	2.92E-05	1.25E-04	1.05E-04
G[T>G]C	2.42E-05	9.84E-05	1.96E-05	4.01E-05	1.43E-04	1.18E-05	6.06E-05	2.55E-04	1.26E-04
G[T>G]G	1.28E-04	5.21E-04	7.82E-05	4.44E-05	4.09E-04	1.16E-05	1.21E-04	1.04E-04	1.98E-04
G[T>G]T	3.82E-05	7.84E-05	2.90E-05	4.93E-05	3.42E-05	0.00E+00	9.33E-05	7.52E-05	1.04E-03
T[C>A]A	5.05E-05	1.21E-03	7.74E-04	2.30E-05	6.27E-04	9.49E-04	3.03E-07	1.15E-03	6.51E-04
T[C>A]C	1.58E-04	1.73E-03	1.02E-03	9.94E-05	9.67E-04	4.41E-04	7.67E-06	7.74E-04	1.41E-04
T[C>A]G	1.97E-05	7.78E-04	5.17E-04	2.43E-05	4.18E-04	1.84E-04	2.75E-05	4.41E-04	5.27E-05
T[C>A]T	2.94E-05	2.95E-03	1.28E-03	4.50E-04	2.57E-03	5.22E-04	3.89E-05	9.57E-03	4.14E-03
T[C>G]A	3.06E-10	5.85E-05	1.06E-04	1.27E-09	1.42E-04	4.58E-03	6.23E-09	3.75E-05	1.21E-08
T[C>G]C	5.83E-05	3.67E-04	1.59E-04	1.08E-05	8.70E-04	1.81E-03	5.17E-05	1.38E-04	4.17E-05
T[C>G]G	2.55E-05	1.75E-04	1.00E-04	1.97E-06	3.76E-04	6.65E-04	9.80E-07	6.19E-05	3.29E-05
T[C>G]T	1.47E-05	1.97E-04	9.64E-05	2.94E-06	9.58E-04	6.14E-03	4.20E-05	3.94E-05	6.33E-05
T[C>T]A	9.69E-03	2.01E-02	2.26E-04	9.98E-05	1.64E-02	1.06E-02	1.42E-04	1.88E-02	3.01E-04
T[C>T]C	1.43E-02	7.73E-03	4.50E-04	1.11E-05	1.05E-04	2.30E-03	2.82E-05	3.89E-03	6.22E-05
T[C>T]G	1.01E-02	5.04E-03	2.08E-07	2.99E-03	2.72E-03	1.85E-03	8.70E-05	2.92E-02	3.86E-03
T[C>T]T	3.37E-03	7.30E-03	3.49E-04	7.84E-05	7.26E-03	4.67E-03	7.49E-05	6.98E-03	6.98E-04
T[T>A]A	7.72E-05	5.66E-04	8.79E-05	2.55E-05	3.32E-04	3.48E-05	9.33E-05	7.20E-05	8.48E-05
T[T>A]C	9.96E-05	6.50E-04	1.12E-04	1.88E-05	3.75E-04	2.85E-05	9.29E-05	6.23E-05	1.69E-04
T[T>A]G	5.84E-05	4.89E-04	2.12E-04	1.97E-07	2.82E-04	3.81E-06	4.41E-05	1.29E-04	7.94E-05
T[T>A]T	2.48E-04	9.39E-04	9.44E-05	1.08E-05	4.34E-04	1.17E-05	4.98E-05	6.27E-05	2.71E-04
T[T>C]A	1.34E-04	6.56E-04	5.89E-05	5.27E-05	2.75E-04	1.63E-05	1.89E-04	2.35E-04	8.40E-05
T[T>C]C	1.17E-04	5.59E-04	1.54E-05	9.94E-05	3.11E-04	2.88E-05	2.43E-04	6.18E-04	1.60E-04
T[T>C]G	1.13E-04	8.27E-04	6.91E-05	1.18E-04	2.60E-04	2.34E-05	3.68E-04	1.88E-04	1.59E-04
T[T>C]T	1.26E-04	6.74E-04	3.77E-05	5.63E-05	3.90E-04	1.34E-05	2.17E-04	5.31E-04	1.38E-04
T[T>G]A	3.10E-05	2.41E-04	3.12E-05	3.43E-06	2.09E-04	2.27E-05	4.93E-06	3.48E-04	1.63E-04
T[T>G]C	7.15E-05	3.84E-04	2.59E-05	4.58E-06	2.35E-04	2.23E-05	4.35E-05	7.06E-04	2.63E-04
T[T>G]G	3.93E-05	2.32E-04	6.85E-05	1.67E-05	3.23E-04	3.07E-05	5.06E-05	1.68E-04	1.74E-04
T[T>G]T	5.98E-05	7.79E-04	2.78E-05	3.22E-10	6.11E-04	4.69E-06	3.35E-10	3.64E-03	2.08E-03
