MutationType	SBS96A	SBS96B	SBS96C	SBS96D	SBS96E	SBS96F	SBS96G	SBS96H	SBS96I	SBS96J	SBS96K	SBS96L	SBS96M	SBS96N	SBS96O
A[C>A]A	6.449403166470802e-05	0.0008266296351753511	0.06270148609229238	0.012364723097684873	0.0007474795745645757	0.00905188253183114	3.9101318096754765e-05	0.006079285795502187	0.0009654881976557118	0.00010636414089102431	0.0032288227587297597	0.016579524637460246	0.004244924571616124	0.000927875880333886	0.0007684685376153766
A[C>A]C	8.64367415488232e-06	8.044178392029977e-05	0.04939597711877404	0.018232493560155195	0.002329172054397759	0.009966991267960294	0.0004974821332029933	0.006116706535157625	0.0009658280035843347	0.0006718933627810614	0.007297985665805129	0.015510825812106912	0.005290775858071051	0.0006970273459592136	0.0028530642765690574
A[C>A]G	2.1106195373810088e-06	8.119194544486952e-07	0.030256135798546167	0.013601623200052745	8.276201310848976e-06	0.0012126714927941918	1.0371628127909816e-05	3.3893565701426098e-06	1.8678954986142137e-05	0.00015590083437144742	0.0031469190320581267	0.0033001043016580136	0.0022092949560511064	0.0002752201247458164	0.0001200762871456451
A[C>A]T	5.7405491099489224e-05	0.000137320556497329	0.027816784499566437	0.016409021939971354	0.0004032969986656099	0.005025560687353945	0.0027875583791438885	0.00248461672991346	0.0003557241080980589	0.00026500619391448763	0.002655280841104073	0.0070698886902437865	0.004262853190874693	0.00020756742964279294	0.0071698942733928565
A[C>G]A	2.467376543791033e-07	3.514842493266279e-05	0.006547618997050577	0.0035289917696424487	0.00030204025790226297	0.001561625251660938	0.00037420601303095146	0.0008543734834981898	0.002916284171045476	0.000454662381764098	0.0018220477542679348	0.04369228644495706	0.001597202267067246	2.097387685751073e-10	0.00015205830230933693
A[C>G]C	8.121229753178569e-05	0.00012272439059739284	0.0050969362483817985	0.0011888197763407504	0.0008524234289366283	0.003188341607297929	9.041713721344991e-05	0.0023939451811634174	0.0019301233693840914	0.0013087551736680324	0.001663671432143827	0.03846595082432032	0.0020443030768008442	0.0006126512817280627	0.00032276074611672814
A[C>G]G	0.000478481892598743	0.000293635222942612	0.002992758084862124	0.0012743079433400516	0.00024010942396101686	0.0020828141835239934	1.5151557396819727e-06	0.0007964824148156957	0.0009063478614773146	1.3064613690279003e-05	0.0026019473017771587	0.02399066594330691	0.003225875399033519	0.00011486248408256295	0.00017514730060591788
A[C>G]T	0.00011970310938874927	4.769091069845964e-05	0.0020871525406804103	0.001352124818712852	0.0013944231591707865	0.001497911647872483	0.00030529466803184133	0.0021684004449776494	0.004943936273921281	0.0011138609872432426	0.0016665412635364875	0.04339902154071524	0.0008167434164963083	0.000490334915140238	6.960749160498381e-05
A[C>T]A	3.648047214360517e-05	0.0009335523448569503	0.011818983748871659	0.010665945640648716	0.0016468468037321242	0.009029930949327535	0.009803058831603267	0.030914601311379214	0.005484467761586085	0.007971892775967717	0.010086280076363134	0.02390242268098518	0.01527113205724163	0.003199439655545575	0.0015767218862900467
A[C>T]C	0.007728490583028665	0.05655343984177762	0.008371820631955415	0.0022657993114527215	2.820993847407749e-06	0.007513283495531555	0.010871173953650129	0.010670986572288755	0.00010528871162461595	0.005026265635210905	0.04730261237458372	0.006209217982338853	0.053649233555298104	0.00035013055112628424	0.004600492643356801
A[C>T]G	9.689178405096755e-06	1.9271019846200943e-06	0.008346305433976907	0.0007425002328706682	0.0008440702905070552	0.006130709490360573	0.058193818771297284	0.3281978007685393	0.001820776443466735	0.0018301869579807574	0.0016720268290532658	0.014271088200197965	0.003792376361491705	0.003032403857517687	0.009510673688097881
A[C>T]T	0.0011404287460041248	0.013667330135940575	0.006820309198207329	0.0036216582089161876	0.0015663302036409731	0.00940631822278165	0.005247208357614	0.013208254711571499	0.00060982793752828	0.0030338302905329327	0.02293508885153968	0.013020785266252239	0.03323739792824881	0.0017782327190798241	0.005830944204062689
A[T>A]A	0.00028120798496004983	0.0013824511522448017	0.00573320475471886	0.001612783191416085	0.00021202587661228733	0.0025679987789795434	1.3183845530537752e-05	0.002145792871331258	0.00021119870226890214	0.004164252691777506	0.014089931187549958	0.003537060135064809	0.011124554372944094	5.414888051191724e-05	0.0006677526507396613
A[T>A]C	0.0003012737491025064	0.00015806588061344887	0.005276637501495644	0.0013933667118733244	0.0014559568226459258	0.004063326916578233	0.0028370925755865526	0.004479904206195948	0.0004803075659310707	0.013201504322787515	0.010951580898918109	0.005832758173988531	0.011118023079470732	0.0005624081151472637	0.0009124029494508079
A[T>A]G	0.0007465175252036718	0.0003369907831197001	0.018466269650893565	0.0020329115920678475	0.000895828375118978	0.007335868094585294	5.186918887943648e-05	0.004149066146001637	0.00046138634899934097	0.0006629046538534667	0.009990515115531302	0.008443043638735262	0.010710780099814556	0.0003953380772009041	0.0005490132742274767
A[T>A]T	0.0019464023302862199	0.0022842862239314827	0.0014846653095236739	0.0012275622626973614	3.992340848505194e-05	0.0023406704550178858	0.0027416275340510763	0.0024297420536858816	0.0001171364052061108	0.005728429599420793	0.025842373629100166	0.0013067041302224159	0.022203014182789832	0.0011459531664896438	0.0007881239076635893
A[T>C]A	4.197661768557737e-05	0.00041948137855476667	0.017417241059822574	0.0009606773552245329	0.0008778125786755435	0.007265889436640691	0.000764739719415295	0.007138707713319797	0.0007376181164678997	0.03598855786025524	0.007625426919548784	0.018689559909047943	0.013033054563837894	0.0001095331433677255	0.009064337184223632
A[T>C]C	0.00013281792187626705	0.000452801992808452	0.0024437859000227035	0.000137207638927066	0.00035975855935248545	0.0037832385555520887	0.0019422779055397028	0.007651802259497345	0.0011308066029955199	0.025634508552029728	0.0032681512172393922	0.010759688927210463	0.0035488521208026213	0.005989783906843513	0.011611281597142807
A[T>C]G	5.895864111879213e-05	0.0009616537789097638	0.014795464064491845	0.003341694799384065	0.000490153556079349	0.01358281684945311	0.0009595428036043296	0.01461441611219648	0.00030370857928874173	0.06119326001569789	0.013294470606875138	0.011563869775592569	0.013590653677803316	5.4190760032071236e-05	0.006888838493241564
A[T>C]T	0.0002889075089181563	4.324857960455119e-05	0.01162757482891955	2.7743061046905383e-05	0.001068662967384113	0.009677297289885764	6.188282989358029e-05	0.014534313677299621	0.001350378233363445	0.014028778136707842	0.011156849572498613	0.01680669996807243	0.030395265422653493	0.001261780181091354	0.006967043485169811
A[T>G]A	0.00010834486475985727	0.00013724389093454194	0.0016283626243253123	2.7592278758250545e-05	0.0002885961111636958	0.0011356518306552133	1.2214160884553848e-05	0.0017741630057795544	0.00030753566073901504	0.0001682471643252903	0.003859472055611306	0.003447271472443836	0.006406306464354828	0.0019493416698287546	0.0007930387790844407
A[T>G]C	0.00013022283946156676	0.0007509985992510338	0.001066442794399336	1.7821595083660213e-05	8.648109062050935e-05	0.001783576247007943	2.7832119145791978e-05	0.0017597727742355573	0.00030201548759578145	0.0020931186091911512	0.0017309855269559194	0.00346995524581871	0.0029964257629795554	0.0075830390630289915	0.0050673699050094
A[T>G]G	0.0011244345879185857	0.0011284058300587675	0.0016231929592317583	0.0008593936904308385	2.1590201350534243e-05	0.0018977822579530111	0.00012913695555557324	0.0011092666096234006	0.0001940951026611538	0.0008083621189766709	0.009550750852965173	0.008840408964366091	0.009378834637954157	0.0013707944065760103	0.0021452906791819258
A[T>G]T	6.358273420296712e-05	0.0003482169289105743	0.0011684042647344484	0.000117705896689273	2.065831538637042e-05	0.001637617730747607	5.9698199658306804e-05	0.00022158115411853924	1.0651460662103319e-05	0.0006205232996949661	0.0006723403203048406	0.00023642147208612129	0.0023219193692101212	0.03649752294644713	0.02173225265827341
C[C>A]A	0.0019724042414409875	0.0009188305661010787	0.01528730535345554	0.13647206424000785	1.2775392548292074e-08	0.017025298287649662	0.0013650337417127822	0.007520506373847979	0.00029563454540639374	0.002558536641558984	0.007257060521826291	0.006532586946718446	0.011560106557762281	0.0013733474739518361	0.0033686110101518096
C[C>A]C	0.0006407275740523488	0.0007072189709580634	0.008082124642162718	0.159138475805521	8.115614367041335e-06	0.003290903503160254	0.007823315358065202	0.0012202132549506218	8.046416743567875e-08	0.00875491472559265	0.003421949227113004	7.757199955367611e-05	0.0007342007830437147	0.0004938688664334023	0.0010275998205175796
C[C>A]G	2.682442921160664e-05	0.001150471523690726	0.009809784010117699	0.09129878252744675	1.3069099473739244e-08	0.00424258872894801	0.0019313468129512755	0.0011047693801185955	2.8430687777358797e-08	0.004877207547900566	0.0019488323204670621	1.6176205180684633e-07	0.0007917840215616501	1.9550787655475687e-10	0.0005092336890077043
C[C>A]T	5.2525922299224775e-05	0.0032686330193280357	0.0004987818164108049	0.14804069824516775	1.60239527424739e-08	0.006440106898121343	0.05531848277656081	0.000280445259569273	1.2522903265477225e-08	0.01851425174783756	0.005220499801987213	5.799319947819015e-08	0.0016539507309971757	8.975162747759669e-06	0.0041400078810209
C[C>G]A	7.537531654486777e-05	1.8738525644713126e-05	0.008037581868847846	0.0024469224674520972	0.0001316377411926993	0.003289568464043184	1.6202535334741698e-07	0.00027986984273866257	0.007003112008550261	2.4754831536810685e-05	0.0024874214178426256	0.045057125136561356	0.0019797954727732046	0.0005050829456238049	3.360011563122711e-06
C[C>G]C	0.00021173099705587485	0.00017047677420076665	0.008997319020503571	0.0024667366786533407	0.001031194481722224	0.0032641780566270385	2.926371073995071e-05	0.0007477076487919021	0.00043524615916510354	8.609142231996714e-07	0.002868272462476753	0.03927147179198628	0.00338718790651253	0.00015381064774132368	2.9226690892993902e-05
C[C>G]G	0.0005522072503705297	0.0008839083276732041	0.007175162171555911	0.002457079017666204	1.2058418337943522e-05	0.0042690580523190745	4.676460056616705e-05	0.000712102379665911	0.00030447114267313574	8.237829142093033e-05	0.0029597593338393222	0.033345574323699056	0.004877937000894903	5.7423666615932236e-05	1.924986121153438e-06
C[C>G]T	3.7441389286554384e-05	0.0004453662115535202	0.006491356113255194	0.002197924429903466	0.0009276606722355041	0.0017072111058600114	2.242630725675099e-05	0.0008043968963630644	0.007096458726713308	4.835027452870122e-05	0.0019618890608739154	0.06065477556809128	0.001098602255674379	0.0002457232756694339	1.031598930723021e-09
C[C>T]A	0.062442511174815536	0.09401039945270778	0.013164545681444534	0.011661771181388234	0.010826272671344199	0.004260208945047531	0.00022465090296812208	0.008327214572762073	0.0021788793444564363	0.00018036557051253656	0.0235567837326922	0.005492254887414205	0.16324321298578923	0.0020100913839007006	0.0002823450144869355
C[C>T]C	0.02176215522904458	0.33291546907741576	0.0002041674762372203	0.0009708535426075899	8.247303608365859e-06	0.0007626036434774525	0.0003279819816292928	4.461345219173296e-05	9.398308440085046e-06	0.003569574104845401	0.007179714493457456	0.000287402691843468	0.0026235040139397014	0.0002510305265352741	0.0010201132509259736
C[C>T]G	0.0020017024718955423	0.09222038820852844	0.0053115409257941506	0.002637771904763362	0.0012740435909430838	0.00975367912322105	0.045500248298507254	0.2933011446055025	0.0036878558523864057	0.0031884908730324614	0.03368459134673757	0.0037611759760727433	0.0179195686311802	0.0017460603345392657	0.003471911976135236
C[C>T]T	0.006727308165687939	0.19243555779895416	0.0040744116044811275	0.006609944800604069	0.00232096055618581	0.007411914216916499	0.0007991056840149541	0.0013159367500364882	0.002098239268571902	0.0010727218426718821	0.12884176733159505	0.015089901777327093	0.010281387081199255	0.0021975315983687694	0.002371316679146247
C[T>A]A	0.0002356345959768134	0.0003289300516831162	0.009258198464186834	0.0028463282122224596	0.0001651029808711235	0.0018911930558326163	1.4918865083473065e-05	0.0005047805582574227	0.00031134725632922414	0.0003098758244382083	0.00850009870809231	0.004447093021460766	0.006638597631423053	0.0008988332095344731	0.00013053092462541826
C[T>A]C	0.0012128523705179778	0.0006303788447720479	0.011866232448955998	0.004490705923387992	0.0012998135323459793	0.0032856475515291093	0.001200128388536541	0.0009707855196054105	0.0001294304170369287	0.005312431689817459	0.0108434798051298	0.011347192066023127	0.005004544410473599	0.014124231254681945	0.0005475363624282181
C[T>A]G	0.00022098169940139954	0.000143351678855145	0.041091000784814466	0.014903872738937025	0.00038061806368167695	0.006281783385762765	3.363008186784811e-05	0.0009985574675634367	5.362374636364464e-05	0.0016343177796028386	0.020835663207079094	0.007666975881860027	0.012247151905370748	0.00749853619151736	0.0003277070413050609
C[T>A]T	0.0008207715972439254	0.0010803166816504017	0.010244689214868288	0.004265786339358593	0.0004907764483697192	0.002525154625382555	2.802596928649634e-47	0.0008037955599962388	0.00017634614099682367	0.00022303418398919968	0.019522462426980382	0.011698945063205955	0.011764920620312863	0.038123823190107944	7.189271680545062e-05
C[T>C]A	0.0009092791297593685	0.0006688246830593728	0.007079464167180658	0.0019032465383775094	7.497137684595146e-05	0.0051524408450963665	2.2751262877136467e-05	0.0003323121470419821	0.000262116082981283	0.03136734178289771	0.009080707260984582	0.0023981653458901063	0.00996331003114947	0.008643361076428846	0.0008007450447301067
C[T>C]C	0.0005353218952950556	0.0006086872125160881	0.0008741844162893983	0.0023816875362205423	0.0003468118842985	0.005548909439278213	0.0007528610040327589	0.006167608156719382	0.0003948979249832973	0.019844651842889364	0.00891968106816421	0.0144163189561732	0.007378856357986052	0.05856759076588787	0.0006121008757440905
C[T>C]G	9.209002143145461e-05	0.0017481696410003506	0.006504730496560693	0.012131110698352997	8.226907390271876e-05	0.012532555083390485	0.0018137523977107474	0.011377397401012103	6.634036728140557e-05	0.07928112986848547	0.015530249385702178	0.0030244087747109205	0.005846059605008824	0.03858073757961392	0.0021024651366241187
C[T>C]T	0.0018126222346845867	0.0028486551923072056	0.0040280163132919876	0.0007827084731034261	1.7165597325519145e-05	0.004501801739895086	3.765770006936009e-07	0.0014994395138897864	0.00039740277393088166	0.02173955921700589	0.029447428529702488	0.0032256052721258044	0.029313983201798805	0.12057198334441636	0.0003539296637575262
C[T>G]A	0.0001051194069026939	0.00010677800835388498	0.0011481782679675235	3.332011540805979e-05	4.613474709913135e-05	0.0015996121705939004	5.8585060653628674e-05	0.0008195215145540402	0.0002614827263676034	0.000997137375670718	0.0015886542871368192	0.005502629764454762	0.0012985646830640006	0.003968741401331499	0.0031923704082146287
C[T>G]C	0.00048419184859085365	0.0009949901602793786	0.001038625397704891	0.0002410419915395323	0.00033688177310978065	0.0030917855930670214	0.0008235667008458946	0.0047629273781785745	0.00034692945521783256	0.005393283847952262	0.005545813203207217	0.005186327584960983	0.003320924124406375	0.023106096310851143	0.0028170189462980487
C[T>G]G	0.0007812396698974455	0.0013759786123963736	0.0016494055678122036	0.00614117382444519	0.00023947055917233228	0.004587621082895809	0.0006963227718370036	0.004237571294042652	0.0005351313375285827	0.010357248820364475	0.008253575994791493	0.02027383045293391	0.005958805841519279	0.01621071044355631	0.005095702779944986
C[T>G]T	3.6476655029815674e-10	1.0411483337691151e-08	1.4371902487431143e-07	2.1841819020096408e-10	3.961695875867588e-09	3.382474623947473e-07	1.6573967104704935e-05	1.992109307522583e-06	7.629339782155852e-09	1.0014139949277023e-07	6.394513905050303e-09	5.715239526082883e-10	2.3804083466472114e-07	0.3256013229489326	1.6218608996982908e-05
G[C>A]A	3.191437863279134e-06	3.3538614479766694e-06	0.06615862572078778	0.01490988871516997	0.0010598885267972945	0.011972021308980571	0.0014496671992287702	0.01021365084211915	0.0018352527068759648	1.1380311912657648e-05	0.0003863495786314568	0.014343400392810395	0.003044198083225638	0.004536443703691475	0.0026483400651898135
G[C>A]C	2.0545816517376634e-05	0.00011135848558296857	0.05646479315124452	0.024741053401853605	0.0003725159399064637	0.004200971045429185	0.007022636705078185	0.0008787378413371272	0.00126472863192987	0.0034624074288876726	0.00355545267035982	0.011320603871318476	0.0024223753294791094	0.0006398829732052036	0.0019277084428904346
G[C>A]G	0.0	3.09776165522635e-05	0.04095811171439024	0.01906502316364981	1.2453158070968584e-06	0.004578058797540017	0.0016042557423661208	0.0012668417166745982	9.515326774942601e-05	0.0004848811121983587	0.0014670399669819822	0.00018548411850337842	0.001185567885262717	8.192480869148255e-05	0.0002930968401540213
G[C>A]T	1.8374846365531993e-06	1.69449471286498e-06	0.035630417724433844	0.017425680188629257	0.000363954856620694	0.004236042620693041	0.026721714017912745	0.000693086696385592	0.0009763281879600433	0.0010825639398156285	0.0003332235556979413	0.010875169094543655	0.0014790537464432418	0.000417897945526704	0.00893418833205942
G[C>G]A	0.0	1.7946435837075113e-05	0.008321773654132869	0.0026536969053153215	0.00018894427819759585	0.0019580692348922925	0.00041822672752260813	0.0008334217465390307	0.0032775462622521446	0.0004627290075441692	0.0007657238379596265	0.02389418543241817	0.0010665566672105342	0.0010406620899448171	0.00020595136367774103
G[C>G]C	9.087217792479344e-05	0.0001685344243873735	0.005736018489462467	0.0054150162036922566	0.0005787375668208291	0.003416258938406724	0.0004805841177413583	0.00346362611346569	0.0019149716088577406	0.00446154683129862	0.0015559081983519717	0.03531364500522614	0.0015885425857300106	7.101160008460283e-06	0.00021268673375743674
G[C>G]G	0.00016823164374528686	0.0003043550752934721	0.008069306186266445	0.003698685173847025	1.6769241625915753e-05	0.0016470103443540652	9.53585884246877e-06	0.00025305014182502194	0.0008001200392027386	2.1805673890042952e-05	0.002711204785923371	0.012153572594867655	0.002332372876949034	2.5466967201737134e-10	1.1968831792330547e-09
G[C>G]T	2.278082938573789e-06	2.985717132105492e-05	0.0036419246738925892	0.0019905464979509437	0.0007897768224423984	0.0017633605819704443	0.0002879147467413112	0.0010790175598551599	0.0051427611609688026	0.0014067003834698727	0.0008975836930498104	0.03900817807131531	0.00038949487825505	0.0001834937242807655	0.0007052023741958635
G[C>T]A	9.248353607467355e-05	0.0012377611518979848	0.01217257045464408	0.009185246346282839	0.0015071661446803804	0.010598314356910806	0.05887234451249242	0.012238838885207102	0.010610212457831949	0.023825100400963493	0.008385606179535616	0.022668085063909302	0.0109415067068403	0.00019650052294309717	0.004813072615070269
G[C>T]C	0.013514548092999918	0.05043977315363222	0.005257437133076562	0.007347519989496498	0.0007845587754707767	0.009917701099687218	0.1111906148120761	8.829703546098244e-10	0.00047789356117701855	0.050822717116679995	0.014510114539164086	0.0013815979344981954	0.018255231160811007	0.00010307227057637647	0.02786840787032574
G[C>T]G	6.071145364217046e-11	6.58911032402898e-09	0.0013080312525056835	3.820847303086517e-05	4.603521331436156e-05	0.001234110893616558	0.4710563281178474	0.05424059016238289	0.00026685228661545325	0.0020132324957861415	0.0004669067812699623	0.0016220230318314587	0.000163142880523246	0.004284485526517301	0.03533959386348016
G[C>T]T	0.01254246661614161	0.01851982218858211	0.004967445363786587	0.007226776998140849	0.0026472049312125457	0.01574149805417565	0.06301263245899122	6.0414057224988936e-05	0.0005675109010189771	0.026187659339630045	0.019997476737690364	0.012680089736980609	0.005228562052361705	0.0005315475595489261	0.03958306046202779
G[T>A]A	0.0005819897066338342	3.1309022534766995e-05	0.01145676188706446	0.0021560535847786255	0.000281706260215131	0.002130337537867213	7.730648483921242e-06	0.00040888461211876506	0.0002775416477171078	0.0029847088811220603	0.00467537001260979	0.004822733256363562	0.005373490224836956	2.0048952411144684e-07	0.00043208313767010507
G[T>A]C	2.94861577640404e-05	0.0006366031497345049	0.005525751582102885	0.003157860143774892	0.0007269961120809398	0.0032562714181692343	0.001658579521038064	0.002491446826236441	0.0008073174780111003	0.009845476888585836	0.007676376078597969	0.006451877705784739	0.004318347167106015	0.002976343499030918	0.0006292783858388418
G[T>A]G	0.0006397499996510629	0.001770679725511428	0.013989303316251665	0.004638116681531965	5.581736369510398e-10	0.004221495653043838	1.8875183631354986e-05	0.0006941573514074717	0.0003052984795082558	0.0014430931265121672	0.011230022654772256	0.012090109144160194	0.010917209951669244	0.0005289096161080664	0.00022207071917823562
G[T>A]T	0.00033756528120403197	0.0008041719413883897	0.005353260262592699	0.0015836018748836978	0.00023305463430006056	0.002217438194472763	0.0008053388442931464	0.001594547872616374	9.753899269513866e-05	0.001763894906865744	0.012259616803057725	0.004725667903515643	0.010602990242850864	0.006062474278733135	0.0003089372172325966
G[T>C]A	1.5391769636607934e-10	1.2772046886766474e-09	0.000745424783275066	0.0016062408360330948	1.690606678206308e-08	0.0007628509925363147	0.0003488195208536382	2.5830086577446175e-07	5.620401310792999e-06	0.1277507822215557	7.093131592684475e-05	7.851922521062704e-08	3.9419324656790875e-05	5.8394245225807126e-05	0.01979024756131878
G[T>C]C	1.2484628508957485e-06	1.8131623650621264e-05	0.0006990019432613094	2.7799535580754763e-05	2.521424503925118e-06	0.0017265626797426136	0.010770849335240201	3.586720014325806e-08	6.688127221456952e-05	0.05796842996031046	0.0003311879965923481	9.672845174186762e-06	0.00024258859613054184	0.009436663864180446	0.04539276350721593
G[T>C]G	4.1987665864500686e-05	0.00044881904581254797	0.0007270063122910564	0.002751627014779672	5.298480748487933e-06	0.0029415884004005475	0.0008364077336078246	2.9053515121191255e-05	5.86003094823484e-05	0.10829734407365323	0.002171391663601412	2.1844689896965974e-08	0.0010885013504218933	0.0072399779595033915	0.0114253645481989
G[T>C]T	0.00973403141245246	0.0025558802040871686	0.0008353578964999908	1.4938778690842813e-05	2.459665693343993e-09	0.008656876163050118	6.180580924109336e-05	0.00012216857110828984	3.0305940867947356e-10	0.05422882242387999	0.04594790150770539	0.0001711373622013834	0.055358707693771436	0.003849774776918906	0.016899711097270256
G[T>G]A	7.957514837155267e-05	0.00027355221076252433	0.0011131108359940434	7.920086830637274e-05	6.902983776328141e-05	0.0004967479131179075	4.583621339993016e-05	0.0012610574895392545	0.0002544090472704084	0.0002670983622743961	0.0031370018527846354	0.006853306667170429	0.0029900280220333643	0.0013048233164833789	0.0027450806938577443
G[T>G]C	0.0003225411704113412	0.0003213830062512215	0.0011659613146548509	5.8842165420855965e-05	0.000152753605198086	0.0017172316236613483	0.0019081783050205559	0.0011384812962180035	0.00021133650050160214	0.0007713527027635791	0.002063584763026256	0.004477974757428456	0.0021711942115231865	0.009554771271068603	0.005275521191069856
G[T>G]G	0.0027979521639724682	0.0018553745597466407	0.0020873362834707265	0.0011781197847938903	5.605193857299268e-47	0.004085361156141356	0.0008878555546798594	0.001711312541206933	0.00026825018896488474	0.0012498888084219572	0.009770430453748275	0.0131958043995985	0.011403345938442134	0.0035898386769227385	0.0025118285810458475
G[T>G]T	0.0005321507288212613	0.0006160813747434209	3.8571291184172905e-05	0.00041749093582068924	1.0550568418921102e-09	0.00013177239714577736	0.0017945279507219425	7.0380166405925595e-09	0.0	0.0011037180741108443	0.0017782892944363485	0.00013865596760808784	0.0026773909210964925	0.083304572282359	0.00027913001550267325
T[C>A]A	0.00017187854646114658	0.0005565207113395765	0.042871137385822634	0.018285564706657167	0.0014883855607655506	0.010662491468866619	7.125173396412166e-05	0.0038402675944396946	0.052045471370220184	5.605193857299268e-47	0.00461932407701255	0.0016601087297925332	0.015207124753074197	0.001600498296270416	0.03104330144706182
T[C>A]C	0.0019600178082216733	0.0015055499169836428	0.06650523406451668	0.042094846562249585	0.0028933271563437303	0.005791121882912171	0.002328934045690403	0.0035378204012576474	0.024648909298703073	1.0015574516728521e-05	0.01709398539064245	0.008409891244073377	0.020643351930315242	8.505750614858699e-05	0.009638880216516554
T[C>A]G	0.00010324417362426178	4.689051827881485e-05	0.03140449173068077	0.008999672801604958	0.00046434766380823173	0.003438932262963722	0.0007896356701439799	0.0015005775589016473	0.009015957445706704	8.417638500645807e-05	0.0044605031787803995	0.0023707629834331173	0.004829311918330902	0.00021669875482345448	0.0014469593655667267
T[C>A]T	5.605193857299268e-47	9.80908925027372e-47	0.005743321361258253	0.06250518609994743	0.0003400983293685933	0.002022148387412291	0.002905037938335333	3.5784099444846616e-06	0.017323285225701923	2.02552647575871e-05	0.001048024612739935	0.00027009436383383266	0.00026874317951701697	0.0058745732669529364	0.271663363724947
T[C>G]A	3.382591629019771e-10	1.5484839246404648e-08	0.0001447390195713183	5.513272306868433e-05	0.0057970339124399925	0.011887927634033506	4.139141074332997e-09	2.5321961051694153e-06	0.26955173011816613	1.5040193579451967e-08	0.007492899561008404	0.00024292701947047134	1.253685567732532e-06	1.8650760776672826e-07	7.462889302867203e-08
T[C>G]C	0.0008508069180425082	0.0011196500134363196	0.0067685593411181385	0.0027338880154557897	0.0018414347423157862	0.005670490137121647	1.469151975470595e-06	0.0012848525720433228	0.09114782575517894	0.0003507319536220166	0.003642546471503465	0.040697974561117005	0.005345396192874091	7.195553313977144e-05	9.710789919854968e-05
T[C>G]G	0.00014716983068773003	0.0002470660861177181	0.0032672943422660692	0.00076641387791069	0.0006803018072433209	0.0030620323491675804	1.4094721167339231e-05	0.00020277324460001188	0.03263675485021057	5.065908226242755e-10	0.0032932709364446567	0.01328328864203172	0.004123922171575991	0.00010898544268592268	0.00015703037676336072
T[C>G]T	7.186883331372262e-05	4.998813259393664e-05	0.00028971000802673703	0.00014242643930537576	0.007443640862445273	4.084089295147919e-05	1.7632205121120847e-05	0.00011336040404099634	0.3528187047317624	0.0007352684121510577	0.0006016010719714763	0.004230129118320605	0.0001673663884839277	0.0006826473692052204	0.0005102130240649538
T[C>T]A	0.031863652919247185	0.00011394238079981604	0.0022278863133722545	0.0017182125518616332	0.6141331963489602	0.007397271831592917	0.00024482841975014935	3.63599945827333e-05	0.03947309515499768	0.0017660394211137032	0.003492398980012865	7.209231229421409e-06	0.0012094601446484888	0.001422940044779395	0.0001505057964297407
T[C>T]C	0.6920092126727104	0.006154530188059635	0.0010344777040129927	0.0057087801068090634	0.019894958108102916	0.00892235222123813	1.2502665216125317e-05	3.3093533428285584e-07	0.004570407580344053	6.331483336971644e-05	0.007190116323922421	0.00023698186368029895	0.0052269159460913974	0.00014173733189666747	0.0012056862014358583
T[C>T]G	0.09111396739437154	1.3364973077562806e-05	8.207386334646572e-07	4.214997101305908e-05	0.06397620053544134	0.5069280509961507	0.008990161833855339	0.05817245637834418	0.00037756213589162257	6.75036668296336e-05	0.0014932081255384943	3.796452427130836e-08	0.0001079498148799729	0.00023211482500476332	0.13260718046979625
T[C>T]T	0.008196364074859123	0.0896832709784286	0.02037583649462114	0.0010189013399183834	0.23340501933476773	0.06015088068245159	1.389724361615663e-06	0.0008208562206203487	0.021686058320857286	1.5905755136280676e-05	0.04002954735286053	0.0005059604728407052	0.04484674309302576	0.0014634914658689046	0.03854437376708617
T[T>A]A	0.0004888136039298319	0.0010163418896966903	0.005890297075410302	0.0012374919019041287	7.34060631941702e-05	0.002362220158396653	0.00025085982480367976	0.002475283406569808	0.00013018608086909467	0.0014930995109675705	0.013118207829182467	0.003208949709022946	0.013714300480889997	0.00012674686379796185	0.0005489331255147256
T[T>A]C	0.0008464875559730107	0.0007847558205014893	0.00651959622024263	0.0009584910026408977	0.00021542701114917405	0.0019685621740237027	0.0004824880573325174	0.0021397526824719648	0.00012184822429070422	0.0010715847269563744	0.018301574311547598	0.0054134037179022695	0.015702429870117385	0.0016396971897120237	0.00035215838297119717
T[T>A]G	0.0006685844252605832	0.0005401226078633068	0.00946277342321339	0.0031007018866957025	0.00018303432353512506	0.001299390701859302	5.272968701319769e-07	0.0005341471140494036	0.00022406659038097133	0.00036027643912725325	0.009802528442569453	0.005195236034011969	0.009859548625940559	0.0008599687457708427	0.00036767224555859455
T[T>A]T	0.0035350809725912314	0.0016084144240326736	0.0029193931243730407	0.0009154897223651929	7.3751191799864556e-06	0.00046732980963859027	1.0660665876969233e-05	0.0013102743305664476	1.8984331664846364e-05	2.5720596343674628e-05	0.033184589377670194	0.0030610870238545296	0.024916106147212524	0.005438019622493116	0.00097915137275578
T[T>C]A	0.0021501544159302204	0.00029058882045042374	0.0013529593857126816	0.0014682079490023938	0.00011912673820162922	0.003740834829599158	0.0003635061453200132	0.0007136894657009663	0.00014650191829900904	0.028338586394675076	0.018276233001121512	0.0027113433101226946	0.021921232534058248	0.0013465056290635857	0.004990975836998785
T[T>C]C	0.0008414021936897598	0.0007542179727387229	0.0016277477983385324	4.4802471675211566e-05	0.00029392073275570277	0.0030951970687759013	0.0029414675765748657	0.003932451148678808	0.0004012452605456929	0.02705091327894479	0.01773413562157657	0.00441350722219795	0.01630290398712532	0.010570394480600953	0.014681759341619909
T[T>C]G	0.0008910945318245922	0.0013028383082567313	0.0018433772177226216	0.0022867494497508397	2.029955626312585e-05	0.005219384066919169	0.0021385365170968115	0.0038424787121580373	0.00022695517097872652	0.032167618852690795	0.017506060840394185	0.0011644730321131646	0.018018950741286517	0.004512767401341762	0.0033076072798576208
T[T>C]T	0.0008210498568951152	0.0014552785504292841	0.002727660788758827	0.00023205791344935278	1.669552653360995e-05	0.0028593810154183786	0.00036965770498888163	0.00339085112611226	0.00010125181623003243	0.01792335867707152	0.023198449478022666	0.004851764491237418	0.017544247370383913	0.007082549314945936	0.011543641164898873
T[T>G]A	0.0002679336651885933	0.0002870127363804098	0.0009447147458741956	6.217961563379504e-06	0.00024558002400780764	0.0008076587249700328	5.641372616764784e-06	0.001254368589568635	0.0003185048669505974	1.4477795048151164e-06	0.00412040451327897	0.005410745304302296	0.004945955087949944	0.0019639420344535453	0.0072428899908535275
T[T>G]C	0.0006876538508065977	0.0005250476538270291	0.0011748253218464117	1.522017260427333e-05	1.2981334977768492e-05	0.0018893791535811034	1.3950062384484596e-05	0.0006042904171035079	0.0002705359697508669	0.0005856035790531778	0.010163077264374643	0.0018586619442728036	0.007903849586311709	0.012356828832998872	0.017772785783357888
T[T>G]G	0.00021665689748260776	0.0008948769469770923	0.0030880136440926977	0.0007610917910006658	0.0004510028370022212	0.0030864071313018828	0.00012995791745993302	0.001580961999135866	0.00048646195008359425	0.0003745709623256488	0.006354450289339866	0.011309538568073662	0.006392155333334131	0.004257639028039328	0.0038712851644959302
T[T>G]T	0.0018971013200953734	6.725668760863002e-05	0.002491373563241659	1.0563144485331577e-05	4.294340095079008e-08	0.004165820019578028	1.604043684544365e-09	1.3631403446012768e-08	1.491053289952582e-06	1.5638140560270131e-09	6.973581119467553e-05	7.319285008099141e-08	0.00016397518898774173	0.06441580236087248	0.08620261911583384
