MutationType	SBS1	SBS2	SBS5	SBS10a	SBS10b	SBS13	SBS15	SBS17a	SBS17b	SBS21	SBS40a	SBS54	SBS87
A[C>A]A	0.00088616	0.00000058	0.01199760	0.00219017	0.00018200	0.00181992	0.00094420	0.00207026	0.00060796	0.00015699	0.03639531	0.00216036	0.00897255
A[C>A]C	0.00228041	0.00014800	0.00943811	0.00177014	0.00653991	0.00072097	0.00049711	0.00091812	0.00012899	0.00235989	0.01677249	0.00079613	0.00457257
A[C>A]G	0.00017703	0.00005230	0.00184963	0.00015001	0.00005350	0.00026399	0.00004610	0.00004760	0.00005820	0.00029399	0.00374797	0.00164027	0.00620857
A[C>A]T	0.00128023	0.00009780	0.00660868	0.01700132	0.00001630	0.00034798	0.00111024	0.00006180	0.00045597	0.00062097	0.01543480	0.00041407	0.00495747
A[C>G]A	0.00186033	0.00000000	0.01009798	0.00000000	0.00030500	0.00386983	0.00011302	0.00101013	0.00014599	0.00001690	0.00821343	0.00155026	0.00786646
A[C>G]C	0.00122022	0.00013300	0.00569886	0.00002430	0.00013400	0.00095096	0.00026906	0.00056907	0.00004340	0.00071897	0.00562037	0.00049608	0.00393398
A[C>G]G	0.00011502	0.00001520	0.00171966	0.00000000	0.00000000	0.00026399	0.00003070	0.00015202	0.00000000	0.00000000	0.00149700	0.00170028	0.03066183
A[C>G]T	0.00114020	0.00009120	0.01009798	0.00000000	0.00000000	0.00399982	0.00032507	0.00001960	0.00031898	0.00006190	0.00835959	0.00518086	0.00972035
A[C>T]A	0.02500444	0.00006110	0.03259348	0.00104008	0.00054899	0.00717968	0.00505108	0.00122015	0.00057096	0.00216990	0.02863814	0.00148025	0.00942505
A[C>T]C	0.00632112	0.00138004	0.01789642	0.00083407	0.00524993	0.00000000	0.00691148	0.00171022	0.00007030	0.00391982	0.02051178	0.00052909	0.00355558
A[C>T]G	0.36506483	0.00003270	0.00617876	0.00557043	0.00041399	0.00030299	0.07451597	0.00003950	0.00028698	0.00739965	0.01316533	0.00034306	0.12171934
A[C>T]T	0.00958170	0.00186005	0.02199560	0.00299023	0.00792989	0.00031799	0.00178038	0.00073709	0.00014699	0.00004170	0.02250981	0.00499083	0.01070194
A[T>A]A	0.00080014	0.00009590	0.00737852	0.00005070	0.00181997	0.00000000	0.00204044	0.00101013	0.00006260	0.00345984	0.01000778	0.00095616	0.00989705
A[T>A]C	0.00223040	0.00087803	0.00692861	0.00019401	0.00033699	0.00006520	0.00084118	0.00099713	0.00028898	0.00564974	0.00550174	0.00319053	0.00069453
A[T>A]G	0.00114020	0.00002550	0.00911818	0.00000000	0.00002340	0.00058997	0.00054012	0.00020002	0.00006570	0.00024799	0.00932410	0.00423070	0.00384338
A[T>A]T	0.00018303	0.00000000	0.00619876	0.00666052	0.00284996	0.00060597	0.00954204	0.00146018	0.00063296	0.00159993	0.01118279	0.00030105	0.00420618
A[T>C]A	0.00109019	0.00006170	0.04619076	0.00074506	0.00934987	0.00190992	0.00389083	0.00009650	0.00009730	0.01669921	0.01689045	0.02920483	0.00921505
A[T>C]C	0.00304054	0.00002150	0.01339732	0.00362028	0.00050999	0.00014199	0.00196042	0.01270160	0.00025198	0.00999953	0.00312020	0.00775128	0.00311898
A[T>C]G	0.00010602	0.00001320	0.03819236	0.00214017	0.00053099	0.00042798	0.00024005	0.00037605	0.00000000	0.00387982	0.00814559	0.20203345	0.00097322
A[T>C]T	0.00574102	0.00015500	0.03829234	0.00336026	0.00015000	0.00095896	0.00092920	0.00779099	0.00054396	0.02559880	0.01846827	0.00783130	0.00557557
A[T>G]A	0.00017203	0.00023801	0.00385923	0.00192015	0.00003470	0.00006140	0.00046810	0.00085111	0.00140990	0.00039198	0.00539375	0.00003870	0.00795506
A[T>G]C	0.00020704	0.00007460	0.00259948	0.00124010	0.00005330	0.00000000	0.00041509	0.00070009	0.00447969	0.00043698	0.00465372	0.00158026	0.00067342
A[T>G]G	0.00026805	0.00000205	0.00793841	0.00032002	0.00052299	0.00008250	0.00018504	0.00071909	0.00098993	0.00018699	0.00525358	0.00115019	0.00268778
A[T>G]T	0.00011202	0.00000376	0.00482903	0.00922072	0.00000000	0.00031999	0.00363078	0.01250158	0.06909525	0.00006950	0.01159521	0.00034006	0.00217399
C[C>A]A	0.00031205	0.00020801	0.00742851	0.00318025	0.00052099	0.00139994	0.04180896	0.00029504	0.00027098	0.00000000	0.01375598	0.00006320	0.00855745
C[C>A]C	0.00179032	0.00009530	0.00613877	0.00020202	0.00317995	0.00096796	0.00505108	0.00116015	0.00004110	0.00259988	0.01084162	0.00257042	0.00604037
C[C>A]G	0.00009320	0.00000000	0.00345931	0.00004640	0.00008380	0.00000433	0.00006620	0.00000000	0.00000000	0.00197991	0.00161922	0.00593098	0.02000689
C[C>A]T	0.00000000	0.00042101	0.00648870	0.01730134	0.00832988	0.00000000	0.02870615	0.00013702	0.00018199	0.01909910	0.00671108	0.00553091	0.00488557
C[C>G]A	0.00002410	0.00000000	0.00695861	0.00004570	0.00002990	0.00560975	0.00008360	0.00055307	0.00019399	0.00001970	0.00402496	0.00113019	0.00676566
C[C>G]C	0.00007680	0.00035101	0.00906819	0.00000000	0.00000000	0.00064797	0.00001700	0.00023503	0.00004660	0.00027299	0.00436470	0.00088315	0.00333918
C[C>G]G	0.00035206	0.00004870	0.00248950	0.00002010	0.00000000	0.00048798	0.00005020	0.00023203	0.00000000	0.00001010	0.00092994	0.00043407	0.08598453
C[C>G]T	0.00000000	0.00006360	0.00952809	0.00003010	0.00000000	0.00639972	0.00008450	0.00003900	0.00019299	0.00017299	0.00636756	0.00133022	0.00961065
C[C>T]A	0.00200036	0.00432013	0.01939612	0.00003680	0.00015100	0.00001930	0.01080231	0.00082110	0.00045697	0.00134994	0.02480661	0.00337056	0.00838315
C[C>T]C	0.00027005	0.00017001	0.01899620	0.00000000	0.00008440	0.00134994	0.01110238	0.00172022	0.00005890	0.00515976	0.02916532	0.00022604	0.00804526
C[C>T]G	0.19603481	0.00277008	0.01749650	0.00000000	0.00369995	0.00198991	0.02480532	0.00190024	0.00054296	0.00621971	0.00654289	0.02830468	0.18689899
C[C>T]T	0.00019604	0.00145004	0.02309538	0.00010301	0.00059499	0.00144994	0.01560334	0.00174022	0.00013599	0.00032499	0.02889896	0.00371061	0.00696206
C[T>A]A	0.00004300	0.00024301	0.00353929	0.00000000	0.00007090	0.00020899	0.00034807	0.00043405	0.00009360	0.00000619	0.00245848	0.00000000	0.00835215
C[T>A]C	0.00039307	0.00024401	0.00518896	0.00000000	0.00010600	0.00034198	0.00024405	0.04050512	0.00223985	0.00068797	0.00663939	0.00073212	0.00491087
C[T>A]G	0.00032406	0.00014900	0.00500900	0.00000000	0.00000000	0.00022599	0.00008200	0.01240157	0.00071695	0.00012499	0.00573004	0.00192032	0.00276728
C[T>A]T	0.00026005	0.00000000	0.00429914	0.00037603	0.00023400	0.00052298	0.00105022	0.07230914	0.00778946	0.00000000	0.00949421	0.00006660	0.01019195
C[T>C]A	0.00000000	0.00030201	0.01329734	0.00012201	0.00131998	0.00004740	0.00075016	0.01110140	0.00064696	0.01149946	0.00610429	0.01140189	0.00512197
C[T>C]C	0.00250044	0.00002850	0.01039792	0.00004120	0.00012400	0.00012200	0.00215046	0.17302186	0.00645956	0.00281987	0.00492976	0.01700282	0.00183399
C[T>C]G	0.00036006	0.00000000	0.02079584	0.00105008	0.00002530	0.00000000	0.00139030	0.08731103	0.00391973	0.01439932	0.00514281	0.19303196	0.00083610
C[T>C]T	0.00004260	0.00018600	0.01489702	0.00000244	0.00081499	0.00011200	0.00175037	0.42605383	0.01829874	0.02169898	0.00677345	0.02690445	0.00885715
C[T>G]A	0.00003550	0.00015300	0.00258948	0.00015501	0.00022700	0.00004140	0.00020604	0.00031004	0.00204986	0.00000435	0.00152720	0.00436072	0.00851535
C[T>G]C	0.00021204	0.00015500	0.00460908	0.00000000	0.00114998	0.00000282	0.00015703	0.00104013	0.03139784	0.00005440	0.00264131	0.01890313	0.00108389
C[T>G]G	0.00012802	0.00012100	0.00612877	0.00005350	0.00047899	0.00000000	0.00027206	0.00000194	0.01369906	0.00002010	0.00214618	0.02210366	0.00195899
C[T>G]T	0.00017103	0.00020301	0.00729854	0.00130010	0.00522993	0.00005550	0.00249053	0.00531067	0.54996223	0.00018499	0.00430586	0.00088615	0.00308218
G[C>A]A	0.00158028	0.00008620	0.01019796	0.00121009	0.00073099	0.00094896	0.00229049	0.00178023	0.00099793	0.00213990	0.01014765	0.00519086	0.00710276
G[C>A]C	0.00033906	0.00000000	0.00764847	0.00044103	0.00254996	0.00045098	0.00249053	0.00128016	0.00000278	0.00706967	0.01099688	0.00913151	0.00466598
G[C>A]G	0.00058710	0.00001390	0.00233953	0.00001050	0.00008520	0.00016399	0.00040409	0.00010601	0.00009240	0.00168992	0.00353767	0.00564093	0.00828786
G[C>A]T	0.00000000	0.00005120	0.00681864	0.01110086	0.00279996	0.00006150	0.01820390	0.00004700	0.00053396	0.00889958	0.00633551	0.00673111	0.00106749
G[C>G]A	0.00000959	0.00006540	0.00467906	0.00001500	0.00001720	0.00149993	0.00099421	0.00087811	0.00005990	0.00038798	0.00266304	0.00219036	0.00261759
G[C>G]C	0.00016403	0.00026101	0.00507898	0.00008310	0.00013600	0.00047898	0.00060813	0.00083511	0.00005550	0.00141993	0.00308111	0.00022004	0.00119829
G[C>G]G	0.00016603	0.00000000	0.00150970	0.00000000	0.00000000	0.00024099	0.00001010	0.00002370	0.00000000	0.00011700	0.00064486	0.00159026	0.00545547
G[C>G]T	0.00000000	0.00013400	0.00671866	0.00003540	0.00011300	0.00269988	0.00045110	0.00078710	0.00000000	0.00020699	0.00312288	0.00494082	0.00449918
G[C>T]A	0.00444079	0.00000000	0.01939612	0.00004220	0.00036300	0.00717968	0.07371579	0.00164021	0.00006110	0.00931956	0.02980699	0.00022204	0.00188169
G[C>T]C	0.00009280	0.00000013	0.02159568	0.01250097	0.01509979	0.00092096	0.12902764	0.00000000	0.00015699	0.01959908	0.02536975	0.01310217	0.00261809
G[C>T]G	0.21803872	0.00000000	0.01229754	0.01490116	0.01259982	0.00017799	0.27705936	0.00161020	0.00085494	0.00004340	0.00927484	0.01910316	0.01770890
G[C>T]T	0.00003840	0.00005040	0.01859628	0.01350105	0.03189955	0.00126994	0.07721654	0.00006600	0.00000000	0.00804962	0.02317407	0.00024804	0.00144639
G[T>A]A	0.00008120	0.00000000	0.00366927	0.00000331	0.00000000	0.00000670	0.00051111	0.00006460	0.00009730	0.00116994	0.00313484	0.00233039	0.00940165
G[T>A]C	0.00012902	0.00013100	0.00290942	0.00000000	0.00012300	0.00012999	0.00058913	0.00340043	0.00034698	0.00325985	0.00371674	0.00899149	0.00339898
G[T>A]G	0.00024604	0.00006380	0.00410918	0.00007300	0.00000000	0.00004700	0.00018704	0.00069509	0.00024098	0.00074197	0.00451599	0.00264044	0.00681056
G[T>A]T	0.00025805	0.00006280	0.00321936	0.00042603	0.00010800	0.00035798	0.00084018	0.00480061	0.00157989	0.00093696	0.00494318	0.00185031	0.00695546
G[T>C]A	0.00105019	0.00000000	0.01409718	0.00220017	0.01469979	0.00028699	0.01290276	0.00012302	0.00005950	0.22298952	0.00482909	0.01140189	0.00300958
G[T>C]C	0.00190034	0.00002740	0.00793841	0.00628049	0.00532993	0.00018199	0.01160249	0.01490188	0.00149990	0.06629688	0.00291248	0.00443073	0.00389478
G[T>C]G	0.00117021	0.00010700	0.01499700	0.00000000	0.00137998	0.00019499	0.00595127	0.00357045	0.00100993	0.11699450	0.00337019	0.12102003	0.00396178
G[T>C]T	0.00007130	0.00001250	0.01369726	0.00529041	0.01149984	0.00000000	0.00586126	0.00524066	0.00146990	0.13299375	0.00824987	0.00541090	0.00654096
G[T>G]A	0.00000000	0.00020901	0.00251950	0.00020402	0.00048099	0.00008770	0.00020304	0.00049506	0.00028098	0.00028599	0.00105146	0.00017003	0.00352798
G[T>G]C	0.00000000	0.00013300	0.00170966	0.00083307	0.00094199	0.00000000	0.00058012	0.00020403	0.00624957	0.00053297	0.00102642	0.00153025	0.00123869
G[T>G]G	0.00034806	0.00003710	0.00529894	0.00000000	0.00172998	0.00042598	0.00034707	0.00083511	0.00147990	0.00021299	0.00174835	0.00000000	0.00323648
G[T>G]T	0.00001460	0.00000000	0.00234953	0.00221017	0.00515993	0.00000289	0.00139030	0.00724091	0.11399217	0.00258988	0.00195358	0.00001210	0.00246059
T[C>A]A	0.00006580	0.00063902	0.00785843	0.09400730	0.00044599	0.07899652	0.01720368	0.00019002	0.00001240	0.00145993	0.02752139	0.00066911	0.00400548
T[C>A]C	0.00253045	0.00017001	0.00916817	0.00997077	0.00379995	0.02939870	0.00581124	0.00002590	0.00000000	0.00023599	0.02938138	0.00004050	0.00417898
T[C>A]G	0.00000000	0.00008530	0.00229954	0.00116009	0.00057299	0.01209947	0.00007690	0.00000000	0.00009510	0.00006830	0.00543805	0.00082814	0.00317228
T[C>A]T	0.00000588	0.00044001	0.01269746	0.67005207	0.08159886	0.03549844	0.00805172	0.00028804	0.00256982	0.00000000	0.02383099	0.00720119	0.00413378
T[C>G]A	0.00000000	0.00000000	0.00780844	0.00005550	0.00000000	0.31698603	0.00021405	0.00375047	0.00015999	0.00065397	0.00821976	0.00469078	0.00063954
T[C>G]C	0.00020304	0.00009870	0.00759848	0.00000000	0.00000000	0.06349720	0.00006120	0.00072309	0.00006180	0.00063097	0.00789308	0.00051709	0.00284118
T[C>G]G	0.00006940	0.00004120	0.00170966	0.00000000	0.00000000	0.01379939	0.00005840	0.00038005	0.00001550	0.00006270	0.00094100	0.00123020	0.02611686
T[C>G]T	0.00156028	0.00118003	0.01249750	0.00005450	0.00004340	0.36898374	0.00017404	0.00028304	0.00149990	0.00068697	0.01639333	0.00031105	0.01263093
T[C>T]A	0.00111020	0.53601551	0.02029594	0.00036603	0.00272996	0.00692969	0.02650568	0.00053207	0.00010799	0.00359983	0.04223462	0.00000000	0.00000872
T[C>T]C	0.00003730	0.09730282	0.02299540	0.00276021	0.04849932	0.00447980	0.00956205	0.00009060	0.00060396	0.00008070	0.04591115	0.00066111	0.00617527
T[C>T]G	0.11001954	0.04420128	0.01589682	0.00279022	0.43699388	0.00118995	0.02120454	0.00017702	0.00006240	0.00031698	0.00707068	0.00000000	0.05955568
T[C>T]T	0.00000000	0.30000868	0.02099580	0.02280177	0.12799821	0.00141994	0.00174037	0.00034804	0.00089494	0.00007310	0.03359110	0.00023604	0.01094794
T[T>A]A	0.00672119	0.00042201	0.00630874	0.00204016	0.00305996	0.00029599	0.00109023	0.00011901	0.00118992	0.00025699	0.00951439	0.00155026	0.00827966
T[T>A]C	0.00000000	0.00019201	0.00413917	0.00036003	0.00066499	0.00023199	0.00015703	0.00570072	0.00024198	0.00079496	0.00912617	0.00017903	0.00372258
T[T>A]G	0.00002800	0.00005010	0.00478904	0.00069305	0.00007060	0.00018799	0.00014903	0.00183023	0.00000000	0.00009850	0.00563071	0.00032905	0.00486627
T[T>A]T	0.00225040	0.00020501	0.00874825	0.00529041	0.00151998	0.00006200	0.00047510	0.00198025	0.00130991	0.00007640	0.01822776	0.00000000	0.00526077
T[T>C]A	0.00025505	0.00000000	0.01799640	0.00073006	0.00885988	0.00002210	0.00342073	0.00209026	0.00105993	0.08419604	0.00735665	0.00473078	0.00976895
T[T>C]C	0.00339060	0.00004350	0.00970806	0.00517040	0.00008100	0.00002490	0.00592127	0.01530193	0.00109993	0.05479743	0.00306651	0.00819136	0.00715886
T[T>C]G	0.00041607	0.00011700	0.01269746	0.00036303	0.00066799	0.00009980	0.00132028	0.00235030	0.00120992	0.02759870	0.00370456	0.08841464	0.00171129
T[T>C]T	0.00433077	0.00003580	0.01849630	0.00325025	0.00002510	0.00053098	0.00135029	0.02100265	0.00099993	0.04069809	0.00791269	0.01250207	0.00658776
T[T>G]A	0.00000000	0.00001670	0.00521896	0.00269021	0.01129984	0.00018399	0.00023105	0.00000000	0.00001220	0.00046498	0.00556284	0.00003240	0.00820445
T[T>G]C	0.00005510	0.00007040	0.00655869	0.00000000	0.00554992	0.00000000	0.00029406	0.00011602	0.00874940	0.00037898	0.00642218	0.00070612	0.00249729
T[T>G]G	0.00058310	0.00009540	0.00693861	0.00002160	0.00275996	0.00003670	0.00014803	0.00092012	0.00477967	0.00013099	0.00418810	0.00769127	0.00199599
T[T>G]T	0.00000000	0.00000000	0.01349730	0.01890147	0.09089873	0.00001890	0.00599128	0.00458058	0.12199162	0.00000000	0.01492849	0.00049908	0.00625077
