Samples	SBS96A	SBS96B	SBS96C	SBS96D	SBS96E	SBS96F	SBS96G	SBS96H
TCGA-3N-A9WB-06	122	63	0	0	31	0	3	2
TCGA-3N-A9WC-06	1206	431	498	419	0	0	10	23
TCGA-3N-A9WD-06	446	297	185	288	2	7	16	20
TCGA-BF-A1PU-01	36	22	30	0	5	3	16	0
TCGA-BF-A1PV-01	162	148	43	0	14	24	0	0
TCGA-BF-A1PX-01	133	197	120	0	0	7	0	0
TCGA-BF-A1PZ-01	64	114	128	0	1	5	19	2
TCGA-BF-A1Q0-01	503	173	117	59	29	0	28	45
TCGA-BF-A3DJ-01	114	54	2	0	7	7	14	0
TCGA-BF-A3DL-01	356	137	37	33	7	6	17	13
TCGA-BF-A3DM-01	307	117	152	40	20	3	4	7
TCGA-BF-A3DN-01	57	24	5	0	2	18	2	1
TCGA-BF-A5EO-01	402	132	101	137	83	0	0	4
TCGA-BF-A5EP-01	36	62	59	0	47	0	7	13
TCGA-BF-A5EQ-01	386	248	139	0	0	7	18	11
TCGA-BF-A5ER-01	104	74	47	0	29	0	17	5
TCGA-BF-A5ES-01	278	118	176	83	32	11	16	0
TCGA-BF-A9VF-01	13	48	37	0	25	0	1	1
TCGA-BF-AAOU-01	191	155	48	0	33	6	18	1
TCGA-BF-AAOX-01	906	434	237	0	83	35	10	10
TCGA-BF-AAP0-06	321	163	91	0	61	0	0	6
TCGA-BF-AAP1-01	805	124	94	135	30	9	22	0
TCGA-BF-AAP2-01	780	644	408	0	0	0	1	0
TCGA-BF-AAP4-01	426	301	291	44	0	30	15	17
TCGA-BF-AAP6-01	37	0	14	0	33	3	4	0
TCGA-BF-AAP7-01	279	102	138	0	49	44	0	6
TCGA-BF-AAP8-01	0	0	0	0	10	1	3	0
TCGA-D3-A1Q1-06	0	0	2	0	42	8	13	2
TCGA-D3-A1Q3-06	1	0	0	1	11	22	4	11
TCGA-D3-A1Q4-06	122	179	24	21	0	0	22	3
TCGA-D3-A1Q5-06	141	171	151	0	0	0	29	0
TCGA-D3-A1Q6-06	400	140	391	170	0	37	5	0
TCGA-D3-A1Q7-06	45	40	27	0	19	0	0	0
TCGA-D3-A1Q8-06	102	47	93	39	17	24	2	0
TCGA-D3-A1Q9-06	3	0	1	0	15	13	6	4
TCGA-D3-A1QA-06	286	65	78	128	25	1	21	0
TCGA-D3-A1QB-06	177	135	113	10	78	0	0	8
TCGA-D3-A2J6-06	8	0	0	0	8	5	5	0
TCGA-D3-A2J7-06	230	88	121	24	0	4	4	4
TCGA-D3-A2J8-06	436	298	8	15	0	8	9	2
TCGA-D3-A2J9-06	16	26	20	4	26	0	3	0
TCGA-D3-A2JA-06	214	124	88	0	31	15	17	5
TCGA-D3-A2JB-06	0	2	1	0	4	3	7	1
TCGA-D3-A2JC-06	106	68	54	0	25	11	12	0
TCGA-D3-A2JD-06	143	191	186	0	0	0	21	11
TCGA-D3-A2JE-06	170	152	91	0	1	8	15	25
TCGA-D3-A2JF-06	893	668	329	52	0	0	26	6
TCGA-D3-A2JG-06	59	40	27	0	16	0	0	6
TCGA-D3-A2JH-06	417	147	171	0	105	5	5	3
TCGA-D3-A2JK-06	141	115	92	9	27	0	20	3
TCGA-D3-A2JL-06	130	53	87	116	44	2	3	5
TCGA-D3-A2JN-06	215	71	86	24	24	0	14	12
TCGA-D3-A2JO-06	279	327	31	81	11	95	14	3
TCGA-D3-A2JP-06	215	39	73	0	0	7	20	5
TCGA-D3-A3BZ-06	0	1	0	0	37	9	9	25
TCGA-D3-A3C1-06	70	13	39	0	73	0	4	0
TCGA-D3-A3C3-06	62	22	130	59	34	0	31	2
TCGA-D3-A3C6-06	37	68	26	0	0	2	20	2
TCGA-D3-A3C7-06	423	304	246	241	0	30	6	20
TCGA-D3-A3C8-06	387	140	24	144	0	0	6	2
TCGA-D3-A3CB-06	194	86	18	0	0	6	11	2
TCGA-D3-A3CC-06	0	4	0	4	26	0	2	3
TCGA-D3-A3CE-06	0	16	0	0	11	10	3	0
TCGA-D3-A3CF-06	0	0	6	0	19	5	12	0
TCGA-D3-A3ML-06	704	332	92	74	0	62	1	3
TCGA-D3-A3MO-06	20	17	2	0	15	14	14	1
TCGA-D3-A3MR-06	399	231	272	243	0	17	8	7
TCGA-D3-A3MU-06	116	164	99	258	0	0	21	4
TCGA-D3-A3MV-06	414	157	80	46	31	0	1	6
TCGA-D3-A51E-06	163	55	74	0	35	34	6	1
TCGA-D3-A51F-06	30	53	69	0	0	0	13	0
TCGA-D3-A51G-06	741	286	462	0	108	89	0	4
TCGA-D3-A51H-06	1	0	9	30	0	0	0	0
TCGA-D3-A51J-06	219	189	170	15	0	0	11	9
TCGA-D3-A51K-06	0	0	3	0	3	5	13	8
TCGA-D3-A51N-06	0	15	38	28	37	1	0	0
TCGA-D3-A51R-06	512	265	109	62	0	0	14	6
TCGA-D3-A51T-06	707	379	383	100	0	2	23	20
TCGA-D3-A5GL-06	126	203	101	0	103	22	0	22
TCGA-D3-A5GN-06	195	307	85	55	0	0	27	0
TCGA-D3-A5GO-06	993	574	271	333	0	0	5	0
TCGA-D3-A5GR-06	72	72	70	101	16	17	4	0
TCGA-D3-A5GS-06	154	80	175	147	0	0	0	0
TCGA-D3-A5GT-01	0	0	0	0	17	2	7	0
TCGA-D3-A5GU-06	323	82	392	155	17	0	37	13
TCGA-D3-A8GB-06	671	309	433	0	14	0	15	22
TCGA-D3-A8GC-06	415	373	268	87	0	0	12	4
TCGA-D3-A8GD-06	49	0	16	0	30	20	13	4
TCGA-D3-A8GE-06	0	0	0	0	7	0	0	1
TCGA-D3-A8GI-06	3962	1311	502	1430	0	0	0	27
TCGA-D3-A8GJ-06	107	111	21	0	18	10	5	0
TCGA-D3-A8GK-06	181	181	150	250	0	22	13	1
TCGA-D3-A8GL-06	1199	789	391	149	0	5	30	0
TCGA-D3-A8GM-06	1155	1315	658	911	277	461	434	33
TCGA-D3-A8GN-06	157	93	71	0	12	0	7	1
TCGA-D3-A8GO-06	336	273	127	6	0	48	10	0
TCGA-D3-A8GP-06	319	265	59	0	85	30	9	17
TCGA-D3-A8GQ-06	1231	307	91	330	0	0	2	20
TCGA-D3-A8GR-06	130	172	119	28	31	21	7	11
TCGA-D3-A8GS-06	69	92	86	11	0	0	29	6
TCGA-D3-A8GV-06	320	131	46	0	21	7	23	11
TCGA-D9-A148-06	120	0	118	94	41	11	0	2
TCGA-D9-A149-06	100	86	77	1	47	0	0	7
TCGA-D9-A1JW-06	300	597	273	0	0	72	9	5
TCGA-D9-A1JX-06	136	43	17	0	9	39	7	0
TCGA-D9-A1X3-06	0	2	12	0	14	3	17	0
TCGA-D9-A3Z1-06	233	216	182	0	41	7	1	0
TCGA-D9-A3Z3-06	54	54	11	39	16	0	4	6
TCGA-D9-A3Z4-01	4	75	72	0	42	6	5	3
TCGA-D9-A4Z2-01	0	0	3	0	8	9	6	5
TCGA-D9-A4Z3-01	0	620	352	0	94	0	12	0
TCGA-D9-A4Z5-01	10	0	11	0	8	0	57	2
TCGA-D9-A4Z6-06	122	143	46	50	0	0	8	0
TCGA-D9-A6E9-06	85	77	49	0	1	11	22	1
TCGA-D9-A6EA-06	254	59	212	344	0	0	0	20
TCGA-D9-A6EC-06	1984	600	617	567	0	0	0	2000
TCGA-D9-A6EG-06	7	9	18	16	52	0	2	0
TCGA-DA-A1HV-06	948	313	237	345	0	0	6	21
TCGA-DA-A1HW-06	248	28	95	50	10	11	6	4
TCGA-DA-A1HY-06	251	454	268	0	0	11	9	5
TCGA-DA-A1I0-06	287	164	172	0	45	9	4	5
TCGA-DA-A1I1-06	268	124	101	0	32	5	0	1
TCGA-DA-A1I2-06	39	38	54	13	18	9	5	3
TCGA-DA-A1I4-06	140	125	59	0	32	0	6	0
TCGA-DA-A1I5-06	200	272	73	21	0	12	3	8
TCGA-DA-A1I7-06	387	39	60	0	120	0	0	3
TCGA-DA-A1I8-06	28	0	97	88	12	21	6	0
TCGA-DA-A1IA-06	69	19	184	137	72	0	0	3
TCGA-DA-A1IB-06	0	0	0	0	0	1	7	0
TCGA-DA-A1IC-06	404	333	314	59	175	76	1	0
TCGA-DA-A3F3-06	193	58	27	50	61	0	3	0
TCGA-DA-A3F5-06	129	63	119	45	46	33	22	0
TCGA-DA-A3F8-06	681	521	281	150	0	7	4	0
TCGA-DA-A95V-06	44	48	98	115	41	0	23	3
TCGA-DA-A95W-06	52	83	52	0	22	0	5	2
TCGA-DA-A95X-06	375	151	66	0	67	0	14	11
TCGA-DA-A95Y-06	196	212	59	11	20	41	6	16
TCGA-DA-A95Z-06	1424	780	196	0	192	21	37	6
TCGA-DA-A960-01	663	264	154	0	57	0	33	16
TCGA-EB-A1NK-01	74	37	34	16	24	0	9	2
TCGA-EB-A24C-01	0	1	1	0	19	0	12	2
TCGA-EB-A24D-01	228	179	197	107	76	16	0	12
TCGA-EB-A299-01	68	75	54	0	7	0	3	0
TCGA-EB-A3HV-01	35	1	6	0	0	0	20	1
TCGA-EB-A3XB-01	272	226	85	0	82	31	0	0
TCGA-EB-A3XC-01	172	174	134	0	43	0	16	29
TCGA-EB-A3XD-01	307	83	89	0	0	41	0	0
TCGA-EB-A3XE-01	0	11	0	0	0	2	8	1
TCGA-EB-A3XF-01	257	200	50	0	0	15	14	0
TCGA-EB-A3Y6-01	355	121	196	50	76	0	25	18
TCGA-EB-A3Y7-01	606	189	219	348	59	60	0	37
TCGA-EB-A41A-01	1225	702	275	333	0	81	4	0
TCGA-EB-A41B-01	365	125	26	34	0	0	5	0
TCGA-EB-A42Y-01	4	13	0	0	42	0	9	13
TCGA-EB-A42Z-01	59	26	27	0	22	3	20	0
TCGA-EB-A430-01	215	119	145	0	0	36	10	4
TCGA-EB-A431-01	670	500	712	478	0	0	10	27
TCGA-EB-A44N-01	80	42	51	0	6	17	12	0
TCGA-EB-A44O-01	248	158	216	0	22	32	11	5
TCGA-EB-A44P-01	186	118	140	0	0	27	6	1
TCGA-EB-A44Q-06	0	15	0	0	31	0	8	3
TCGA-EB-A44R-06	1	0	0	0	22	23	22	3
TCGA-EB-A4IQ-01	1	0	2	2	10	4	3	0
TCGA-EB-A4IS-01	162	211	256	112	0	0	24	8
TCGA-EB-A4OY-01	0	0	4	0	31	14	12	11
TCGA-EB-A4OZ-01	0	2	2	0	0	3	5	4
TCGA-EB-A4P0-01	40	63	75	31	39	0	7	3
TCGA-EB-A4XL-01	163	190	188	83	19	0	5	18
TCGA-EB-A51B-01	74	199	143	96	53	0	2	0
TCGA-EB-A550-01	95	33	47	0	6	7	15	0
TCGA-EB-A551-01	265	60	56	11	12	65	0	5
TCGA-EB-A553-01	100	100	116	0	72	5	25	17
TCGA-EB-A57M-01	0	0	0	0	40	1	17	1
TCGA-EB-A5FP-01	246	60	164	64	17	0	1	5
TCGA-EB-A5KH-06	0	0	6	0	29	2	16	1
TCGA-EB-A5SE-01	170	73	115	10	22	0	1	7
TCGA-EB-A5SF-01	15	0	1	6	9	3	7	1
TCGA-EB-A5SG-06	96	102	70	95	0	0	0	6
TCGA-EB-A5SH-06	0	24	0	8	0	17	66	7
TCGA-EB-A5UL-06	222	155	154	0	40	12	25	24
TCGA-EB-A5UM-01	276	227	169	0	64	0	13	3
TCGA-EB-A5UN-06	310	285	258	12	133	0	0	0
TCGA-EB-A5VU-01	0	5	10	0	41	0	9	0
TCGA-EB-A6L9-06	0	1	0	0	17	3	7	0
TCGA-EB-A6QY-01	427	99	185	126	0	14	11	10
TCGA-EB-A6QZ-01	104	123	105	0	28	15	7	5
TCGA-EB-A6R0-01	198	108	157	0	55	0	4	6
TCGA-EB-A82B-01	0	0	7	0	50	4	3	1
TCGA-EB-A82C-01	13	0	0	0	24	6	5	0
TCGA-EB-A85I-01	136	54	50	14	0	9	41	2
TCGA-EB-A85J-01	313	176	42	0	26	0	3	4
TCGA-EB-A97M-01	179	129	62	0	54	0	5	0
TCGA-EE-A17X-06	489	249	190	98	25	0	25	14
TCGA-EE-A17Y-06	54	90	55	0	22	0	6	5
TCGA-EE-A17Z-06	0	0	2	0	1	12	11	0
TCGA-EE-A180-06	356	157	133	0	24	19	34	2
TCGA-EE-A181-06	1686	966	798	408	0	90	0	56
TCGA-EE-A182-06	970	296	282	379	0	95	16	2
TCGA-EE-A183-06	532	300	99	0	45	12	17	11
TCGA-EE-A184-06	0	10	0	13	0	0	384	3
TCGA-EE-A185-06	128	50	67	0	10	2	11	0
TCGA-EE-A20B-06	87	66	67	0	0	24	0	0
TCGA-EE-A20C-06	769	589	839	423	10	190	18	33
TCGA-EE-A20F-06	279	55	140	169	0	0	6	2
TCGA-EE-A20H-06	251	229	120	90	0	110	5	8
TCGA-EE-A20I-06	0	0	3	0	11	10	6	0
TCGA-EE-A29A-06	50	43	127	124	0	0	10	0
TCGA-EE-A29B-06	234	118	145	238	0	0	2	12
TCGA-EE-A29C-06	250	95	174	0	33	21	0	0
TCGA-EE-A29D-06	2175	1773	1202	0	0	41	24	29
TCGA-EE-A29E-06	2195	520	839	1335	0	0	0	0
TCGA-EE-A29G-06	239	103	58	11	1	51	0	11
TCGA-EE-A29H-06	153	117	71	37	0	23	14	3
TCGA-EE-A29L-06	1359	541	525	245	0	0	27	63
TCGA-EE-A29M-06	1192	688	598	769	0	0	0	0
TCGA-EE-A29N-06	218	144	293	92	60	26	0	14
TCGA-EE-A29P-06	84	204	97	0	19	0	3	3
TCGA-EE-A29Q-06	196	66	80	4	55	3	0	5
TCGA-EE-A29R-06	408	197	188	114	0	21	6	0
TCGA-EE-A29S-06	684	419	262	18	0	106	3	6
TCGA-EE-A29T-06	260	131	6	0	41	9	66	0
TCGA-EE-A29V-06	306	454	529	27	43	24	14	15
TCGA-EE-A29W-06	32	0	29	9	6	4	11	2
TCGA-EE-A29X-06	53	41	64	34	0	0	7	6
TCGA-EE-A2A0-06	154	233	27	74	41	0	0	4
TCGA-EE-A2A1-06	228	121	91	41	36	12	0	0
TCGA-EE-A2A2-06	283	542	685	439	77	0	18	30
TCGA-EE-A2A5-06	196	48	135	23	0	23	8	5
TCGA-EE-A2A6-06	298	9	78	0	0	19	10	3
TCGA-EE-A2GB-06	398	276	203	0	0	13	6	15
TCGA-EE-A2GC-06	1454	852	756	80	0	40	28	24
TCGA-EE-A2GD-06	346	231	62	50	29	18	0	8
TCGA-EE-A2GE-06	56	56	133	71	0	7	3	0
TCGA-EE-A2GH-06	180	105	88	33	0	0	17	3
TCGA-EE-A2GI-06	868	433	474	254	0	99	14	0
TCGA-EE-A2GJ-06	654	456	276	93	36	64	0	31
TCGA-EE-A2GK-06	0	0	0	0	0	0	4	0
TCGA-EE-A2GL-06	155	159	147	0	11	1	5	19
TCGA-EE-A2GM-06	356	242	254	79	35	0	8	0
TCGA-EE-A2GN-06	205	142	173	18	13	0	12	6
TCGA-EE-A2GO-06	943	940	719	0	116	9	0	54
TCGA-EE-A2GP-06	395	284	120	9	46	0	8	2
TCGA-EE-A2GR-06	712	369	793	248	0	52	15	26
TCGA-EE-A2GS-06	233	118	85	0	9	19	4	0
TCGA-EE-A2GT-06	116	175	47	44	61	0	16	3
TCGA-EE-A2GU-06	319	340	111	40	0	0	5	13
TCGA-EE-A2M5-06	796	374	1000	419	0	123	0	53
TCGA-EE-A2M6-06	250	278	145	5	0	25	27	16
TCGA-EE-A2M7-06	35	0	2	0	10	3	31	5
TCGA-EE-A2M8-06	95	0	0	25	13	18	0	0
TCGA-EE-A2MC-06	515	287	93	0	37	92	3	3
TCGA-EE-A2MD-06	1430	487	333	0	0	66	10	5
TCGA-EE-A2ME-06	14	8	5	0	15	0	0	0
TCGA-EE-A2MF-06	414	294	39	183	0	71	0	31
TCGA-EE-A2MG-06	72	111	43	30	0	7	14	0
TCGA-EE-A2MH-06	44	54	65	0	32	0	1	5
TCGA-EE-A2MI-06	628	554	194	61	0	40	6	5
TCGA-EE-A2MJ-06	1355	587	368	321	0	0	0	21
TCGA-EE-A2MK-06	215	45	52	61	0	28	0	3
TCGA-EE-A2ML-06	304	134	269	0	0	44	7	0
TCGA-EE-A2MM-06	363	257	101	0	13	2	25	0
TCGA-EE-A2MN-06	114	6	49	17	0	11	8	0
TCGA-EE-A2MP-06	141	61	121	15	29	16	9	1
TCGA-EE-A2MQ-06	150	55	97	0	30	4	18	11
TCGA-EE-A2MR-06	4479	0	308	0	171	89	14	0
TCGA-EE-A2MS-06	1798	685	1302	175	0	0	14	8
TCGA-EE-A2MT-06	419	394	318	44	70	1	0	13
TCGA-EE-A2MU-06	490	201	154	0	0	0	3	62
TCGA-EE-A3AA-06	1018	227	391	392	0	0	0	22
TCGA-EE-A3AB-06	0	262	154	0	0	446	0	47
TCGA-EE-A3AC-06	504	280	320	239	3	24	0	15
TCGA-EE-A3AD-06	267	137	151	0	0	26	14	1
TCGA-EE-A3AE-06	1052	374	298	272	0	0	8	9
TCGA-EE-A3AF-06	220	531	491	0	97	0	13	9
TCGA-EE-A3AG-06	919	668	673	32	0	0	11	9
TCGA-EE-A3AH-06	220	152	115	0	0	0	13	8
TCGA-EE-A3J3-06	78	19	55	0	57	10	8	0
TCGA-EE-A3J4-06	45	0	97	175	69	0	14	18
TCGA-EE-A3J5-06	773	944	594	413	0	181	17	18
TCGA-EE-A3J7-06	364	135	542	136	43	37	60	33
TCGA-EE-A3J8-06	162	93	27	64	18	0	4	3
TCGA-EE-A3JA-06	568	324	211	332	0	0	0	0
TCGA-EE-A3JB-06	188	75	313	190	2	43	26	22
TCGA-EE-A3JD-06	1932	492	461	0	0	217	0	0
TCGA-EE-A3JE-06	140	59	117	0	48	0	0	5
TCGA-EE-A3JH-06	82	33	60	15	52	0	3	0
TCGA-EE-A3JI-06	323	161	498	416	79	1	42	16
TCGA-ER-A193-06	997	663	470	307	122	12	0	48
TCGA-ER-A194-01	701	552	518	48	0	3	30	14
TCGA-ER-A195-06	171	93	60	14	0	10	0	0
TCGA-ER-A196-01	1	0	0	0	13	4	7	0
TCGA-ER-A197-06	0	0	0	0	16	25	11	0
TCGA-ER-A198-06	234	159	194	0	48	0	16	1
TCGA-ER-A199-06	208	79	68	0	0	6	9	2
TCGA-ER-A19A-06	154	27	19	37	8	2	1	0
TCGA-ER-A19B-06	35	0	6	0	0	84	2	4
TCGA-ER-A19C-06	28	0	31	49	0	0	11	3
TCGA-ER-A19D-06	263	121	142	27	88	1	0	0
TCGA-ER-A19E-06	262	132	79	0	134	1	3	6
TCGA-ER-A19F-06	540	413	295	0	0	51	6	8
TCGA-ER-A19G-06	245	183	189	0	0	43	20	18
TCGA-ER-A19H-06	134	80	85	0	28	33	13	0
TCGA-ER-A19J-06	128	106	12	4	37	0	2	2
TCGA-ER-A19K-01	52	283	62	74	10	0	16	5
TCGA-ER-A19L-06	23	25	13	5	5	0	0	3
TCGA-ER-A19M-06	274	145	202	28	11	0	16	1
TCGA-ER-A19N-06	282	160	161	36	0	0	9	14
TCGA-ER-A19O-06	139	65	18	0	0	13	9	0
TCGA-ER-A19P-06	120	66	102	65	0	0	282	5
TCGA-ER-A19Q-06	106	0	30	0	7	11	9	0
TCGA-ER-A19S-06	48	119	44	28	9	9	11	7
TCGA-ER-A19T-01	0	1	14	0	36	4	10	5
TCGA-ER-A19W-06	184	22	123	100	30	9	19	1
TCGA-ER-A1A1-06	0	32	36	22	0	0	3	1
TCGA-ER-A2NB-01	0	0	10	0	41	8	20	6
TCGA-ER-A2NC-06	210	203	112	0	14	0	12	1
TCGA-ER-A2ND-06	35	24	4	0	39	40	2	1
TCGA-ER-A2NE-06	111	16	31	0	5	4	10	2
TCGA-ER-A2NF-01	0	22	3	0	13	0	3	0
TCGA-ER-A2NG-06	85	142	66	0	30	0	0	24
TCGA-ER-A2NH-06	217	132	54	0	0	6	2	4
TCGA-ER-A3ES-06	0	0	0	0	21	0	7	1
TCGA-ER-A3ET-06	0	14	2	9	54	11	20	6
TCGA-ER-A3EV-06	0	5	9	1	51	0	24	9
TCGA-ER-A3PL-06	115	196	198	0	0	0	10	0
TCGA-ER-A42H-01	0	1	0	0	51	0	25	1
TCGA-ER-A42K-06	113	33	89	4	7	18	6	3
TCGA-ER-A42L-06	333	586	180	184	0	0	16	2
TCGA-FR-A2OS-01	0	0	0	0	10	6	0	0
TCGA-FR-A3R1-01	225	133	187	0	0	23	21	0
TCGA-FR-A3YN-06	358	200	143	0	30	51	5	1
TCGA-FR-A3YO-06	593	363	160	0	47	18	8	0
TCGA-FR-A44A-06	113	94	102	31	68	0	11	1
TCGA-FR-A69P-06	121	90	44	0	42	4	0	4
TCGA-FR-A726-01	3231	1416	3564	1935	0	0	0	0
TCGA-FR-A728-01	239	94	111	81	0	1	9	5
TCGA-FR-A729-06	650	154	196	170	0	0	0	34
TCGA-FR-A7U8-06	0	0	2	0	29	0	13	0
TCGA-FR-A7U9-06	1194	582	337	301	0	0	28	38
TCGA-FR-A7UA-06	61	50	28	99	0	0	3	0
TCGA-FR-A8YC-06	1790	823	699	605	0	143	5	35
TCGA-FR-A8YD-06	0	22	7	7	56	3	26	11
TCGA-FR-A8YE-06	228	137	70	22	0	0	1	13
TCGA-FS-A1YW-06	97	42	26	22	26	0	6	0
TCGA-FS-A1YX-06	6	0	9	0	2	0	12	1
TCGA-FS-A1YY-06	43	135	57	6	23	0	10	0
TCGA-FS-A1Z0-06	132	0	85	75	22	30	2	5
TCGA-FS-A1Z3-06	667	190	245	202	0	68	8	10
TCGA-FS-A1Z4-06	0	37	1	1	3	4	4	3
TCGA-FS-A1Z7-06	62	73	50	25	40	0	0	0
TCGA-FS-A1ZA-06	872	192	244	211	0	87	10	8
TCGA-FS-A1ZB-06	151	90	57	0	0	0	18	0
TCGA-FS-A1ZC-06	464	201	176	105	0	13	6	13
TCGA-FS-A1ZD-06	74	66	99	54	7	30	7	4
TCGA-FS-A1ZE-06	76	13	10	34	52	5	0	0
TCGA-FS-A1ZF-06	89	38	63	22	40	24	0	3
TCGA-FS-A1ZG-06	0	0	0	0	20	10	12	3
TCGA-FS-A1ZH-06	0	0	11	0	27	5	1	0
TCGA-FS-A1ZJ-06	0	2	2	10	45	4	19	1
TCGA-FS-A1ZK-06	566	469	987	125	0	17	14	34
TCGA-FS-A1ZM-06	99	93	76	0	18	15	20	10
TCGA-FS-A1ZN-01	29	49	35	7	9	0	5	3
TCGA-FS-A1ZP-06	421	92	3	0	37	17	10	0
TCGA-FS-A1ZQ-06	230	140	83	203	0	0	7	20
TCGA-FS-A1ZR-06	88	59	28	0	0	0	12	0
TCGA-FS-A1ZS-06	101	86	73	52	52	8	12	0
TCGA-FS-A1ZT-06	73	124	19	0	17	0	7	2
TCGA-FS-A1ZU-06	6	0	0	0	36	2	8	0
TCGA-FS-A1ZW-06	455	0	202	163	74	4	0	10
TCGA-FS-A1ZY-06	2	0	14	0	12	0	12	2
TCGA-FS-A1ZZ-06	1353	662	73	0	0	36	5	18
TCGA-FS-A4F0-06	189	132	274	132	13	27	3	0
TCGA-FS-A4F4-06	12	0	0	3	29	0	9	3
TCGA-FS-A4F5-06	515	305	153	0	0	51	1	0
TCGA-FS-A4F8-06	64	39	42	50	14	12	8	6
TCGA-FS-A4F9-06	267	200	98	0	0	0	16	9
TCGA-FS-A4FB-06	136	32	56	0	0	21	3	2
TCGA-FS-A4FC-06	565	238	172	0	13	0	11	0
TCGA-FS-A4FD-06	285	131	82	92	0	0	6	12
TCGA-FW-A3I3-06	0	3	0	2	38	4	21	5
TCGA-FW-A3R5-06	20038	0	7431	0	0	0	0	0
TCGA-FW-A3TU-06	305	105	365	187	93	7	16	2
TCGA-FW-A3TV-06	242	0	83	87	32	7	0	7
TCGA-FW-A5DX-01	47	56	67	55	29	0	8	5
TCGA-FW-A5DY-06	100	103	26	0	11	0	1	0
TCGA-GF-A2C7-01	14	40	36	0	0	4	8	1
TCGA-GF-A3OT-06	370	108	231	0	37	21	17	0
TCGA-GF-A4EO-06	132	85	97	0	0	12	18	2
TCGA-GF-A6C8-06	199	141	108	0	42	31	1	5
TCGA-GF-A6C9-06	2225	884	253	427	0	24	13	28
TCGA-GF-A769-01	86	31	56	0	30	0	7	5
TCGA-GN-A262-06	113	125	217	0	0	22	18	0
TCGA-GN-A263-01	242	128	169	57	0	0	2	5
TCGA-GN-A264-06	15	0	0	0	28	0	9	9
TCGA-GN-A265-06	93	99	82	0	0	22	6	8
TCGA-GN-A266-06	3042	494	673	1098	0	0	28	12
TCGA-GN-A267-06	128	58	206	139	53	0	8	8
TCGA-GN-A268-06	180	139	39	29	50	1	7	6
TCGA-GN-A269-01	364	193	225	200	0	0	8	8
TCGA-GN-A26A-06	118	141	163	0	14	0	6	10
TCGA-GN-A26C-01	1227	432	382	456	0	0	10	0
TCGA-GN-A26D-06	0	13	0	0	28	4	12	1
TCGA-GN-A4U3-06	155	13	151	106	0	24	12	0
TCGA-GN-A4U4-06	381	290	193	88	0	4	9	10
TCGA-GN-A4U5-01	54	193	183	0	17	0	6	0
TCGA-GN-A4U7-06	81	0	129	91	23	5	13	5
TCGA-GN-A4U8-06	199	127	107	93	0	0	13	7
TCGA-GN-A4U9-06	2	0	0	2	17	20	18	18
TCGA-GN-A8LK-06	1097	960	601	0	0	47	36	51
TCGA-GN-A8LL-06	0	0	9	8	23	9	16	5
TCGA-GN-A8LN-01	213	71	28	0	16	13	15	4
TCGA-GN-A9SD-06	106	3	34	38	0	6	17	0
TCGA-HR-A2OG-06	41	58	61	42	40	7	0	5
TCGA-HR-A2OH-06	73	14	44	0	6	12	3	5
TCGA-HR-A5NC-01	0	1	33	20	25	0	13	1
TCGA-IH-A3EA-01	784	785	222	198	0	0	26	0
TCGA-LH-A9QB-06	160	48	100	24	0	6	21	0
TCGA-OD-A75X-06	495	646	170	0	76	65	2	1
TCGA-QB-A6FS-06	731	578	273	0	0	0	12	10
TCGA-QB-AA9O-06	932	333	396	201	35	154	7	38
TCGA-RP-A690-06	0	3	0	0	11	0	4	2
TCGA-RP-A693-06	335	305	378	10	29	0	13	21
TCGA-RP-A694-06	611	87	180	49	0	9	21	18
TCGA-RP-A695-06	465	413	262	2	0	11	18	14
TCGA-RP-A6K9-06	0	0	5	0	13	26	24	0
TCGA-W3-A824-06	673	435	467	196	158	15	87	0
TCGA-W3-A825-06	843	297	204	129	0	29	31	21
TCGA-W3-A828-06	116	370	821	450	28	3	28	35
TCGA-W3-AA1O-06	406	307	226	80	18	0	4	7
TCGA-W3-AA1Q-06	634	477	68	0	89	0	1	0
TCGA-W3-AA1R-06	1226	555	401	82	15	59	36	17
TCGA-W3-AA1V-06	3252	871	1575	1659	0	0	72	60
TCGA-W3-AA1W-06	453	247	99	89	54	0	14	3
TCGA-W3-AA21-06	355	218	45	5	70	0	10	0
TCGA-WE-A8JZ-06	34	52	60	105	0	0	30	0
TCGA-WE-A8K1-06	261	91	22	0	45	28	10	3
TCGA-WE-A8K4-01	442	309	249	69	0	74	6	10
TCGA-WE-A8K5-06	883	341	261	22	79	0	3	1
TCGA-WE-A8K6-06	155	72	100	6	0	21	12	0
TCGA-WE-A8ZM-06	15	28	0	4	21	20	7	8
TCGA-WE-A8ZN-06	83	32	59	34	0	11	6	0
TCGA-WE-A8ZO-06	229	176	37	0	8	31	6	0
TCGA-WE-A8ZQ-06	78	40	54	0	31	0	40	7
TCGA-WE-A8ZR-06	10	0	0	2	18	0	6	0
TCGA-WE-A8ZT-06	210	230	152	0	22	0	8	6
TCGA-WE-A8ZX-06	405	167	58	167	0	0	3	0
TCGA-WE-A8ZY-06	133	74	60	41	0	17	16	5
TCGA-WE-AA9Y-06	12	26	32	22	0	0	8	4
TCGA-WE-AAA0-06	680	553	566	146	0	0	13	24
TCGA-WE-AAA3-06	383	82	33	0	15	2	4	11
TCGA-WE-AAA4-06	177	43	43	0	0	33	8	8
TCGA-XV-A9VZ-01	0	0	2	2	12	0	2	0
TCGA-XV-A9W2-01	8	0	0	0	34	0	14	0
TCGA-XV-A9W5-01	94	0	5	0	0	14	22	0
TCGA-XV-AAZV-01	52	52	14	17	6	1	17	0
TCGA-XV-AAZW-01	86	22	28	23	34	1	17	3
TCGA-XV-AAZY-01	99	24	38	78	0	0	0	0
TCGA-YD-A89C-06	1110	476	466	326	0	0	24	3
TCGA-YD-A9TA-06	1881	1004	727	899	84	0	6	35
TCGA-YD-A9TB-06	296	36	25	78	8	0	14	11
TCGA-YG-AA3N-01	1181	726	524	351	0	0	14	0
TCGA-YG-AA3O-06	524	526	230	136	82	0	11	18
TCGA-YG-AA3P-06	0	0	17	0	27	6	27	21
TCGA-Z2-A8RT-06	1310	848	626	1276	0	0	0	15
TCGA-Z2-AA3S-06	100	134	36	0	3	14	6	0
TCGA-Z2-AA3V-06	184	124	124	135	1	11	12	2
