NMF_Replicate	L1	L1 %	L2	L2 %	KL Divergence	Correlation	Convergence Iterations
1	25.289	89.359	6.484	62.976	0.741	0.705	40000.0
2	24.896	89.127	6.379	60.214	0.763	0.735	20000.0
3	22.265	86.973	5.564	58.428	0.764	0.728	40000.0
4	24.648	86.476	6.063	57.934	0.709	0.751	30000.0
5	25.813	90.73	6.519	63.424	0.794	0.683	30000.0
6	25.602	86.529	6.317	58.26	0.724	0.744	20000.0
7	22.927	85.705	5.846	58.296	0.718	0.725	20000.0
8	23.439	84.638	5.853	59.211	0.724	0.731	30000.0
9	23.009	84.058	5.758	57.269	0.701	0.749	30000.0
10	23.247	83.377	5.617	56.505	0.726	0.75	30000.0
11	24.445	88.209	6.013	58.915	0.751	0.729	20000.0
12	24.693	85.179	6.131	58.67	0.738	0.727	30000.0
13	23.874	85.22	5.84	58.518	0.727	0.735	40000.0
14	24.764	86.57	5.723	57.352	0.702	0.753	30000.0
15	24.726	86.12	6.001	58.583	0.735	0.737	30000.0
16	24.718	88.059	5.785	58.488	0.723	0.742	20000.0
17	24.344	90.019	5.683	59.518	0.802	0.706	40000.0
18	25.234	85.818	6.352	58.404	0.702	0.753	40000.0
19	26.356	90.115	6.767	62.809	0.761	0.699	20000.0
20	23.119	86.81	5.726	56.431	0.763	0.74	30000.0
21	24.806	92.077	6.148	61.973	0.856	0.679	20000.0
22	22.513	80.827	5.348	54.389	0.662	0.77	20000.0
23	22.667	85.167	5.449	57.261	0.74	0.736	20000.0
24	24.075	89.143	6.065	60.693	0.765	0.711	40000.0
25	26.122	88.571	6.416	60.072	0.744	0.73	30000.0
26	25.407	89.154	6.578	60.192	0.757	0.727	40000.0
27	25.2	89.106	5.841	59.849	0.741	0.717	30000.0
28	24.974	89.485	6.243	60.767	0.756	0.712	40000.0
29	23.628	89.616	5.741	57.912	0.812	0.718	20000.0
30	23.499	86.6	5.78	59.032	0.737	0.739	20000.0
31	24.314	86.359	6.054	59.879	0.721	0.742	20000.0
32	24.646	88.948	6.157	59.329	0.758	0.729	40000.0
33	26.958	92.741	6.432	62.212	0.79	0.708	40000.0
34	25.421	87.808	6.228	58.824	0.699	0.745	20000.0
35	23.932	88.564	5.713	57.343	0.738	0.741	30000.0
36	24.471	89.376	6.351	59.649	0.788	0.722	30000.0
37	24.612	87.643	6.316	60.019	0.748	0.727	30000.0
38	23.278	83.902	5.976	56.969	0.706	0.755	40000.0
39	26.257	92.629	6.367	62.269	0.774	0.697	30000.0
40	24.02	87.943	5.936	60.405	0.774	0.707	20000.0
41	24.583	85.676	6.227	60.081	0.715	0.728	30000.0
42	26.397	90.927	6.472	61.123	0.751	0.719	40000.0
43	25.87	92.707	6.501	63.183	0.831	0.69	40000.0
44	25.259	88.074	6.278	60.686	0.764	0.723	30000.0
45	23.925	88.419	5.991	60.991	0.767	0.699	30000.0
46	24.415	84.51	5.866	59.236	0.688	0.731	20000.0
47	26.375	91.627	6.593	61.334	0.791	0.712	30000.0
48	24.97	89.447	6.219	60.441	0.764	0.723	20000.0
49	25.133	91.551	6.3	61.347	0.783	0.701	20000.0
50	24.544	84.968	6.026	58.09	0.725	0.72	30000.0
51	24.043	88.037	5.892	57.498	0.757	0.747	30000.0
52	24.683	82.811	5.998	57.172	0.663	0.76	40000.0
53	24.931	89.838	6.06	60.042	0.77	0.719	40000.0
54	24.354	86.979	5.913	60.12	0.755	0.716	20000.0
55	25.753	88.471	6.397	60.827	0.742	0.721	20000.0
56	25.917	88.199	6.427	61.143	0.759	0.722	40000.0
57	24.902	88.519	6.038	59.439	0.747	0.727	20000.0
58	24.634	93.902	6.028	62.315	0.877	0.67	40000.0
59	24.537	89.055	6.054	59.478	0.765	0.726	20000.0
60	23.81	88.519	5.755	60.719	0.781	0.693	40000.0
61	24.213	89.71	5.996	61.083	0.782	0.696	20000.0
62	24.23	84.103	5.828	58.341	0.725	0.727	40000.0
63	24.552	88.39	5.923	59.676	0.792	0.712	40000.0
64	24.979	86.845	6.198	57.172	0.757	0.744	20000.0
65	23.586	83.997	5.806	56.648	0.703	0.758	20000.0
66	23.179	87.002	5.422	56.622	0.77	0.748	40000.0
67	23.669	85.379	5.923	58.227	0.703	0.746	20000.0
68	24.13	83.929	5.775	57.434	0.697	0.76	40000.0
69	23.894	89.14	6.057	61.306	0.803	0.687	20000.0
70	25.437	87.678	6.33	61.003	0.736	0.718	20000.0
71	24.133	85.965	5.755	57.279	0.752	0.748	20000.0
72	26.201	90.47	6.681	62.036	0.794	0.703	20000.0
73	25.806	88.901	6.493	61.558	0.717	0.713	30000.0
74	24.138	84.72	5.744	56.769	0.733	0.74	20000.0
75	24.481	89.537	5.878	58.989	0.818	0.715	20000.0
76	25.0	92.016	6.131	61.615	0.824	0.686	20000.0
77	25.262	90.823	6.211	59.911	0.78	0.73	30000.0
78	23.533	85.175	5.807	57.619	0.749	0.738	20000.0
79	26.561	90.891	6.363	60.57	0.782	0.716	20000.0
80	23.38	86.151	5.646	59.093	0.751	0.717	40000.0
81	26.387	86.265	6.542	60.055	0.692	0.74	20000.0
82	24.348	87.681	6.127	59.815	0.78	0.729	30000.0
83	23.827	89.776	6.056	60.681	0.811	0.713	20000.0
84	24.115	87.815	6.053	59.497	0.797	0.719	60000.0
85	22.731	84.924	5.485	56.913	0.763	0.738	20000.0
86	23.998	87.007	5.966	57.118	0.729	0.759	20000.0
87	23.659	84.764	5.683	57.199	0.746	0.74	20000.0
88	24.648	87.091	6.181	59.995	0.743	0.715	20000.0
89	25.418	87.625	6.084	58.94	0.73	0.74	20000.0
90	24.698	86.389	6.264	59.671	0.716	0.727	30000.0
91	23.95	89.73	5.896	60.633	0.8	0.7	50000.0
92	23.995	84.332	6.185	59.511	0.73	0.724	20000.0
93	26.342	95.158	6.425	63.279	0.851	0.665	40000.0
94	24.628	87.304	6.031	57.995	0.786	0.74	30000.0
95	24.729	87.317	6.217	61.136	0.786	0.711	30000.0
96	24.992	88.917	6.081	60.556	0.741	0.712	30000.0
97	25.076	90.468	6.011	61.238	0.747	0.71	20000.0
98	23.766	86.629	5.824	58.033	0.722	0.743	20000.0
99	25.472	88.641	6.3	60.926	0.729	0.73	30000.0
100	24.784	83.595	6.07	56.837	0.646	0.769	20000.0
