Samples	SBS96A	SBS96B	SBS96C
TCGA-05-4244-01	186	63	11
TCGA-05-4249-01	271	70	44
TCGA-05-4250-01	273	84	77
TCGA-05-4382-01	1834	3	273
TCGA-05-4384-01	99	49	16
TCGA-05-4389-01	98	85	113
TCGA-05-4390-01	588	83	23
TCGA-05-4395-01	168	46	134
TCGA-05-4396-01	231	74	29
TCGA-05-4397-01	668	118	233
TCGA-05-4398-01	647	145	136
TCGA-05-4402-01	18	0	137
TCGA-05-4403-01	74	88	6
TCGA-05-4405-01	345	101	36
TCGA-05-4410-01	1043	89	216
TCGA-05-4415-01	200	39	11
TCGA-05-4417-01	291	49	12
TCGA-05-4418-01	218	86	30
TCGA-05-4420-01	281	64	26
TCGA-05-4422-01	12	18	24
TCGA-05-4424-01	686	55	160
TCGA-05-4425-01	0	53	0
TCGA-05-4426-01	10	40	5
TCGA-05-4427-01	995	141	114
TCGA-05-4430-01	273	42	26
TCGA-05-4432-01	557	146	50
TCGA-05-4433-01	0	45	0
TCGA-05-4434-01	6	38	15
TCGA-05-5420-01	56	54	6
TCGA-05-5423-01	117	52	18
TCGA-05-5425-01	559	101	59
TCGA-05-5428-01	273	27	175
TCGA-05-5429-01	0	42	2
TCGA-05-5715-01	16	31	104
TCGA-35-3615-01	63	26	57
TCGA-35-4122-01	223	119	70
TCGA-35-4123-01	297	52	20
TCGA-35-5375-01	333	125	65
TCGA-38-4625-01	596	0	169
TCGA-38-4626-01	288	7	30
TCGA-38-4627-01	8	24	4
TCGA-38-4628-01	57	69	23
TCGA-38-4629-01	196	96	58
TCGA-38-4630-01	24	64	77
TCGA-38-4631-01	814	70	43
TCGA-38-4632-01	476	118	61
TCGA-38-6178-01	29	45	17
TCGA-38-7271-01	63	0	53
TCGA-38-A44F-01	2	15	1
TCGA-44-2655-01	194	16	18
TCGA-44-2656-01	896	126	36
TCGA-44-2657-01	401	59	62
TCGA-44-2659-01	426	60	22
TCGA-44-2661-01	11	30	9
TCGA-44-2662-01	68	0	200
TCGA-44-2665-01	4	38	19
TCGA-44-2666-01	2	33	8
TCGA-44-2668-01	336	14	93
TCGA-44-3396-01	73	56	116
TCGA-44-3398-01	132	29	87
TCGA-44-3917-01	183	53	38
TCGA-44-3918-01	1032	26	123
TCGA-44-3919-01	12	27	30
TCGA-44-4112-01	425	41	143
TCGA-44-5643-01	57	68	37
TCGA-44-5644-01	972	118	81
TCGA-44-5645-01	8	36	0
TCGA-44-6144-01	195	59	30
TCGA-44-6145-01	354	20	18
TCGA-44-6146-01	5	41	1
TCGA-44-6147-01	119	31	11
TCGA-44-6148-01	2	6	0
TCGA-44-6774-01	337	21	12
TCGA-44-6775-01	33	38	15
TCGA-44-6776-01	198	38	15
TCGA-44-6777-01	267	76	136
TCGA-44-6778-01	380	84	23
TCGA-44-6779-01	56	58	11
TCGA-44-7659-01	130	35	18
TCGA-44-7660-01	280	137	52
TCGA-44-7661-01	226	21	95
TCGA-44-7662-01	526	76	113
TCGA-44-7667-01	434	117	28
TCGA-44-7669-01	421	118	22
TCGA-44-7670-01	1045	56	233
TCGA-44-7671-01	194	72	25
TCGA-44-7672-01	148	29	20
TCGA-44-8117-01	787	93	50
TCGA-44-8119-01	577	167	29
TCGA-44-8120-01	635	65	45
TCGA-44-A479-01	316	33	28
TCGA-44-A47A-01	94	47	130
TCGA-44-A47B-01	14	45	1
TCGA-44-A47F-01	31	58	24
TCGA-44-A47G-01	31	42	28
TCGA-44-A4SS-01	406	90	98
TCGA-44-A4SU-01	106	75	6
TCGA-49-4486-01	43	2	168
TCGA-49-4487-01	308	32	92
TCGA-49-4488-01	298	24	45
TCGA-49-4490-01	0	49	19
TCGA-49-4494-01	166	50	16
TCGA-49-4501-01	0	61	11
TCGA-49-4505-01	180	73	21
TCGA-49-4506-01	89	46	5
TCGA-49-4507-01	121	63	65
TCGA-49-4510-01	34	23	9
TCGA-49-4512-01	9	41	5
TCGA-49-4514-01	211	51	151
TCGA-49-6742-01	70	73	211
TCGA-49-6743-01	519	116	310
TCGA-49-6744-01	241	27	17
TCGA-49-6745-01	1	66	103
TCGA-49-6761-01	87	47	112
TCGA-49-6767-01	474	66	54
TCGA-49-AAQV-01	14	22	52
TCGA-49-AAR0-01	93	53	30
TCGA-49-AAR2-01	426	40	22
TCGA-49-AAR3-01	102	52	17
TCGA-49-AAR4-01	521	32	159
TCGA-49-AAR9-01	695	79	34
TCGA-49-AARE-01	1394	126	151
TCGA-49-AARN-01	485	201	246
TCGA-49-AARO-01	692	0	46
TCGA-49-AARQ-01	717	39	133
TCGA-49-AARR-01	1	2	0
TCGA-4B-A93V-01	117	39	15
TCGA-50-5044-01	11	0	160
TCGA-50-5045-01	342	0	28
TCGA-50-5049-01	888	52	64
TCGA-50-5051-01	93	38	8
TCGA-50-5055-01	0	17	5
TCGA-50-5066-01	254	48	43
TCGA-50-5068-01	55	55	8
TCGA-50-5072-01	134	38	31
TCGA-50-5930-01	1258	55	46
TCGA-50-5931-01	283	66	32
TCGA-50-5932-01	74	12	4
TCGA-50-5933-01	436	128	68
TCGA-50-5935-01	6	36	81
TCGA-50-5936-01	44	19	83
TCGA-50-5939-01	20	52	32
TCGA-50-5941-01	360	63	59
TCGA-50-5942-01	38	31	2
TCGA-50-5944-01	19	56	9
TCGA-50-5946-01	533	78	205
TCGA-50-6590-01	768	32	284
TCGA-50-6591-01	12	47	7
TCGA-50-6592-01	187	75	94
TCGA-50-6593-01	292	75	23
TCGA-50-6594-01	527	32	75
TCGA-50-6595-01	30	45	43
TCGA-50-6597-01	0	48	30
TCGA-50-6673-01	6	52	4
TCGA-50-7109-01	222	75	11
TCGA-50-8457-01	29	29	9
TCGA-50-8459-01	75	39	5
TCGA-50-8460-01	6	25	5
TCGA-53-7624-01	700	89	223
TCGA-53-7626-01	382	8	60
TCGA-53-7813-01	139	46	1
TCGA-53-A4EZ-01	545	79	50
TCGA-55-1592-01	400	187	104
TCGA-55-1594-01	75	55	101
TCGA-55-1595-01	326	58	23
TCGA-55-1596-01	131	90	13
TCGA-55-5899-01	359	35	155
TCGA-55-6543-01	0	24	1
TCGA-55-6642-01	121	23	11
TCGA-55-6712-01	38	30	128
TCGA-55-6968-01	137	0	518
TCGA-55-6969-01	403	71	40
TCGA-55-6970-01	153	40	16
TCGA-55-6971-01	68	30	10
TCGA-55-6972-01	120	37	185
TCGA-55-6975-01	46	39	15
TCGA-55-6978-01	1	34	0
TCGA-55-6979-01	96	0	76
TCGA-55-6980-01	0	16	0
TCGA-55-6981-01	7	51	5
TCGA-55-6982-01	20	0	267
TCGA-55-6983-01	79	48	7
TCGA-55-6984-01	9	15	3
TCGA-55-6985-01	480	84	20
TCGA-55-6986-01	2	21	2
TCGA-55-6987-01	123	15	116
TCGA-55-7227-01	135	53	16
TCGA-55-7281-01	407	81	69
TCGA-55-7283-01	113	108	70
TCGA-55-7284-01	0	57	0
TCGA-55-7570-01	280	46	141
TCGA-55-7573-01	32	18	13
TCGA-55-7574-01	118	4	200
TCGA-55-7576-01	335	130	34
TCGA-55-7724-01	104	121	52
TCGA-55-7725-01	117	33	4
TCGA-55-7726-01	16	29	96
TCGA-55-7727-01	130	54	133
TCGA-55-7728-01	79	39	3
TCGA-55-7815-01	122	50	10
TCGA-55-7816-01	0	2	0
TCGA-55-7903-01	86	74	28
TCGA-55-7907-01	1121	30	302
TCGA-55-7910-01	291	63	14
TCGA-55-7911-01	194	51	33
TCGA-55-7913-01	299	81	55
TCGA-55-7914-01	117	70	27
TCGA-55-7994-01	1565	196	129
TCGA-55-7995-01	572	92	158
TCGA-55-8085-01	140	42	146
TCGA-55-8087-01	0	31	6
TCGA-55-8089-01	961	25	560
TCGA-55-8090-01	69	39	5
TCGA-55-8091-01	2	33	0
TCGA-55-8092-01	385	151	189
TCGA-55-8094-01	452	74	31
TCGA-55-8096-01	114	46	19
TCGA-55-8097-01	55	74	10
TCGA-55-8203-01	431	92	7
TCGA-55-8204-01	96	60	114
TCGA-55-8205-01	358	24	266
TCGA-55-8206-01	7	25	6
TCGA-55-8207-01	281	87	19
TCGA-55-8208-01	135	42	267
TCGA-55-8299-01	207	44	22
TCGA-55-8301-01	249	71	42
TCGA-55-8302-01	705	96	44
TCGA-55-8505-01	3	29	16
TCGA-55-8506-01	1109	998	0
TCGA-55-8507-01	1010	141	62
TCGA-55-8508-01	147	61	19
TCGA-55-8510-01	319	27	46
TCGA-55-8511-01	509	89	115
TCGA-55-8512-01	29	15	7
TCGA-55-8513-01	0	8	0
TCGA-55-8514-01	260	78	13
TCGA-55-8614-01	116	140	42
TCGA-55-8615-01	95	60	7
TCGA-55-8616-01	508	74	21
TCGA-55-8619-01	0	27	0
TCGA-55-8620-01	447	142	26
TCGA-55-8621-01	51	27	11
TCGA-55-A48X-01	393	41	49
TCGA-55-A48Y-01	0	0	444
TCGA-55-A48Z-01	18	45	5
TCGA-55-A490-01	1436	42	165
TCGA-55-A491-01	345	73	48
TCGA-55-A492-01	244	86	25
TCGA-55-A493-01	184	48	108
TCGA-55-A494-01	188	92	15
TCGA-55-A4DF-01	210	1	772
TCGA-55-A4DG-01	739	65	40
TCGA-55-A57B-01	6	36	7
TCGA-62-8394-01	49	59	65
TCGA-62-8395-01	7	61	18
TCGA-62-8397-01	8	24	0
TCGA-62-8398-01	51	41	11
TCGA-62-8399-01	321	43	297
TCGA-62-8402-01	8	60	5
TCGA-62-A46O-01	778	103	211
TCGA-62-A46P-01	287	62	4
TCGA-62-A46R-01	101	74	34
TCGA-62-A46S-01	80	63	16
TCGA-62-A46U-01	12	34	6
TCGA-62-A46V-01	10	57	4
TCGA-62-A46Y-01	8	31	0
TCGA-62-A470-01	60	77	10
TCGA-62-A471-01	13	42	93
TCGA-62-A472-01	27	38	7
TCGA-64-1676-01	637	73	30
TCGA-64-1679-01	514	26	74
TCGA-64-1680-01	10	34	32
TCGA-64-1681-01	18	40	48
TCGA-64-5774-01	128	43	5
TCGA-64-5775-01	487	71	31
TCGA-64-5778-01	465	61	53
TCGA-64-5779-01	352	70	15
TCGA-64-5781-01	1089	91	225
TCGA-64-5815-01	157	49	7
TCGA-67-3770-01	208	54	11
TCGA-67-3771-01	699	138	483
TCGA-67-3773-01	80	41	4
TCGA-67-3774-01	96	39	15
TCGA-67-4679-01	274	56	22
TCGA-67-6215-01	18	104	15
TCGA-67-6216-01	3	24	18
TCGA-67-6217-01	153	65	16
TCGA-69-7760-01	21	60	7
TCGA-69-7761-01	17	17	2
TCGA-69-7763-01	34	66	0
TCGA-69-7764-01	54	54	8
TCGA-69-7765-01	606	34	107
TCGA-69-7973-01	250	44	15
TCGA-69-7974-01	491	99	50
TCGA-69-7978-01	481	13	272
TCGA-69-7979-01	1604	59	137
TCGA-69-7980-01	664	45	262
TCGA-69-8253-01	136	32	41
TCGA-69-8254-01	38	58	1
TCGA-69-8255-01	199	102	64
TCGA-69-A59K-01	508	73	56
TCGA-71-6725-01	2	68	3
TCGA-71-8520-01	20	67	18
TCGA-73-4658-01	199	50	199
TCGA-73-4659-01	198	47	17
TCGA-73-4662-01	196	46	26
TCGA-73-4666-01	363	72	36
TCGA-73-4668-01	525	83	21
TCGA-73-4670-01	298	100	43
TCGA-73-4675-01	30	48	6
TCGA-73-4676-01	44	65	3
TCGA-73-4677-01	220	61	23
TCGA-73-7498-01	88	49	2
TCGA-73-7499-01	12	47	24
TCGA-73-A9RS-01	1040	23	109
TCGA-75-5122-01	62	68	37
TCGA-75-5125-01	95	54	61
TCGA-75-5126-01	503	15	263
TCGA-75-5146-01	205	15	19
TCGA-75-5147-01	2	32	13
TCGA-75-6203-01	1	18	0
TCGA-75-6205-01	14	31	15
TCGA-75-6206-01	62	22	25
TCGA-75-6207-01	18	46	20
TCGA-75-6211-01	344	68	30
TCGA-75-6212-01	0	19	2
TCGA-75-6214-01	555	81	263
TCGA-75-7025-01	0	33	5
TCGA-75-7027-01	234	53	16
TCGA-75-7030-01	4	14	0
TCGA-75-7031-01	144	81	34
TCGA-78-7145-01	169	43	25
TCGA-78-7146-01	249	62	153
TCGA-78-7147-01	238	115	74
TCGA-78-7148-01	180	78	16
TCGA-78-7149-01	50	27	123
TCGA-78-7150-01	197	90	222
TCGA-78-7152-01	100	28	127
TCGA-78-7153-01	45	78	33
TCGA-78-7154-01	69	109	150
TCGA-78-7155-01	1511	122	205
TCGA-78-7156-01	168	43	206
TCGA-78-7158-01	181	41	62
TCGA-78-7159-01	297	68	15
TCGA-78-7160-01	17	32	8
TCGA-78-7161-01	157	61	18
TCGA-78-7162-01	44	31	26
TCGA-78-7163-01	5	21	1
TCGA-78-7166-01	225	34	16
TCGA-78-7167-01	62	45	47
TCGA-78-7220-01	741	124	181
TCGA-78-7535-01	144	63	13
TCGA-78-7536-01	600	111	27
TCGA-78-7537-01	108	34	27
TCGA-78-7539-01	174	16	415
TCGA-78-7540-01	1	34	1
TCGA-78-7542-01	362	62	53
TCGA-78-7633-01	95	28	12
TCGA-78-8640-01	575	148	191
TCGA-78-8648-01	9	7	0
TCGA-78-8655-01	74	49	9
TCGA-78-8660-01	171	68	65
TCGA-78-8662-01	1123	171	146
TCGA-80-5607-01	9	0	149
TCGA-80-5608-01	148	38	13
TCGA-80-5611-01	124	101	22
TCGA-83-5908-01	162	4	129
TCGA-86-6562-01	14	31	29
TCGA-86-6851-01	881	30	183
TCGA-86-7701-01	174	67	7
TCGA-86-7711-01	139	60	73
TCGA-86-7713-01	125	46	15
TCGA-86-7714-01	50	36	5
TCGA-86-7953-01	27	28	10
TCGA-86-7954-01	139	90	61
TCGA-86-7955-01	245	81	51
TCGA-86-8054-01	195	55	25
TCGA-86-8055-01	11	49	3
TCGA-86-8056-01	92	29	219
TCGA-86-8073-01	1627	62	156
TCGA-86-8074-01	26	43	10
TCGA-86-8075-01	5	53	4
TCGA-86-8076-01	20	38	26
TCGA-86-8278-01	0	13	131
TCGA-86-8279-01	534	77	25
TCGA-86-8280-01	12	39	4
TCGA-86-8281-01	220	69	48
TCGA-86-8358-01	1113	198	65
TCGA-86-8359-01	142	41	17
TCGA-86-8585-01	494	47	169
TCGA-86-8668-01	3	41	1
TCGA-86-8669-01	85	69	16
TCGA-86-8671-01	6	27	14
TCGA-86-8672-01	243	70	63
TCGA-86-8673-01	443	88	74
TCGA-86-8674-01	307	18	57
TCGA-86-A456-01	342	58	52
TCGA-86-A4JF-01	369	1179	98
TCGA-86-A4P7-01	13	36	35
TCGA-86-A4P8-01	1	1	0
TCGA-91-6828-01	250	48	38
TCGA-91-6829-01	581	134	90
TCGA-91-6830-01	25	0	290
TCGA-91-6831-01	216	103	21
TCGA-91-6835-01	47	40	26
TCGA-91-6836-01	445	92	42
TCGA-91-6840-01	16	24	102
TCGA-91-6847-01	13	75	17
TCGA-91-6848-01	503	87	151
TCGA-91-6849-01	99	28	14
TCGA-91-7771-01	142	68	41
TCGA-91-8496-01	3	35	3
TCGA-91-8497-01	14	36	6
TCGA-91-8499-01	191	66	138
TCGA-91-A4BC-01	452	78	33
TCGA-91-A4BD-01	0	25	2
TCGA-93-7347-01	100	28	15
TCGA-93-7348-01	55	58	20
TCGA-93-8067-01	73	0	601
TCGA-93-A4JN-01	26	55	17
TCGA-93-A4JO-01	13	33	19
TCGA-93-A4JP-01	19	30	33
TCGA-93-A4JQ-01	26	29	90
TCGA-95-7039-01	1267	159	116
TCGA-95-7043-01	1119	107	93
TCGA-95-7562-01	405	44	12
TCGA-95-7567-01	429	714	0
TCGA-95-7944-01	23	0	284
TCGA-95-7947-01	268	84	313
TCGA-95-7948-01	0	0	183
TCGA-95-8039-01	38	55	25
TCGA-95-8494-01	6	51	76
TCGA-95-A4VK-01	235	71	12
TCGA-95-A4VN-01	499	29	63
TCGA-95-A4VP-01	113	43	5
TCGA-97-7546-01	285	46	21
TCGA-97-7547-01	120	28	78
TCGA-97-7552-01	4	43	0
TCGA-97-7553-01	18	31	2
TCGA-97-7554-01	429	96	34
TCGA-97-7937-01	442	84	38
TCGA-97-7938-01	388	49	68
TCGA-97-7941-01	66	35	20
TCGA-97-8171-01	12	55	0
TCGA-97-8172-01	223	103	5
TCGA-97-8174-01	120	62	31
TCGA-97-8175-01	14	22	5
TCGA-97-8176-01	75	51	71
TCGA-97-8177-01	7	31	9
TCGA-97-8179-01	170	18	20
TCGA-97-8547-01	7	45	18
TCGA-97-8552-01	6	22	1
TCGA-97-A4LX-01	184	23	12
TCGA-97-A4M0-01	356	43	101
TCGA-97-A4M1-01	10	33	12
TCGA-97-A4M2-01	10	11	11
TCGA-97-A4M3-01	186	28	36
TCGA-97-A4M5-01	18	0	172
TCGA-97-A4M6-01	6	29	7
TCGA-97-A4M7-01	330	33	21
TCGA-99-7458-01	459	86	32
TCGA-99-8025-01	297	110	192
TCGA-99-8028-01	493	34	15
TCGA-99-8032-01	373	78	41
TCGA-99-8033-01	146	60	17
TCGA-99-AA5R-01	65	5	3
TCGA-J2-8192-01	17	63	10
TCGA-J2-8194-01	99	80	11
TCGA-J2-A4AD-01	165	30	222
TCGA-J2-A4AE-01	8	38	16
TCGA-J2-A4AG-01	61	47	6
TCGA-L4-A4E5-01	354	42	23
TCGA-L4-A4E6-01	13	0	7
TCGA-L9-A443-01	245	38	24
TCGA-L9-A444-01	616	48	37
TCGA-L9-A50W-01	9	16	11
TCGA-L9-A5IP-01	287	36	29
TCGA-L9-A743-01	80	4	84
TCGA-L9-A7SV-01	1930	12	77
TCGA-L9-A8F4-01	779	87	105
TCGA-MN-A4N1-01	439	104	45
TCGA-MN-A4N4-01	1337	14	521
TCGA-MN-A4N5-01	438	59	65
TCGA-MP-A4SV-01	198	54	188
TCGA-MP-A4SW-01	10	65	10
TCGA-MP-A4SY-01	105	73	39
TCGA-MP-A4T2-01	29	42	40
TCGA-MP-A4T4-01	383	55	47
TCGA-MP-A4T6-01	9	55	29
TCGA-MP-A4T7-01	126	27	6
TCGA-MP-A4T8-01	92	44	13
TCGA-MP-A4T9-01	20	11	15
TCGA-MP-A4TA-01	309	102	43
TCGA-MP-A4TC-01	258	32	37
TCGA-MP-A4TD-01	57	41	3
TCGA-MP-A4TE-01	84	89	0
TCGA-MP-A4TF-01	437	67	42
TCGA-MP-A4TH-01	69	68	2
TCGA-MP-A4TI-01	92	15	206
TCGA-MP-A4TJ-01	65	49	1
TCGA-MP-A4TK-01	330	22	90
TCGA-MP-A5C7-01	40	54	2
TCGA-NJ-A4YF-01	690	47	44
TCGA-NJ-A4YG-01	82	63	53
TCGA-NJ-A4YI-01	441	80	38
TCGA-NJ-A4YP-01	171	0	520
TCGA-NJ-A4YQ-01	1240	102	49
TCGA-NJ-A55A-01	115	22	10
TCGA-NJ-A55O-01	138	14	13
TCGA-NJ-A55R-01	251	48	24
TCGA-NJ-A7XG-01	12	30	0
TCGA-O1-A52J-01	153	43	15
TCGA-S2-AA1A-01	116	22	6
TCGA-18-3406-01	102	64	111
TCGA-18-3407-01	18	73	1
TCGA-18-3408-01	35	63	0
TCGA-18-3409-01	0	2835	1432
TCGA-18-3410-01	96	35	116
TCGA-18-3411-01	187	170	41
TCGA-18-3412-01	59	53	35
TCGA-18-3414-01	161	116	105
TCGA-18-3415-01	78	68	89
TCGA-18-3416-01	235	89	64
TCGA-18-3417-01	200	113	39
TCGA-18-3421-01	179	114	92
TCGA-18-4083-01	305	107	61
TCGA-18-4721-01	108	99	18
TCGA-18-5592-01	233	89	42
TCGA-18-5595-01	37	63	219
TCGA-21-1070-01	568	74	45
TCGA-21-1071-01	97	81	39
TCGA-21-1076-01	288	46	73
TCGA-21-1077-01	141	73	81
TCGA-21-1078-01	5	19	73
TCGA-21-1081-01	92	158	11
TCGA-21-1082-01	270	40	183
TCGA-21-1083-01	666	82	168
TCGA-21-5782-01	263	41	181
TCGA-21-5783-01	213	189	127
TCGA-21-5784-01	168	49	43
TCGA-21-5786-01	364	94	26
TCGA-21-5787-01	387	59	62
TCGA-21-A5DI-01	58	67	47
TCGA-22-0940-01	128	95	44
TCGA-22-0944-01	76	56	32
TCGA-22-1000-01	42	41	39
TCGA-22-1002-01	214	69	14
TCGA-22-1005-01	240	61	45
TCGA-22-1011-01	17	7	109
TCGA-22-1012-01	196	98	54
TCGA-22-1016-01	328	67	54
TCGA-22-4591-01	106	147	16
TCGA-22-4593-01	89	104	38
TCGA-22-4594-01	327	91	21
TCGA-22-4595-01	222	74	106
TCGA-22-4596-01	81	82	11
TCGA-22-4599-01	281	144	24
TCGA-22-4601-01	114	67	53
TCGA-22-4604-01	123	150	33
TCGA-22-4605-01	56	45	12
TCGA-22-4607-01	15	25	44
TCGA-22-4609-01	165	67	19
TCGA-22-4613-01	561	166	55
TCGA-22-5471-01	152	95	51
TCGA-22-5472-01	502	0	4
TCGA-22-5473-01	446	147	416
TCGA-22-5474-01	25	26	58
TCGA-22-5477-01	37	29	156
TCGA-22-5478-01	127	96	1
TCGA-22-5479-01	202	182	259
TCGA-22-5480-01	112	66	24
TCGA-22-5481-01	219	114	37
TCGA-22-5482-01	121	64	25
TCGA-22-5483-01	173	87	40
TCGA-22-5485-01	159	88	8
TCGA-22-5489-01	187	68	52
TCGA-22-5491-01	124	57	238
TCGA-22-5492-01	177	93	20
TCGA-22-A5C4-01	247	157	33
TCGA-33-4532-01	237	151	109
TCGA-33-4533-01	210	85	79
TCGA-33-4538-01	80	110	36
TCGA-33-4547-01	25	26	198
TCGA-33-4566-01	1480	32	126
TCGA-33-4582-01	98	107	45
TCGA-33-4583-01	552	122	69
TCGA-33-4586-01	315	113	30
TCGA-33-4587-01	136	71	80
TCGA-33-4589-01	3	72	63
TCGA-33-6737-01	253	0	310
TCGA-33-6738-01	242	84	98
TCGA-33-A4WN-01	86	54	117
TCGA-33-A5GW-01	84	33	132
TCGA-33-AAS8-01	161	95	32
TCGA-33-AASB-01	374	32	51
TCGA-33-AASD-01	323	94	39
TCGA-33-AASI-01	306	63	131
TCGA-33-AASJ-01	48	50	130
TCGA-33-AASL-01	236	53	92
TCGA-34-2596-01	164	68	99
TCGA-34-2600-01	160	52	359
TCGA-34-2604-01	571	147	42
TCGA-34-2605-01	269	48	161
TCGA-34-2608-01	78	70	43
TCGA-34-2609-01	206	91	8
TCGA-34-5231-01	498	210	126
TCGA-34-5232-01	105	126	24
TCGA-34-5234-01	151	66	4
TCGA-34-5236-01	158	65	46
TCGA-34-5239-01	207	73	29
TCGA-34-5240-01	111	61	46
TCGA-34-5241-01	144	73	40
TCGA-34-5927-01	152	105	67
TCGA-34-5928-01	114	58	284
TCGA-34-5929-01	157	25	98
TCGA-34-7107-01	128	130	64
TCGA-34-8454-01	297	0	414
TCGA-34-8455-01	534	45	35
TCGA-34-8456-01	17	22	10
TCGA-34-A5IX-01	195	118	39
TCGA-37-3783-01	114	32	352
TCGA-37-3789-01	144	30	193
TCGA-37-3792-01	887	98	136
TCGA-37-4129-01	1	5	0
TCGA-37-4130-01	1201	168	50
TCGA-37-4132-01	271	79	35
TCGA-37-4133-01	138	188	37
TCGA-37-4135-01	245	113	32
TCGA-37-4141-01	277	102	26
TCGA-37-5819-01	701	162	63
TCGA-37-A5EL-01	328	113	90
TCGA-37-A5EM-01	260	112	60
TCGA-37-A5EN-01	146	117	36
TCGA-39-5011-01	671	16	106
TCGA-39-5016-01	253	187	41
TCGA-39-5019-01	117	86	23
TCGA-39-5021-01	117	51	29
TCGA-39-5022-01	47	0	206
TCGA-39-5024-01	56	77	132
TCGA-39-5028-01	47	26	149
TCGA-39-5029-01	51	83	48
TCGA-39-5030-01	33	200	44
TCGA-39-5031-01	147	0	670
TCGA-39-5034-01	636	93	50
TCGA-39-5035-01	42	71	87
TCGA-39-5036-01	164	120	44
TCGA-39-5037-01	149	120	30
TCGA-39-5039-01	109	89	11
TCGA-39-5040-01	448	98	45
TCGA-43-2576-01	535	70	50
TCGA-43-2578-01	338	50	43
TCGA-43-2581-01	1041	54	45
TCGA-43-3394-01	105	54	15
TCGA-43-3920-01	162	43	129
TCGA-43-5668-01	653	132	39
TCGA-43-5670-01	31	30	109
TCGA-43-6143-01	244	99	58
TCGA-43-6647-01	117	57	26
TCGA-43-6770-01	136	91	44
TCGA-43-6771-01	194	44	17
TCGA-43-6773-01	11	43	22
TCGA-43-7656-01	292	111	26
TCGA-43-7657-01	81	72	11
TCGA-43-7658-01	131	94	37
TCGA-43-8115-01	122	105	31
TCGA-43-8116-01	257	103	99
TCGA-43-8118-01	531	57	206
TCGA-43-A474-01	287	154	34
TCGA-43-A475-01	186	76	43
TCGA-43-A56U-01	147	7	165
TCGA-43-A56V-01	197	47	32
TCGA-46-3765-01	131	69	92
TCGA-46-3767-01	119	29	19
TCGA-46-3768-01	206	81	65
TCGA-46-3769-01	710	26	410
TCGA-46-6025-01	78	81	74
TCGA-46-6026-01	100	101	63
TCGA-51-4079-01	313	92	105
TCGA-51-4080-01	245	88	19
TCGA-51-4081-01	150	77	21
TCGA-51-6867-01	494	131	157
TCGA-52-7622-01	219	104	15
TCGA-52-7809-01	108	103	97
TCGA-52-7810-01	194	0	341
TCGA-52-7811-01	108	59	20
TCGA-52-7812-01	247	58	66
TCGA-56-1622-01	185	87	15
TCGA-56-5897-01	40	22	64
TCGA-56-5898-01	106	47	29
TCGA-56-6545-01	201	59	106
TCGA-56-6546-01	287	104	25
TCGA-56-7221-01	187	68	111
TCGA-56-7222-01	302	119	68
TCGA-56-7223-01	173	148	52
TCGA-56-7579-01	157	82	78
TCGA-56-7580-01	96	59	16
TCGA-56-7582-01	88	99	17
TCGA-56-7730-01	285	156	21
TCGA-56-7731-01	300	89	54
TCGA-56-7822-01	178	62	227
TCGA-56-7823-01	233	92	29
TCGA-56-8082-01	125	133	23
TCGA-56-8083-01	131	61	7
TCGA-56-8201-01	111	51	37
TCGA-56-8304-01	201	63	40
TCGA-56-8305-01	336	95	59
TCGA-56-8307-01	387	98	40
TCGA-56-8308-01	258	125	52
TCGA-56-8309-01	88	54	19
TCGA-56-8503-01	59	0	150
TCGA-56-8504-01	197	79	15
TCGA-56-8622-01	151	96	45
TCGA-56-8624-01	68	39	51
TCGA-56-8625-01	228	109	269
TCGA-56-8626-01	168	93	61
TCGA-56-8628-01	403	92	21
TCGA-56-8629-01	165	76	37
TCGA-56-A49D-01	143	114	119
TCGA-56-A4BW-01	143	39	108
TCGA-56-A4BY-01	103	70	15
TCGA-56-A4ZJ-01	93	35	16
TCGA-56-A4ZK-01	150	88	58
TCGA-56-A5DS-01	102	81	80
TCGA-56-A62T-01	460	119	51
TCGA-58-8386-01	163	109	42
TCGA-58-8387-01	69	70	95
TCGA-58-8388-01	137	67	22
TCGA-58-8391-01	249	154	26
TCGA-58-8393-01	13	0	328
TCGA-58-A46J-01	126	59	32
TCGA-58-A46K-01	35	34	126
TCGA-58-A46L-01	171	61	48
TCGA-58-A46M-01	265	183	84
TCGA-58-A46N-01	146	93	25
TCGA-60-2695-01	150	89	33
TCGA-60-2697-01	11	3	0
TCGA-60-2698-01	354	0	1041
TCGA-60-2703-01	211	78	77
TCGA-60-2704-01	90	112	50
TCGA-60-2707-01	56	33	52
TCGA-60-2708-01	101	102	55
TCGA-60-2709-01	129	57	25
TCGA-60-2710-01	115	119	20
TCGA-60-2711-01	82	52	23
TCGA-60-2712-01	45	41	26
TCGA-60-2713-01	157	100	67
TCGA-60-2714-01	811	152	137
TCGA-60-2715-01	45	94	21
TCGA-60-2716-01	0	21	1
TCGA-60-2719-01	123	134	23
TCGA-60-2720-01	305	4	215
TCGA-60-2721-01	42	41	187
TCGA-60-2722-01	190	106	96
TCGA-60-2723-01	235	97	22
TCGA-60-2724-01	333	82	30
TCGA-60-2725-01	122	44	23
TCGA-60-2726-01	224	125	79
TCGA-63-5128-01	231	103	41
TCGA-63-5131-01	189	106	99
TCGA-63-6202-01	309	81	26
TCGA-63-7020-01	150	58	19
TCGA-63-7021-01	173	88	47
TCGA-63-7022-01	123	76	40
TCGA-63-7023-01	104	60	19
TCGA-63-A5M9-01	37	82	16
TCGA-63-A5MB-01	218	145	52
TCGA-63-A5MG-01	68	60	12
TCGA-63-A5MH-01	86	46	151
TCGA-63-A5MI-01	81	87	99
TCGA-63-A5MJ-01	112	122	9
TCGA-63-A5ML-01	164	99	43
TCGA-63-A5MM-01	0	1410	0
TCGA-63-A5MN-01	6	32	10
TCGA-63-A5MP-01	97	135	2
TCGA-63-A5MR-01	70	49	106
TCGA-63-A5MS-01	232	72	184
TCGA-63-A5MT-01	107	63	128
TCGA-63-A5MU-01	93	96	84
TCGA-63-A5MV-01	79	48	26
TCGA-63-A5MW-01	297	184	105
TCGA-63-A5MY-01	125	64	28
TCGA-66-2727-01	147	68	36
TCGA-66-2734-01	186	52	11
TCGA-66-2742-01	160	114	6
TCGA-66-2744-01	150	49	51
TCGA-66-2754-01	131	151	64
TCGA-66-2755-01	212	63	14
TCGA-66-2756-01	488	104	41
TCGA-66-2757-01	231	52	35
TCGA-66-2758-01	190	77	159
TCGA-66-2759-01	231	177	139
TCGA-66-2763-01	326	104	64
TCGA-66-2765-01	44	55	13
TCGA-66-2766-01	236	88	183
TCGA-66-2767-01	231	135	48
TCGA-66-2769-01	227	144	80
TCGA-66-2770-01	174	114	30
TCGA-66-2771-01	142	53	132
TCGA-66-2773-01	118	28	612
TCGA-66-2777-01	75	105	32
TCGA-66-2778-01	29	51	105
TCGA-66-2780-01	86	58	35
TCGA-66-2781-01	91	39	37
TCGA-66-2782-01	283	74	109
TCGA-66-2783-01	156	92	60
TCGA-66-2785-01	290	0	1177
TCGA-66-2786-01	98	85	100
TCGA-66-2787-01	435	72	65
TCGA-66-2788-01	146	40	70
TCGA-66-2789-01	256	117	63
TCGA-66-2791-01	156	116	110
TCGA-66-2792-01	66	99	12
TCGA-66-2793-01	229	140	15
TCGA-66-2794-01	55	68	80
TCGA-66-2795-01	207	115	41
TCGA-66-2800-01	137	103	18
TCGA-68-7755-01	179	126	33
TCGA-68-7756-01	69	41	8
TCGA-68-7757-01	295	71	12
TCGA-68-8250-01	233	108	35
TCGA-68-8251-01	38	183	170
TCGA-68-A59J-01	264	56	148
TCGA-6A-AB49-01	379	72	41
TCGA-70-6722-01	288	27	48
TCGA-70-6723-01	57	77	6
TCGA-77-6842-01	281	113	66
TCGA-77-6843-01	84	92	48
TCGA-77-6844-01	121	76	49
TCGA-77-6845-01	168	77	47
TCGA-77-7139-01	115	89	32
TCGA-77-7140-01	90	71	68
TCGA-77-7141-01	338	5	529
TCGA-77-7142-01	150	136	45
TCGA-77-7335-01	103	84	105
TCGA-77-7337-01	221	128	76
TCGA-77-7338-01	57	55	59
TCGA-77-7463-01	346	84	58
TCGA-77-7465-01	294	152	36
TCGA-77-8007-01	52	53	14
TCGA-77-8008-01	140	74	6
TCGA-77-8009-01	70	96	46
TCGA-77-8128-01	225	119	34
TCGA-77-8130-01	105	110	11
TCGA-77-8131-01	34	32	21
TCGA-77-8133-01	304	135	32
TCGA-77-8136-01	163	0	400
TCGA-77-8138-01	63	54	9
TCGA-77-8139-01	131	94	38
TCGA-77-8140-01	265	66	126
TCGA-77-8143-01	94	73	16
TCGA-77-8144-01	304	113	65
TCGA-77-8145-01	48	72	30
TCGA-77-8146-01	110	68	26
TCGA-77-8148-01	139	171	19
TCGA-77-8150-01	75	64	10
TCGA-77-8153-01	116	88	18
TCGA-77-8154-01	127	96	33
TCGA-77-8156-01	151	103	17
TCGA-77-A5FZ-01	1	0	0
TCGA-77-A5G1-01	128	47	26
TCGA-77-A5G3-01	461	164	151
TCGA-77-A5G6-01	453	117	44
TCGA-77-A5G7-01	51	57	20
TCGA-77-A5G8-01	140	118	20
TCGA-77-A5GA-01	79	95	20
TCGA-77-A5GB-01	22	38	111
TCGA-77-A5GF-01	66	46	34
TCGA-77-A5GH-01	147	88	108
TCGA-79-5596-01	154	84	13
TCGA-85-6175-01	6	42	6
TCGA-85-6560-01	263	202	53
TCGA-85-6561-01	157	62	86
TCGA-85-6798-01	158	125	58
TCGA-85-7696-01	94	119	50
TCGA-85-7697-01	181	102	59
TCGA-85-7698-01	54	72	41
TCGA-85-7699-01	113	110	20
TCGA-85-7710-01	89	72	83
TCGA-85-7843-01	135	81	77
TCGA-85-7844-01	113	101	2
TCGA-85-7950-01	194	56	78
TCGA-85-8048-01	65	68	19
TCGA-85-8049-01	141	91	35
TCGA-85-8052-01	57	85	14
TCGA-85-8070-01	156	78	43
TCGA-85-8071-01	304	124	54
TCGA-85-8072-01	92	115	20
TCGA-85-8276-01	180	117	54
TCGA-85-8277-01	122	107	72
TCGA-85-8287-01	166	97	54
TCGA-85-8288-01	129	151	25
TCGA-85-8350-01	255	79	66
TCGA-85-8351-01	76	94	17
TCGA-85-8352-01	197	63	67
TCGA-85-8353-01	117	84	21
TCGA-85-8354-01	91	79	101
TCGA-85-8355-01	156	96	30
TCGA-85-8479-01	39	98	11
TCGA-85-8481-01	258	95	35
TCGA-85-8580-01	214	113	15
TCGA-85-8582-01	309	56	29
TCGA-85-8584-01	242	40	48
TCGA-85-8664-01	157	82	42
TCGA-85-8666-01	172	71	53
TCGA-85-A4CL-01	80	0	954
TCGA-85-A4CN-01	130	92	17
TCGA-85-A4JB-01	415	113	58
TCGA-85-A4JC-01	142	44	139
TCGA-85-A4PA-01	1	12	0
TCGA-85-A4QQ-01	81	13	302
TCGA-85-A4QR-01	84	137	58
TCGA-85-A50M-01	50	36	18
TCGA-85-A50Z-01	417	68	86
TCGA-85-A510-01	134	46	5
TCGA-85-A511-01	178	40	46
TCGA-85-A512-01	93	48	59
TCGA-85-A513-01	2	23	3
TCGA-85-A53L-01	160	71	13
TCGA-85-A5B5-01	333	106	27
TCGA-90-7766-01	57	48	30
TCGA-90-7767-01	64	51	23
TCGA-90-7769-01	425	146	58
TCGA-90-7964-01	322	86	187
TCGA-90-A4ED-01	0	1886	854
TCGA-90-A4EE-01	161	88	204
TCGA-90-A59Q-01	290	53	11
TCGA-92-7340-01	249	115	193
TCGA-92-7341-01	67	134	14
TCGA-92-8063-01	307	99	34
TCGA-92-8064-01	141	113	19
TCGA-92-8065-01	12	0	344
TCGA-94-7033-01	28	61	67
TCGA-94-7557-01	10	57	72
TCGA-94-7943-01	54	46	153
TCGA-94-8035-01	122	71	58
TCGA-94-8490-01	266	868	0
TCGA-94-8491-01	372	125	182
TCGA-94-A4VJ-01	350	104	58
TCGA-94-A5I4-01	174	108	31
TCGA-94-A5I6-01	113	74	27
TCGA-96-7544-01	281	106	111
TCGA-96-7545-01	60	70	19
TCGA-96-8169-01	104	96	14
TCGA-96-8170-01	176	36	119
TCGA-96-A4JK-01	346	153	135
TCGA-96-A4JL-01	0	70	2
TCGA-98-7454-01	159	42	60
TCGA-98-8020-01	20	43	55
TCGA-98-8021-01	188	0	1102
TCGA-98-8022-01	125	107	75
TCGA-98-8023-01	143	83	25
TCGA-98-A538-01	571	98	173
TCGA-98-A539-01	121	49	58
TCGA-98-A53A-01	264	87	40
TCGA-98-A53B-01	72	76	42
TCGA-98-A53C-01	1	3	0
TCGA-98-A53H-01	35	0	2
TCGA-98-A53I-01	266	148	75
TCGA-98-A53J-01	45	51	48
TCGA-J1-A4AH-01	78	69	87
TCGA-L3-A4E7-01	74	49	3
TCGA-L3-A524-01	307	107	20
TCGA-LA-A446-01	252	90	77
TCGA-LA-A7SW-01	15	62	46
TCGA-MF-A522-01	134	73	549
TCGA-NC-A5HD-01	382	114	70
TCGA-NC-A5HE-01	157	60	36
TCGA-NC-A5HF-01	203	77	35
TCGA-NC-A5HG-01	262	275	249
TCGA-NC-A5HH-01	259	140	37
TCGA-NC-A5HI-01	350	75	119
TCGA-NC-A5HJ-01	400	71	34
TCGA-NC-A5HK-01	248	69	25
TCGA-NC-A5HL-01	116	116	38
TCGA-NC-A5HM-01	210	101	43
TCGA-NC-A5HN-01	403	261	76
TCGA-NC-A5HO-01	176	93	39
TCGA-NC-A5HP-01	342	71	97
TCGA-NC-A5HQ-01	256	128	44
TCGA-NC-A5HR-01	280	96	33
TCGA-NC-A5HT-01	259	116	39
TCGA-NK-A5CR-01	219	106	57
TCGA-NK-A5CT-01	226	79	102
TCGA-NK-A5CX-01	169	41	5
TCGA-NK-A5D1-01	49	82	29
TCGA-NK-A7XE-01	3	11	118
TCGA-O2-A52N-01	417	105	113
TCGA-O2-A52Q-01	909	44	272
TCGA-O2-A52S-01	230	91	150
TCGA-O2-A52V-01	214	85	33
TCGA-O2-A52W-01	53	62	15
TCGA-O2-A5IB-01	221	64	29
TCGA-XC-AA0X-01	110	81	40
