MutationType	SBS96A	SBS96B	SBS96C	SBS96D	SBS96E	SBS96F	SBS96G	SBS96H
A[C>A]A	0.00036048660465851865	0.0013293544145861348	0.0003834680419812589	0.005581237728328112	0.00936373931769296	0.00012481709200301338	0.023100266590967776	0.02893846533139893
A[C>A]C	0.0006844861220832854	0.0006161099252165058	0.0020144377011328627	0.00722192600890978	0.015768980517013455	0.0011074107119202381	0.03542754444212982	0.027460011266396123
A[C>A]G	3.792334540320574e-05	9.018251123237064e-05	0.0015607376349942115	0.001353601341310373	0.007770464977005274	0.0011945906384784166	0.006812335970250274	0.007563192425287184
A[C>A]T	1.8794564419266636e-06	5.554833250746682e-05	0.0011576465953669413	0.0028915797404199493	0.006647410155503053	0.0025464062960213595	0.013686611877186	0.01913401733271094
A[C>G]A	0.0004524359608419217	0.0031106356825040394	6.322322097862104e-05	0.000980000136197448	0.02921974436239523	7.506451230256061e-05	0.0036004125430717693	0.007899678897796539
A[C>G]C	0.0010516112270991585	0.000984019125984344	0.0005061986018353082	0.0030252597902818935	0.021395612393662305	0.0006562058043641627	0.004538327662036856	0.01141185335386801
A[C>G]G	1.1476401583969676e-05	0.0010501501118869783	7.349877112581282e-06	0.0003538073911588846	0.021092319147060154	0.0006912317598873585	0.0021399263407033686	0.003936659706939523
A[C>G]T	0.00027331698050661385	0.003896916381781922	3.6967041189228666e-06	0.0014349491049155461	0.03280135435943293	0.001033344849813318	0.0030278574699907778	0.0042666461333896065
A[C>T]A	0.005026560269948277	0.0008174185575628532	0.026532574573066084	0.013825992166551218	0.0233959316684448	0.004150094289216213	0.014082970335889532	0.006860628156110806
A[C>T]C	0.0016382052498192933	0.0001718468156104791	0.011299744722104911	0.01458377802899122	0.010319316891194887	0.00993117506678118	0.019499239060096443	0.020372001634881086
A[C>T]G	0.0009765828689358744	0.0030375645037926803	0.21132038753486598	0.04546829713136049	0.003424305453319789	0.021167729324215543	0.057061787982452185	0.014219078056259705
A[C>T]T	0.001818265422696186	0.00033904734409588854	0.0063341311918751544	0.012994718112495321	0.014933090485928915	0.00676162532528906	0.01757622758520313	0.010888626778378239
A[T>A]A	1.6129441979310915e-05	0.0001220931796404301	0.0003834223374033741	0.0019096323110677814	0.003888411385706334	0.0034521638136757815	0.012127416583830382	0.005412037491027632
A[T>A]C	0.00016205017962818148	7.869953616063797e-05	0.006002029740692999	0.00733028230735059	0.005224932362081347	0.0020892047270675107	0.01251394531101738	0.009291224075042237
A[T>A]G	0.0004453636700521457	4.213187319693889e-05	0.0007527178263958945	0.008209468878546601	0.002319717803222682	0.0011276122624830265	0.023349251228281957	0.009474646507641182
A[T>A]T	0.00011874855708626341	6.928137701635308e-05	0.001106242941255573	0.004333023396054898	0.0023703393101379786	0.012137448224239051	0.011721815230155244	0.005795582561763126
A[T>C]A	2.022876486354547e-05	0.0001363008496430498	0.004853923256359409	0.009642381151030284	0.004028034030005572	0.031245639743283392	0.02383766604551056	0.006095338533694985
A[T>C]C	0.0001432700923032826	0.0005626492241412962	0.0011444613891436006	0.0013778318973020022	0.009148279370235884	0.023811550759273815	0.009665853725729222	0.006579134473139305
A[T>C]G	0.0003843357914539743	0.0001507991343797599	0.008318088199414432	0.010341808481690577	0.003868647545658348	0.052235424108803274	0.0234046375989945	0.007608974230910235
A[T>C]T	0.00019966062410205156	0.00022945463294968605	0.008858343319407283	0.012397555690550009	0.005328109725845422	0.007461438329064549	0.03677772789984374	0.009244773624750735
A[T>G]A	9.782574900512486e-05	0.00014545428146508498	0.00019990850189778087	0.0018191189663659913	0.0035827734873680583	0.0004243701709623338	0.004753423453547221	0.0049383515904116845
A[T>G]C	3.1870157731432866e-05	0.00020725655897958718	0.0006269843747622339	0.0016950655650184387	0.0031842573253945262	0.0010331596412569866	0.004792257379038461	0.0034924804149294884
A[T>G]G	0.00011541607429490952	0.0002517011129671404	0.00023267336962996794	0.000993783975473832	0.009896005419729476	0.0004600117208741494	0.0013358523226984964	0.006638744769429934
A[T>G]T	0.0002560339081421326	9.264819947475189e-05	0.00018411263432533076	0.0023569107755532846	0.003205637409498294	0.0016833589847007602	0.005290124087606714	0.005368825423606154
C[C>A]A	0.000540982154771541	0.002114410773956479	0.00010159126123767237	0.003821343508146526	0.0290661742875011	0.008528785878508244	0.0048470045943047775	0.023096838622550523
C[C>A]C	0.00028521764655614845	0.0007324054112600908	0.0027631752587478787	0.0036485272039487883	0.019992422533666742	0.01671878227630714	0.007127026546346968	0.01972206440307673
C[C>A]G	0.00016865212806926877	0.0006939447124664989	0.0022429832975242904	0.0017062029170432425	0.012226743854644203	0.005248932271586852	0.00522457720021757	0.006294774464965371
C[C>A]T	0.00020123484712257776	0.0015201898643932331	0.003920658102904326	0.004976586320619845	0.006368808835110258	0.04947475914188544	0.003307793023660466	0.009338576300347939
C[C>G]A	0.0003596289598714182	0.0057062011292585875	0.00011403074227374077	0.0025458008155469585	0.023904524720933296	0.00017780028186280107	0.006104945935174015	0.00794308088702877
C[C>G]C	0.000556981141649544	0.0014728202802567836	4.520148881066888e-05	0.0017441181969816454	0.027265052158171557	2.1231046019636324e-05	0.0066409203375496165	0.00637038407010067
C[C>G]G	8.967383680932528e-05	8.07240275884169e-05	0.0037322622876732226	0.001965648747735571	0.024173097571211315	0.00010894748659488584	0.005167489714071465	0.006069964063636988
C[C>G]T	0.0007437877755278355	0.005663529340808964	7.537435518422342e-05	0.0018936851277795077	0.043853850582455604	0.0002814389785868343	0.005678125172126798	0.0064136623989909936
C[C>T]A	0.013806902219475886	0.006195116356830339	0.02034570399497291	0.031763643541990946	0.013642905658351197	0.00074656523434669	0.024992548064271317	0.025409615188236784
C[C>T]C	0.003711621753318468	0.0013000670967277016	0.014202585910878156	0.016303957297818954	0.010822535065705931	0.004281754780594171	0.0352816485971789	0.018704198294902313
C[C>T]G	0.007578452967741988	0.0018495235809950828	0.2047199057718217	0.036071748351085946	0.006063486116171874	0.011562347798489298	0.033053844261844746	0.015603729476858058
C[C>T]T	0.006870836647249234	0.0017587219732682353	0.015439544303077354	0.014863848800511193	0.021686156189534813	0.0038976969919167458	0.03215234304665927	0.027022187354800734
C[T>A]A	0.00012874863914618117	0.00024303988295287126	2.7159121290267762e-05	0.0006673181776861981	0.0054409170045539666	0.00304580722207902	0.002579051575149407	0.004595520353026501
C[T>A]C	6.398009072009713e-05	0.0007819403908295897	0.00019415434263152066	0.0021868988107256724	0.01578895505377659	0.003980354902382715	0.008062797392038235	0.007078982067285011
C[T>A]G	0.00019513876367525994	0.0004308150330689386	0.002076218429646133	0.004672977827415253	0.0173340549321685	0.0032006484652129076	0.013302621270457848	0.010612941669087377
C[T>A]T	5.371978927394272e-05	3.105575250746284e-05	0.0006174405297372314	0.0010679614557083312	0.01865921927679526	0.00161921472313594	0.004677092887467609	0.008678554031973462
C[T>C]A	8.647675454103166e-06	7.112616408960548e-05	0.00013585010678415443	0.0005670243258468588	0.0020346007727211203	0.028988124076277016	0.0020273005333223716	0.001177109639388334
C[T>C]C	0.000277922572528837	6.569907878400727e-05	0.0005026004411464324	0.0026412108315944493	0.01103441718400589	0.026113697718828918	0.00929685034275446	0.009448725616439333
C[T>C]G	2.424733737349527e-07	2.122807572865426e-05	0.00035475159535739207	4.959128704335569e-05	0.001460960318679554	0.09253670275211334	0.0018194304073399633	0.0002808184009745429
C[T>C]T	0.00030660589832677944	0.0006092562851323001	0.002511758201957548	0.004059029548810855	0.01167107706769002	0.02709329699515365	0.01070466035918173	0.005877319707283277
C[T>G]A	5.925925066671e-06	6.781085387018493e-05	7.7755021379744e-05	0.001007458601099671	0.004135834124895155	5.296781376806337e-05	0.0034757791491233547	0.0034675893758402054
C[T>G]C	0.0001394144607979797	0.00029883393366128097	0.00135889536308899	0.0032945589275283284	0.004912114428752545	0.008934347054455428	0.005244398115492004	0.004964586257494546
C[T>G]G	1.0642578374131517e-10	0.00030467424881049256	0.00016823691398377044	0.0004748881543618211	0.018472652970698958	0.01025733096525073	0.0026083936670769896	0.007000883706183546
C[T>G]T	6.074363521392456e-05	0.00045226128305102974	0.0003888959333840702	0.0015752966229496223	0.015163813130810696	0.010492395691107959	0.009806149548281726	0.008953547953302632
G[C>A]A	6.046874419220582e-05	0.0005941747315847934	0.002088770608436761	0.009340833475539892	0.012228919682944026	3.7152868807766025e-05	0.02243051041580486	0.028961893567418996
G[C>A]C	1.3944566128980221e-05	0.0010569274852605304	0.002621220667607001	0.004632998039267307	0.02207262192610379	0.002415094827467783	0.010186159693147375	0.024665544312122166
G[C>A]G	0.0003938927856134455	1.0635026767857881e-05	0.00399955555760684	0.00553373432420571	0.001430459617351403	0.00020122568960687204	0.009240053004123751	0.009120781420170943
G[C>A]T	0.00014535651055653043	0.0005373849646516016	0.00224800799644882	0.0036424185765056905	0.015353744369446929	0.0035586488720946363	0.007185163945178981	0.027925321634254097
G[C>G]A	0.00047127163076936637	0.002211188419987593	4.514953162697566e-06	0.0014892806702394524	0.018998651357148903	0.0005297382534564603	0.004274578956089474	0.00482031036281083
G[C>G]C	0.00034134804320899546	0.0011331090899849628	0.0007112689300737429	0.002883388690797519	0.020048554395172148	0.003945337104046303	0.005115381550618952	0.009626814247524181
G[C>G]G	0.0002495975327208999	0.0006953765819548608	0.00013820566590609927	0.0012789592509638715	0.010342850046381215	0.0001525834988864427	0.0018989888773077723	0.004182648359891639
G[C>G]T	0.0016677584516347776	0.000945608219007113	0.00048444223521670437	0.002982076282605495	0.032758019633565706	0.0005643835866165148	0.0026640029525613683	0.006278819710566807
G[C>T]A	0.003377061380938926	0.008107854765257798	0.018357235685816632	0.01833305604153135	0.008346023874107118	0.02959626012441163	0.020612584951798567	0.016186667207446704
G[C>T]C	0.003917606134651482	0.0018327145018201918	0.026995701957486205	0.02384201033266081	0.006483442246124928	0.04390590520094861	0.025751740824055673	0.010716483839414365
G[C>T]G	0.002366953657711386	0.0020397761690645676	0.22361231341958046	0.027776055724831963	0.0038225748306989454	0.04364976365181064	0.02038993985127081	0.01003493594441804
G[C>T]T	0.00293908632743808	0.00112762755984944	0.02246003666491397	0.018194148538929086	0.009233850066436287	0.032466551530914954	0.012873321168602594	0.010000665851603897
G[T>A]A	0.00037144945627289874	0.00019318502169880957	0.000193473695488251	0.001515393458932124	0.0048001211130800844	0.002544157467257264	0.0023579749773229254	0.0036684974703281624
G[T>A]C	0.0006116734648260547	0.00022031031937331136	0.0007553873229929308	0.003454337294864286	0.0074439715381253	0.0032946226117337575	0.007236195323662855	0.005080356210640957
G[T>A]G	7.23254904283266e-05	7.357346415668431e-05	7.944219846054424e-05	0.0008023371728912565	0.011467423953886282	0.0032436328719177253	0.00608732995803239	0.006094693269157787
G[T>A]T	6.493112586358763e-07	0.000217261064475478	0.0003904534295831752	0.0015637086049062532	0.004912280494288268	0.002301795453863633	0.008332609375356128	0.006831846228798213
G[T>C]A	4.807914408454295e-05	0.0001122426898107958	9.012468963724985e-06	1.5017174461848248e-05	6.052843836101829e-07	0.08067247349768877	0.0008568349229876304	1.8898074959707855e-05
G[T>C]C	1.9233804394778177e-05	8.390746465625654e-05	0.0007447571217063143	0.0021362104006146863	0.004847908702721426	0.02980707651004195	0.006150416452283452	0.00646219083452932
G[T>C]G	1.6031113861512124e-05	0.00012149146136003264	0.0002857545188438723	0.00017828745753202923	0.00014462982238526933	0.06405928283929825	0.0003563550832539164	0.0005505131530172491
G[T>C]T	0.00017265732874196082	1.5926409281583084e-06	0.0015490613084389792	0.0047627719469249185	0.0012352990968210874	0.050954773109406236	0.008170536591935972	0.005941682005596647
G[T>G]A	2.2014677097459413e-06	0.00012136994385713252	0.00021487227799674714	0.0003577035212646251	0.004796220235220403	0.0004330434567154562	0.0030343646506231893	0.002977117006934904
G[T>G]C	6.6532956579901105e-06	1.179725607041604e-05	0.0008862366760369867	0.0019883498516000487	0.0043864530024021065	0.0012680643043734108	0.0038026485937817257	0.004618235016520913
G[T>G]G	1.054824594497461e-06	0.00015167519810317388	9.781881013808039e-05	0.000820464249396018	0.012879504544103497	0.002122390755797028	0.00617217031132764	0.004132386515988831
G[T>G]T	2.2784036234675397e-05	5.653842722189495e-05	0.0008307496149672744	0.0013417636302979475	0.0039028999400106644	0.003875368130462675	0.006745911008782733	0.00344580380479222
T[C>A]A	0.011444271089637071	0.04737718148791146	0.0009667810595888238	0.020149866619948824	0.0031353198842028005	0.00017482649342362322	0.0076397786047387225	0.03972354913259295
T[C>A]C	0.008828338722150032	0.01841482852840869	0.004420350827276706	0.021338707751128824	0.016734788933005996	0.0014183605300149794	0.021807948745323245	0.032387647320333814
T[C>A]G	0.006576393272094378	0.002670683682947015	0.0024981434346626587	0.01080845997128506	0.001664385471574974	1.4701884314547442e-05	0.006940790039283797	0.011361756889895247
T[C>A]T	0.006572264368196556	0.020486437734285694	0.001780531703941506	0.011479737637794746	0.012194464546477945	0.003432253005315431	0.003976799766220722	0.06605304546298157
T[C>G]A	0.007919072040905348	0.24534178707764567	4.1108369515541197e-07	0.05257479884418046	0.0006760746848016197	1.869967613131323e-05	0.006391537544588635	0.005576791595669128
T[C>G]C	0.003000469923842605	0.09139398657616767	1.5797919628184332e-05	0.014124687891864855	0.021823465428140024	1.98683268435218e-05	0.002744433735080229	0.017227888483578226
T[C>G]G	0.0019632208513689874	0.02759041365558005	9.211073772483758e-05	0.005569997582419432	0.009796506500773603	0.0002131681095824689	0.0025657760578650366	0.0034559105436159144
T[C>G]T	0.005168594860137717	0.3874470689147711	1.618008348884814e-06	0.002988000372976529	0.001577076476501088	0.0006668809011173948	4.582554196318256e-05	0.003316026860867467
T[C>T]A	0.4580975568294525	0.06711142363571568	0.00014546262704769218	0.01619887649846987	3.76347562038859e-07	0.0008077452893348291	9.78302414690195e-05	1.5050150985018718e-06
T[C>T]C	0.10701583239399344	0.006812555564810019	0.014384577569166765	0.0911896387795965	0.014917812276547473	0.0002206684418297301	0.022657722455333432	0.02914733520897631
T[C>T]G	0.10500106619615736	0.0029786081949782785	0.08186270483362947	0.16461732827226286	0.0015134238807957702	0.004397461462389742	0.01683088787059603	0.005340961022050885
T[C>T]T	0.20912690079619745	0.006851496364362611	0.0007084752113823887	0.09965908582412922	0.005000893842802583	0.00021057865381351348	0.0036408326123590785	0.012344280906742427
T[T>A]A	0.00013474399646949242	0.00013418724542894723	0.0012822387642950927	0.005724475724266966	0.002320031028507472	0.0010600636010502029	0.011343247544482064	0.004716137630435442
T[T>A]C	7.918804919437861e-05	0.0004546068402818548	0.0008063962209828191	0.002547826150986623	0.005325835094880915	0.0021129465112994694	0.007474232340630778	0.007419912643752013
T[T>A]G	7.19865013259735e-05	0.0002790600964837786	9.138054764434855e-08	0.0009972476344979597	0.008768488332995372	0.0023094185953141276	0.002478234591424737	0.004054255693107507
T[T>A]T	5.449770071663807e-07	0.0002740497043026835	0.0002159997669622271	0.0032924070018106022	0.009301889284149354	0.0012379451605511245	0.01185185811880899	0.005569004184020798
T[T>C]A	9.46781935840768e-05	0.00015660054083944887	0.0014037145835700216	0.002677419540483985	0.004477901979596624	0.01525908321957104	0.006499068619015986	0.006200617253810492
T[T>C]C	0.00023255893679674955	0.0006317171422164592	0.004095382626782645	0.003906365484869525	0.00856660743956752	0.020583722735809714	0.009917327182511143	0.007609827591595604
T[T>C]G	0.00021381615394091123	0.0003498588628099242	0.001427464446595863	0.003405042719577409	0.0022898563828873363	0.020820148690172572	0.003554509421417613	0.0047907419842887575
T[T>C]T	3.9924462553528885e-05	0.0003484546168288727	0.001716243784226572	0.0047867710539993705	0.003998940318464293	0.011896806753196643	0.013872404732612722	0.008167181250713043
T[T>G]A	2.4550675104677565e-05	0.00024055976645549038	6.0699296428783974e-05	0.0011253206155157436	0.006360802735315616	3.039158259543484e-05	0.004048015365298739	0.004298603503843503
T[T>G]C	0.0002565780383099536	0.0002817177167021612	0.0008145654500037102	0.0018873904586156698	0.004277333912872692	0.0009244355860735709	0.005186719372582403	0.006971687982269543
T[T>G]G	0.00018913366127890194	0.00040280694012949516	0.0011451182885657118	0.00162483923147704	0.006978978046156854	0.0010545368918195663	0.005164869885039636	0.0051201418897937855
T[T>G]T	0.00017995021652225773	0.00025991144738171104	0.00043359757220393644	0.002769050357827858	0.009009909339562796	0.0015509474050814731	0.008037305381708357	0.009785457700938593
