MutationType	SBS96A	SBS96B	SBS96C	SBS96D	SBS96E	SBS96F	SBS96G	SBS96H
A[C>A]A	7.61E-05	1.06E-04	1.31E-04	1.25E-03	1.31E-03	4.43E-05	2.40E-03	2.47E-03
A[C>A]C	8.86E-05	4.41E-04	3.91E-04	1.34E-03	1.66E-03	1.35E-04	3.24E-03	2.99E-03
A[C>A]G	1.22E-05	5.52E-05	1.96E-04	4.11E-04	6.71E-04	1.02E-04	9.48E-04	9.08E-04
A[C>A]T	1.26E-06	1.68E-05	1.81E-04	7.78E-04	8.80E-04	1.83E-04	1.67E-03	1.77E-03
A[C>G]A	9.70E-05	5.79E-04	3.10E-05	3.42E-04	1.37E-03	1.99E-05	1.00E-03	1.35E-03
A[C>G]C	1.22E-04	1.14E-04	1.51E-04	6.07E-04	1.19E-03	8.93E-05	7.84E-04	1.40E-03
A[C>G]G	1.07E-05	2.54E-04	6.93E-06	1.17E-04	7.94E-04	6.31E-05	5.78E-04	7.29E-04
A[C>G]T	9.55E-05	5.25E-04	3.64E-06	4.25E-04	1.21E-03	9.01E-05	8.22E-04	8.57E-04
A[C>T]A	2.98E-04	2.59E-04	1.30E-03	2.09E-03	1.26E-03	4.17E-04	2.22E-03	1.30E-03
A[C>T]C	4.76E-04	9.92E-05	8.91E-04	1.98E-03	1.17E-03	5.25E-04	1.94E-03	2.07E-03
A[C>T]G	2.32E-04	3.70E-04	5.33E-03	7.81E-03	8.71E-04	1.81E-03	6.51E-03	2.30E-03
A[C>T]T	1.41E-04	2.03E-04	7.01E-04	1.56E-03	1.17E-03	4.76E-04	1.97E-03	1.36E-03
A[T>A]A	9.22E-06	1.91E-05	1.14E-04	5.63E-04	5.60E-04	2.79E-04	1.25E-03	8.26E-04
A[T>A]C	8.44E-05	2.40E-05	5.30E-04	1.09E-03	5.60E-04	1.89E-04	1.44E-03	1.16E-03
A[T>A]G	5.25E-05	1.98E-05	2.64E-04	1.61E-03	4.99E-04	1.63E-04	1.98E-03	1.51E-03
A[T>A]T	2.52E-05	1.67E-05	2.29E-04	7.72E-04	4.41E-04	3.86E-04	1.30E-03	8.10E-04
A[T>C]A	1.09E-05	3.08E-05	6.76E-04	1.80E-03	6.95E-04	8.25E-04	2.35E-03	1.34E-03
A[T>C]C	7.26E-05	4.79E-05	2.81E-04	3.64E-04	8.51E-04	6.85E-04	1.47E-03	9.84E-04
A[T>C]G	3.46E-04	9.36E-05	9.87E-04	1.83E-03	6.61E-04	1.49E-03	2.14E-03	1.42E-03
A[T>C]T	4.30E-05	3.95E-05	9.72E-04	2.26E-03	9.23E-04	4.90E-04	3.00E-03	1.66E-03
A[T>G]A	2.55E-05	3.31E-05	6.00E-05	4.46E-04	4.22E-04	8.40E-05	6.11E-04	6.18E-04
A[T>G]C	1.31E-05	2.52E-05	1.27E-04	3.67E-04	3.22E-04	9.54E-05	5.49E-04	5.01E-04
A[T>G]G	2.35E-05	1.82E-04	6.04E-05	2.36E-04	6.07E-04	5.19E-05	3.05E-04	7.59E-04
A[T>G]T	1.23E-04	2.30E-05	6.32E-05	4.95E-04	4.23E-04	1.42E-04	6.38E-04	6.58E-04
C[C>A]A	1.06E-04	7.21E-04	7.26E-05	8.17E-04	1.77E-03	2.94E-04	1.09E-03	2.14E-03
C[C>A]C	5.65E-05	1.77E-04	4.70E-04	7.66E-04	1.26E-03	6.77E-04	1.19E-03	1.72E-03
C[C>A]G	3.32E-05	2.91E-04	3.16E-04	4.78E-04	8.32E-04	2.58E-04	8.91E-04	9.64E-04
C[C>A]T	5.56E-05	1.59E-04	8.63E-04	1.46E-03	7.21E-04	1.58E-03	1.21E-03	1.23E-03
C[C>G]A	1.27E-04	3.02E-04	3.87E-05	5.45E-04	1.21E-03	3.72E-05	1.15E-03	1.21E-03
C[C>G]C	7.51E-05	6.84E-04	2.90E-05	5.09E-04	1.53E-03	1.20E-05	1.26E-03	1.20E-03
C[C>G]G	8.13E-05	7.22E-05	3.60E-04	6.97E-04	1.35E-03	4.93E-05	1.19E-03	1.35E-03
C[C>G]T	1.72E-04	7.86E-04	4.82E-05	6.12E-04	1.73E-03	4.64E-05	1.45E-03	1.36E-03
C[C>T]A	1.01E-03	6.63E-04	1.22E-03	3.57E-03	1.45E-03	1.67E-04	3.27E-03	2.80E-03
C[C>T]C	3.86E-04	2.60E-04	1.21E-03	2.35E-03	1.37E-03	4.83E-04	3.34E-03	2.54E-03
C[C>T]G	9.63E-04	3.43E-04	5.01E-03	6.76E-03	1.12E-03	1.15E-03	4.68E-03	2.71E-03
C[C>T]T	9.17E-04	4.09E-04	1.07E-03	1.96E-03	1.70E-03	3.90E-04	2.94E-03	2.31E-03
C[T>A]A	2.77E-05	3.04E-05	1.69E-05	2.42E-04	4.43E-04	1.56E-04	4.84E-04	5.37E-04
C[T>A]C	2.58E-05	3.50E-04	1.17E-04	6.40E-04	1.12E-03	2.03E-04	1.19E-03	1.13E-03
C[T>A]G	3.14E-05	3.43E-04	2.87E-04	8.48E-04	1.23E-03	2.11E-04	1.62E-03	1.44E-03
C[T>A]T	1.42E-05	1.32E-05	1.34E-04	4.31E-04	1.19E-03	1.20E-04	1.03E-03	1.30E-03
C[T>C]A	4.01E-06	1.66E-05	9.26E-05	2.05E-04	3.61E-04	6.71E-04	6.16E-04	3.06E-04
C[T>C]C	5.62E-05	1.99E-05	1.66E-04	6.64E-04	1.22E-03	8.75E-04	1.71E-03	1.15E-03
C[T>C]G	1.35E-07	8.01E-06	3.33E-04	3.56E-05	4.23E-04	1.39E-03	7.14E-04	1.97E-04
C[T>C]T	1.81E-04	5.87E-05	3.68E-04	8.41E-04	1.11E-03	8.44E-04	1.80E-03	9.93E-04
C[T>G]A	2.90E-06	5.35E-05	3.60E-05	2.73E-04	3.40E-04	1.76E-05	4.16E-04	4.52E-04
C[T>G]C	2.72E-05	5.18E-05	2.45E-04	5.67E-04	5.10E-04	3.10E-04	7.21E-04	6.59E-04
C[T>G]G	1.06E-10	2.12E-04	8.65E-05	2.39E-04	9.41E-04	2.82E-04	6.20E-04	1.00E-03
C[T>G]T	2.15E-05	1.27E-04	1.23E-04	3.71E-04	1.08E-03	4.04E-04	1.41E-03	1.27E-03
G[C>A]A	1.99E-05	2.31E-04	5.05E-04	2.22E-03	1.65E-03	1.52E-05	2.91E-03	3.18E-03
G[C>A]C	1.39E-05	9.59E-05	3.88E-04	1.03E-03	1.62E-03	2.25E-04	1.42E-03	2.31E-03
G[C>A]G	1.99E-04	5.84E-06	4.22E-04	9.03E-04	3.02E-04	4.43E-05	1.13E-03	9.67E-04
G[C>A]T	3.82E-05	6.21E-05	3.72E-04	1.22E-03	1.57E-03	2.55E-04	1.37E-03	2.50E-03
G[C>G]A	9.23E-05	5.00E-04	3.12E-06	4.42E-04	9.66E-04	6.70E-05	6.97E-04	8.83E-04
G[C>G]C	5.98E-05	3.00E-04	1.78E-04	8.06E-04	9.98E-04	2.35E-04	8.98E-04	1.09E-03
G[C>G]G	4.57E-05	1.45E-04	4.95E-05	2.78E-04	5.95E-04	2.42E-05	4.17E-04	5.92E-04
G[C>G]T	1.65E-04	2.90E-04	1.01E-04	6.18E-04	1.13E-03	7.91E-05	6.87E-04	1.05E-03
G[C>T]A	5.54E-04	5.27E-04	1.68E-03	2.76E-03	1.04E-03	1.46E-03	2.64E-03	2.23E-03
G[C>T]C	3.67E-04	3.21E-04	2.54E-03	4.95E-03	9.65E-04	2.51E-03	4.09E-03	2.66E-03
G[C>T]G	7.50E-04	2.57E-04	4.40E-03	4.95E-03	7.82E-04	2.18E-03	4.54E-03	2.22E-03
G[C>T]T	2.57E-04	1.59E-04	1.78E-03	3.55E-03	8.59E-04	1.65E-03	2.65E-03	2.15E-03
G[T>A]A	4.38E-05	8.41E-05	5.04E-05	3.68E-04	3.97E-04	1.56E-04	4.19E-04	4.81E-04
G[T>A]C	6.57E-05	4.67E-05	1.71E-04	5.35E-04	6.96E-04	2.02E-04	9.18E-04	7.65E-04
G[T>A]G	1.96E-05	3.28E-05	4.13E-05	3.69E-04	8.43E-04	2.17E-04	9.35E-04	9.19E-04
G[T>A]T	6.45E-07	1.38E-04	9.95E-05	4.48E-04	5.17E-04	1.35E-04	9.64E-04	7.21E-04
G[T>C]A	1.43E-05	1.98E-05	6.41E-06	7.86E-06	1.62E-07	1.15E-03	6.04E-04	1.18E-05
G[T>C]C	1.00E-05	5.20E-05	2.45E-04	5.27E-04	5.25E-04	6.57E-04	8.56E-04	7.50E-04
G[T>C]G	8.68E-06	2.06E-05	1.68E-04	1.27E-04	8.55E-05	8.56E-04	1.88E-04	2.94E-04
G[T>C]T	5.48E-05	1.59E-06	4.09E-04	1.02E-03	3.78E-04	1.26E-03	1.54E-03	9.28E-04
G[T>G]A	2.20E-06	6.25E-05	5.35E-05	1.27E-04	4.37E-04	6.51E-05	4.79E-04	4.02E-04
G[T>G]C	3.62E-06	4.74E-06	1.39E-04	4.67E-04	4.35E-04	1.25E-04	5.56E-04	5.50E-04
G[T>G]G	9.69E-07	1.42E-04	6.14E-05	3.00E-04	8.96E-04	1.15E-04	9.31E-04	8.04E-04
G[T>G]T	2.28E-05	5.65E-05	1.54E-04	4.36E-04	5.11E-04	1.90E-04	8.46E-04	5.60E-04
T[C>A]A	1.79E-03	2.37E-03	2.59E-04	4.32E-03	6.84E-04	4.35E-05	1.41E-03	4.35E-03
T[C>A]C	1.06E-03	1.16E-03	5.00E-04	3.08E-03	1.48E-03	1.87E-04	2.20E-03	2.58E-03
T[C>A]G	5.20E-04	3.99E-04	4.00E-04	1.57E-03	3.20E-04	1.12E-05	1.11E-03	1.57E-03
T[C>A]T	1.02E-03	1.22E-03	3.79E-04	2.30E-03	1.80E-03	2.90E-04	1.07E-03	4.22E-03
T[C>G]A	4.32E-03	1.05E-02	5.90E-08	1.61E-02	4.07E-04	1.40E-05	6.39E-03	4.71E-03
T[C>G]C	9.28E-04	3.15E-03	1.54E-05	4.89E-03	1.69E-03	1.63E-05	9.76E-04	3.18E-03
T[C>G]G	5.91E-04	1.17E-03	4.04E-05	1.64E-03	6.04E-04	3.75E-05	8.99E-04	1.17E-03
T[C>G]T	2.74E-03	1.01E-02	2.16E-07	1.99E-03	8.60E-04	1.06E-04	4.33E-05	1.64E-03
T[C>T]A	1.37E-02	7.92E-03	1.45E-04	5.86E-03	7.72E-08	1.41E-04	6.39E-05	8.05E-07
T[C>T]C	3.90E-03	1.25E-03	1.36E-03	9.71E-03	1.79E-03	8.87E-05	3.36E-03	4.21E-03
T[C>T]G	6.13E-03	1.69E-03	5.07E-03	1.94E-02	4.57E-04	6.06E-04	3.56E-03	1.16E-03
T[C>T]T	9.68E-03	2.18E-03	2.31E-04	1.79E-02	1.00E-03	6.56E-05	1.18E-03	2.33E-03
T[T>A]A	3.14E-05	3.26E-05	2.37E-04	1.05E-03	4.34E-04	1.20E-04	1.18E-03	8.42E-04
T[T>A]C	2.33E-05	1.32E-04	1.55E-04	5.48E-04	5.53E-04	1.68E-04	8.89E-04	9.81E-04
T[T>A]G	2.96E-05	2.08E-04	6.27E-08	3.01E-04	5.47E-04	1.52E-04	4.51E-04	5.89E-04
T[T>A]T	3.29E-07	1.11E-04	1.03E-04	8.48E-04	8.99E-04	1.42E-04	1.31E-03	9.19E-04
T[T>C]A	2.31E-05	2.45E-05	2.70E-04	6.51E-04	5.27E-04	5.11E-04	9.46E-04	8.95E-04
T[T>C]C	4.11E-05	2.84E-04	4.97E-04	8.07E-04	8.83E-04	6.40E-04	1.39E-03	1.11E-03
T[T>C]G	4.03E-05	3.92E-05	4.22E-04	7.71E-04	3.42E-04	7.46E-04	6.79E-04	7.09E-04
T[T>C]T	1.52E-05	2.03E-04	3.08E-04	1.07E-03	5.53E-04	4.14E-04	1.41E-03	1.06E-03
T[T>G]A	1.20E-05	1.03E-04	3.96E-05	3.67E-04	5.30E-04	1.90E-05	5.29E-04	5.45E-04
T[T>G]C	1.62E-04	3.72E-05	1.65E-04	4.40E-04	4.94E-04	1.03E-04	6.55E-04	7.44E-04
T[T>G]G	2.93E-05	1.32E-04	1.65E-04	3.31E-04	4.80E-04	9.24E-05	6.88E-04	7.28E-04
T[T>G]T	1.45E-04	1.67E-04	1.01E-04	6.72E-04	9.16E-04	1.63E-04	1.13E-03	1.07E-03
