NMF_Replicate	L1	L1 %	L2	L2 %	KL Divergence	Correlation	Convergence Iterations
1	62.522	96.649	10.901	63.947	0.911	0.672	80000.0
2	62.251	95.829	10.901	63.056	0.903	0.681	60000.0
3	62.967	97.264	11.024	64.201	0.91	0.666	50000.0
4	63.044	96.943	11.084	64.065	0.911	0.671	30000.0
5	63.553	97.849	11.232	64.834	0.909	0.658	60000.0
6	63.548	97.984	11.255	64.907	0.907	0.661	40000.0
7	64.009	98.086	11.336	64.975	0.915	0.658	40000.0
8	62.148	96.315	10.76	63.696	0.915	0.668	40000.0
9	63.602	97.828	11.081	64.317	0.909	0.664	30000.0
10	62.987	96.292	10.954	63.464	0.91	0.674	50000.0
11	62.423	96.156	10.823	63.328	0.907	0.678	80000.0
12	63.069	96.937	10.977	64.117	0.917	0.666	40000.0
13	62.836	96.887	11.006	63.929	0.91	0.672	80000.0
14	62.625	97.058	10.969	64.336	0.918	0.665	40000.0
15	62.161	96.204	10.885	63.663	0.899	0.677	30000.0
16	62.576	96.645	10.94	63.85	0.915	0.669	40000.0
17	63.908	97.665	11.389	64.86	0.903	0.661	40000.0
18	63.724	97.166	11.465	64.36	0.913	0.669	30000.0
19	63.22	97.409	11.26	64.709	0.904	0.662	60000.0
20	63.199	96.944	11.203	64.667	0.901	0.663	30000.0
21	63.913	97.666	11.349	64.882	0.908	0.662	30000.0
22	63.653	97.235	11.235	64.29	0.906	0.665	40000.0
23	63.494	97.575	11.211	64.444	0.898	0.663	40000.0
24	63.34	97.769	11.106	64.539	0.916	0.662	50000.0
25	62.402	96.629	10.834	63.827	0.911	0.669	60000.0
26	62.575	95.892	10.928	63.103	0.907	0.68	70000.0
27	62.823	96.38	11.03	63.627	0.901	0.674	70000.0
28	62.16	96.041	10.741	63.705	0.91	0.672	60000.0
29	62.09	95.786	10.837	63.373	0.907	0.674	60000.0
30	61.866	96.293	10.663	63.466	0.908	0.674	40000.0
31	63.501	97.73	11.341	65.004	0.91	0.657	40000.0
32	62.135	96.232	10.84	63.574	0.907	0.674	60000.0
33	65.298	99.439	11.842	65.887	0.917	0.651	40000.0
34	63.311	96.659	11.147	63.685	0.909	0.677	50000.0
35	64.085	98.179	11.347	65.102	0.905	0.659	30000.0
36	65.236	98.989	11.862	66.026	0.903	0.649	90000.0
37	62.954	96.941	10.987	63.894	0.909	0.67	70000.0
38	63.898	98.293	11.278	64.785	0.919	0.658	70000.0
39	63.49	97.636	11.276	64.632	0.904	0.662	60000.0
40	64.077	97.875	11.255	64.926	0.903	0.659	40000.0
41	62.163	96.203	10.785	63.974	0.914	0.667	40000.0
42	63.132	97.659	11.02	64.171	0.906	0.666	30000.0
43	63.847	98.215	11.317	65.031	0.911	0.66	50000.0
44	62.72	97.247	10.918	64.214	0.911	0.664	20000.0
45	63.301	97.399	11.065	64.191	0.916	0.667	30000.0
46	63.127	97.415	11.178	64.537	0.913	0.664	50000.0
47	62.242	95.668	10.742	63.033	0.901	0.679	50000.0
48	64.098	98.542	11.335	64.935	0.914	0.658	50000.0
49	63.7	97.683	11.288	64.573	0.906	0.665	40000.0
50	64.185	98.191	11.434	65.193	0.905	0.66	40000.0
51	63.472	98.127	11.197	64.742	0.921	0.661	50000.0
52	62.493	96.35	10.901	63.633	0.903	0.673	60000.0
53	63.034	97.18	11.046	64.39	0.907	0.665	40000.0
54	62.877	96.7	11.043	63.685	0.914	0.671	40000.0
55	62.225	95.609	10.84	63.112	0.906	0.678	30000.0
56	63.131	97.243	11.124	64.207	0.908	0.671	40000.0
57	63.519	97.471	11.276	64.625	0.9	0.664	40000.0
58	63.176	97.528	11.105	64.367	0.909	0.668	50000.0
59	63.67	97.709	11.303	64.678	0.911	0.663	30000.0
60	62.767	96.74	10.96	63.965	0.91	0.669	40000.0
61	63.135	97.132	11.179	64.462	0.91	0.663	50000.0
62	63.729	97.926	11.293	65.017	0.907	0.659	40000.0
63	63.478	97.264	11.17	64.576	0.9	0.664	40000.0
64	62.849	97.627	10.991	64.563	0.92	0.662	50000.0
65	63.701	97.958	11.288	64.951	0.904	0.66	40000.0
66	62.779	96.877	11.009	63.804	0.904	0.673	50000.0
67	62.941	97.053	11.078	64.44	0.908	0.661	50000.0
68	63.34	97.238	11.175	64.29	0.911	0.668	50000.0
69	63.333	98.4	11.165	65.173	0.924	0.655	50000.0
70	63.162	97.254	11.034	64.211	0.897	0.667	40000.0
71	62.226	95.655	10.764	62.668	0.907	0.685	30000.0
72	62.272	95.862	10.887	63.361	0.905	0.675	40000.0
73	62.82	96.778	10.883	63.816	0.92	0.671	40000.0
74	63.279	97.364	11.149	64.256	0.912	0.67	30000.0
75	62.764	95.784	11.007	63.177	0.898	0.681	60000.0
76	63.417	97.68	11.231	64.904	0.918	0.657	30000.0
77	63.412	97.613	11.223	64.689	0.913	0.661	60000.0
78	64.118	98.225	11.385	64.853	0.907	0.661	30000.0
79	63.031	97.331	11.018	64.388	0.915	0.663	50000.0
80	63.789	97.925	11.257	64.761	0.907	0.662	20000.0
81	63.459	97.478	11.178	64.46	0.909	0.663	60000.0
82	63.018	96.601	11.14	63.826	0.902	0.675	50000.0
83	63.594	97.961	11.284	64.869	0.905	0.66	40000.0
84	63.029	97.447	11.089	64.432	0.914	0.665	40000.0
85	62.781	96.956	10.969	64.328	0.913	0.665	60000.0
86	63.55	97.735	11.184	64.607	0.911	0.663	30000.0
87	63.796	97.444	11.219	64.681	0.9	0.661	30000.0
88	62.121	95.293	10.798	63.122	0.903	0.68	40000.0
89	61.804	95.846	10.744	63.566	0.905	0.673	30000.0
90	62.625	95.862	10.836	63.46	0.91	0.675	40000.0
91	63.162	96.786	11.061	63.801	0.902	0.674	70000.0
92	61.948	95.22	10.681	62.848	0.912	0.682	30000.0
93	62.055	95.646	10.824	62.941	0.907	0.68	30000.0
94	63.228	96.954	11.096	64.051	0.908	0.668	50000.0
95	62.561	96.143	10.821	63.286	0.905	0.676	40000.0
96	63.773	97.847	11.216	64.652	0.906	0.664	50000.0
97	63.396	97.993	11.282	65.079	0.915	0.658	40000.0
98	62.269	96.756	10.758	63.612	0.91	0.67	50000.0
99	62.783	97.088	11.056	64.313	0.916	0.665	90000.0
100	62.72	96.975	10.966	64.15	0.904	0.667	60000.0
