NMF_Replicate	L1	L1 %	L2	L2 %	KL Divergence	Correlation	Convergence Iterations
1	138.5	65.868	22.846	43.842	0.514	0.837	50000.0
2	138.017	65.923	22.876	43.853	0.515	0.835	80000.0
3	140.087	65.019	23.501	43.488	0.506	0.84	30000.0
4	140.411	65.682	23.354	43.848	0.51	0.836	60000.0
5	143.193	65.542	23.981	43.812	0.508	0.837	100000.0
6	140.186	66.068	23.194	44.147	0.513	0.833	40000.0
7	138.413	65.908	22.61	43.887	0.511	0.835	40000.0
8	138.893	66.098	23.019	43.966	0.515	0.836	60000.0
9	139.226	66.067	22.793	43.75	0.515	0.836	50000.0
10	141.118	65.151	23.546	43.353	0.501	0.843	60000.0
11	137.559	65.894	22.652	43.693	0.515	0.838	90000.0
12	138.432	65.723	22.505	43.509	0.508	0.838	80000.0
13	138.79	65.561	23.022	43.691	0.505	0.84	40000.0
14	139.003	65.862	22.813	43.755	0.51	0.837	60000.0
15	138.984	65.965	22.919	43.868	0.514	0.837	60000.0
16	139.141	66.107	22.833	43.979	0.516	0.833	50000.0
17	136.845	65.312	22.323	43.236	0.507	0.842	60000.0
18	138.645	65.817	22.886	43.783	0.513	0.835	30000.0
19	139.934	66.209	23.239	44.304	0.513	0.833	70000.0
20	141.629	65.258	23.671	43.694	0.504	0.839	40000.0
21	137.435	65.609	22.498	43.606	0.507	0.837	40000.0
22	138.575	65.772	22.922	43.674	0.51	0.836	60000.0
23	139.146	66.08	23.05	44.061	0.514	0.838	60000.0
24	138.661	65.614	22.762	43.626	0.507	0.839	30000.0
25	138.509	65.939	22.647	43.837	0.518	0.837	40000.0
26	138.604	65.505	22.646	43.636	0.508	0.837	50000.0
27	141.324	65.281	23.834	43.683	0.501	0.839	60000.0
28	137.405	65.425	22.324	43.585	0.508	0.839	30000.0
29	140.46	65.547	23.391	43.706	0.507	0.839	80000.0
30	138.427	65.825	22.819	43.784	0.51	0.838	30000.0
31	137.856	66.013	22.68	43.925	0.512	0.837	50000.0
32	139.454	65.775	23.055	43.81	0.507	0.839	70000.0
33	136.812	65.654	22.461	43.623	0.514	0.838	50000.0
34	138.779	65.767	22.874	43.909	0.511	0.837	70000.0
35	140.21	65.945	23.221	43.823	0.509	0.837	60000.0
36	142.801	65.897	23.958	43.95	0.515	0.834	60000.0
37	141.108	66.35	23.552	44.098	0.52	0.833	50000.0
38	137.545	65.619	22.516	43.649	0.511	0.836	50000.0
39	139.58	65.727	22.918	43.758	0.512	0.837	40000.0
40	142.439	65.218	24.056	43.899	0.505	0.837	70000.0
41	138.95	66.111	22.813	43.962	0.519	0.834	50000.0
42	139.687	65.989	23.063	44.07	0.511	0.834	60000.0
43	139.045	65.629	23.095	43.935	0.501	0.837	40000.0
44	138.136	65.889	22.676	43.763	0.513	0.835	40000.0
45	138.996	65.892	22.795	44.032	0.508	0.835	50000.0
46	139.375	65.687	22.866	43.492	0.508	0.839	30000.0
47	141.57	64.951	23.789	43.402	0.498	0.842	50000.0
48	137.968	66.13	22.552	43.874	0.514	0.837	50000.0
49	139.274	65.707	22.941	43.639	0.51	0.838	50000.0
50	140.66	66.453	23.354	44.399	0.518	0.831	40000.0
51	137.527	65.327	22.577	43.354	0.507	0.84	50000.0
52	138.759	65.864	22.761	43.924	0.51	0.835	50000.0
53	138.357	65.784	22.552	43.387	0.516	0.838	90000.0
54	139.888	66.035	23.259	44.048	0.519	0.834	120000.0
55	138.596	65.902	22.933	43.755	0.511	0.838	70000.0
56	138.958	66.08	22.823	43.799	0.515	0.837	50000.0
57	138.94	66.063	22.978	44.056	0.521	0.833	50000.0
58	138.622	65.739	22.983	43.834	0.512	0.837	30000.0
59	137.935	65.634	22.871	43.659	0.513	0.837	50000.0
60	142.121	64.584	23.632	43.173	0.495	0.841	40000.0
61	138.808	65.703	22.865	43.598	0.51	0.837	70000.0
62	141.264	65.169	23.579	43.437	0.507	0.838	50000.0
63	139.535	65.574	23.009	43.876	0.51	0.835	40000.0
64	138.318	65.627	22.635	43.712	0.509	0.835	30000.0
65	140.826	65.657	23.776	43.58	0.513	0.838	60000.0
66	143.074	66.088	24.131	44.253	0.517	0.834	70000.0
67	138.338	65.918	22.747	44.112	0.516	0.832	50000.0
68	139.988	65.505	23.379	43.614	0.506	0.841	80000.0
69	138.057	65.748	23.024	43.797	0.509	0.836	60000.0
70	138.878	66.181	22.924	44.016	0.514	0.834	40000.0
71	138.581	65.805	22.855	43.941	0.51	0.834	50000.0
72	140.408	66.579	23.236	44.276	0.517	0.833	40000.0
73	136.846	65.194	22.276	43.02	0.51	0.842	30000.0
74	142.018	65.331	23.722	43.471	0.503	0.841	100000.0
75	137.611	65.801	22.526	43.72	0.513	0.837	30000.0
76	138.631	65.025	22.86	43.541	0.497	0.841	80000.0
77	138.424	65.408	22.842	43.392	0.503	0.84	40000.0
78	139.145	65.577	23.074	43.806	0.507	0.837	50000.0
79	139.374	65.922	23.053	44.018	0.515	0.836	50000.0
80	139.019	65.613	22.929	43.903	0.503	0.838	60000.0
81	139.071	65.667	23.025	43.699	0.507	0.838	30000.0
82	139.301	65.687	22.937	43.63	0.507	0.839	40000.0
83	138.145	65.837	22.609	43.657	0.512	0.837	40000.0
84	138.301	66.045	22.775	43.958	0.509	0.835	110000.0
85	140.6	66.438	23.239	44.222	0.518	0.832	60000.0
86	142.514	65.24	23.869	43.671	0.506	0.84	40000.0
87	137.356	65.481	22.502	43.63	0.509	0.838	30000.0
88	139.266	65.807	22.934	43.795	0.507	0.836	80000.0
89	137.853	65.407	22.815	43.555	0.509	0.839	80000.0
90	140.006	65.298	23.332	43.627	0.509	0.838	80000.0
91	136.844	65.355	22.766	43.691	0.511	0.836	40000.0
92	137.481	65.305	22.542	43.348	0.512	0.838	60000.0
93	138.674	65.925	22.847	43.843	0.514	0.837	30000.0
94	139.307	66.147	23.008	43.987	0.51	0.836	50000.0
95	139.287	66.115	22.997	44.015	0.513	0.835	50000.0
96	139.49	65.668	23.059	43.918	0.509	0.835	50000.0
97	138.714	65.777	22.896	43.715	0.513	0.836	60000.0
98	138.954	66.241	22.989	44.129	0.517	0.834	50000.0
99	139.696	66.48	23.234	44.287	0.521	0.831	60000.0
100	137.386	65.53	22.692	43.883	0.506	0.836	50000.0
