MutationType	SBS96A	SBS96B	SBS96C	SBS96D	SBS96E	SBS96F	SBS96G	SBS96H	SBS96I	SBS96J
A[C>A]A	9.901968860505578e-05	0.00444241647463059	0.030281573739940483	0.0003547223101122654	0.0225176859786734	0.006906678236700829	0.0010199699252552818	0.00010101929573579583	0.001721657630878326	0.0012900172752520688
A[C>A]C	8.881477795124548e-05	0.003806045189908218	0.0322301995428279	0.0009245162468550916	0.02285894690779969	0.006964201066039095	0.0009485446666076313	0.000498984366777222	0.0022948358202953033	0.0011082886102303747
A[C>A]G	7.953404415741438e-06	0.0016676139893884124	0.024562856921380955	5.361380830457563e-06	0.0037788759062787136	0.0034293745509098848	4.813228624434451e-05	0.00014590926355202428	0.001014124887686041	0.00031840946884509336
A[C>A]T	6.874104402669976e-05	0.0021519686636312725	0.022215953678824008	0.002320130380685441	0.010472371143987403	0.003046454174736546	6.792449337549743e-05	0.00031353689756151936	0.003960910293535564	0.0009768153630495035
A[C>G]A	8.991935523425823e-06	0.00030978539728168143	0.005770695087267086	0.00043324159478288495	0.024965571202337743	0.0008255366644217797	0.0021724939974956214	0.0004662960709316621	0.00014959438936784864	1.7702569837429773e-23
A[C>G]C	0.0001471077118071662	0.0007706055054278696	0.002695795090740283	0.0002227423874927581	0.023453883770853282	0.0014894320272105688	0.0016059507860336454	0.001552673510814202	0.00040867358082550707	0.0005983639771147864
A[C>G]G	0.000530983832286438	0.0007434117068123669	0.0025222898727315624	3.797291262789493e-05	0.014786071116104723	0.001393938849555697	0.0007189396163948913	4.6281307844973084e-05	0.0003247940021276463	0.00013022074150114804
A[C>G]T	0.00015086054059793252	0.00044268470236573875	0.0023960964544676245	0.0006955706674564511	0.02560729457065463	0.0009661877279804188	0.002963594775064848	0.0011503306288316395	3.348160986206494e-05	0.00030441004273598085
A[C>T]A	0.00017215053903782488	0.006026225363695019	0.008799953767464857	0.015925953361729625	0.024619478592649104	0.011871530172938946	0.004391315396569553	0.00994168735574931	0.001015815237606148	0.003000101419893326
A[C>T]C	0.012875580000637838	0.04958922096528113	0.0031370186553976963	0.012064055008813739	0.01481543101661373	0.010195434600882437	5.619709432266973e-05	0.008229791729245334	0.0038491007135814923	0.0010271549991692553
A[C>T]G	8.428428499915636e-05	0.02326221590672693	0.000493465979537116	0.14810245518918522	0.03284979712440812	0.08450784788799838	0.002779981330691892	0.0009887358054038486	0.004152347917296026	0.004095583100544218
A[C>T]T	0.0035019760270896326	0.016615258022216868	0.0032309704093495383	0.00801660937955603	0.018911484066047705	0.009067471886275484	0.0004741419856145539	0.005159263663226738	0.004363797621898401	0.0028517584523069673
A[T>A]A	0.0006356784341743805	0.0038636577357101486	0.0032154784139254034	6.124697247287258e-06	0.0071454122274857215	0.002763040696420056	0.00016194086013141096	0.005331523045897484	0.0006118091270309378	0.00021611783065790036
A[T>A]C	0.0007118436912060133	0.0029463555536881083	0.0017189717612927779	0.0013537861333909262	0.00892701994336676	0.0039745219441829245	0.0002960347080219883	0.014054147901479155	0.0004737628381883488	0.000994193189003454
A[T>A]G	0.0010472111221315572	0.003344179757514212	0.007086232021246808	4.89146162817633e-05	0.01561059084502886	0.004275143849263259	0.00022810934622347678	0.0012940540427916858	0.0011022312840168525	0.00048639482869020865
A[T>A]T	0.002757001693971688	0.00802205375104677	0.0009350244625316861	0.0016760340216569602	0.006498460181948645	0.005202238085278878	1.5985027006728634e-05	0.00787447090493515	0.0008341101255921046	0.0024072837183609862
A[T>C]A	0.00010930619236268133	0.0029760378648295924	0.004403202210669406	0.0006926050220954494	0.023002436188980936	0.0041596814930390845	0.00031083482405395345	0.03374437713995576	0.0049141201883321625	8.803042577710584e-05
A[T>C]C	0.00014471719811595562	0.0014375003560053313	0.0001663296528954561	0.0032702832238283006	0.00999229092616588	0.002794824417178461	0.0006600175146650144	0.022872088626027107	0.006322773703222992	0.00623276834608987
A[T>C]G	0.00022693585623247858	0.0035328243394087623	0.0044848286607126935	0.004488998493780656	0.018965656930386102	0.007114949866372626	0.0002909946349291204	0.06303139433264732	0.002800537772272946	0.00018216910437331534
A[T>C]T	0.000855957774701952	0.006617690542733079	5.1540348067646846e-05	0.0003519488763659595	0.028500615968368948	0.006708520042351171	0.00038700629220624267	0.015132401455193758	0.003950388880621176	0.0020021000594334735
A[T>G]A	0.00028581915977159524	0.0017354264711489974	7.191463802243448e-05	3.97720327754314e-06	0.0050704135959122	0.0015333114357481748	0.00016038945535601812	0.00042554922887831024	0.0002874753777132355	0.0022681865611230024
A[T>G]C	0.00018341579925804368	0.0012706898986655241	2.6077792683736333e-05	0.00014634871546259366	0.0038602169623482042	0.0009122292289989553	0.00015283028187241144	0.002234213234623894	0.0028477700063376686	0.007581860343925655
A[T>G]G	0.0011856859642141694	0.0027470575062012786	0.0008163687940395903	0.00010267042475618382	0.00873337013181299	0.0018480830590728204	0.00010909537001680292	0.0013172060225042515	0.001133290064380077	0.002243901909387205
A[T>G]T	0.00010051862176133852	0.0012888086893694606	0.0002858179404337461	7.59007939344869e-05	0.00045783509461981537	0.0011950918470214234	2.3158120042410248e-05	0.0007678330606472627	0.011095783427881542	0.03602869063615799
C[C>A]A	0.0019179020002277624	0.0032089273932739792	0.09705037705600261	0.004538300761487335	0.0020913935894031252	0.0038083334211586363	0.00024456402632154093	0.004830429354116484	0.002029528915445553	0.0020156474120449274
C[C>A]C	0.0009452206652719042	0.00032454125551577506	0.09369987167418004	0.013792689823468152	7.717890507308312e-07	0.0018210728792654152	4.31412693790989e-07	0.010622333133775187	0.001305957883988036	0.0003803815926597665
C[C>A]G	0.00018812860169454382	0.001267365508841749	0.05912433050572872	0.00450529911408541	4.786613929219641e-08	0.0020112505880353383	2.7934466104317934e-06	0.006248053632201902	0.0006699442831214242	2.0408164136398453e-09
C[C>A]T	0.0005105053234611156	0.001668974079275446	0.07169914299932731	0.04988141153336528	1.1178498198205489e-08	0.003624832274720031	3.632382278464519e-06	0.021114937257111138	0.004224038147239071	1.837534924220563e-10
C[C>G]A	0.0001313111318290794	0.0006846909582149375	0.006998588584974641	0.0	0.024686213210225107	0.0014598282646483796	0.005028813360258937	1.5054147638435821e-05	0.0006501698834241765	0.0005867375627086346
C[C>G]C	0.0005884830923331207	0.0009754174580897689	0.0065210213859842985	2.131681793594353e-05	0.0225009367801249	0.002172957582135286	0.0006258984164623804	9.079794723296786e-06	0.0004703824789260569	0.00014221672209531632
C[C>G]G	0.0005744628613017188	0.0018027345543302183	0.005843967227046534	3.6513980144921024e-05	0.019890414895489813	0.001616154398854159	0.00022902679854702512	0.00014974843817863626	0.0006648437216070713	6.673503742948839e-05
C[C>G]T	0.00013085420325368495	0.0009145089128026385	0.005341245950059594	2.7184980906884705e-05	0.033180289212614296	0.0014958920229112948	0.004756159326061607	0.00010757724320290762	0.00048693022594214596	0.0003054219802996272
C[C>T]A	0.05984023815719411	0.09406145504824963	0.015597561122376646	0.002280378470991309	0.01839715691749193	0.0251450807213143	0.005590749472915808	0.00025154328152709126	0.0014886449265236479	0.004314225733178318
C[C>T]C	0.04194387468297456	0.1951942810136825	0.004830398686147816	0.002754746922888316	0.0012220043799973704	0.0009998606463776127	2.909554427441563e-06	0.004751230474583537	0.0008938295530462215	0.0007743026681426457
C[C>T]G	0.011367453288423647	0.0809380373235308	0.004869246942248683	0.13542054541545587	0.020141337087880087	0.08629035586463189	0.0044840175863174805	0.0018203925050213371	0.001973986723110436	0.003360376498073524
C[C>T]T	0.03322488904023377	0.1429530920952675	0.009945133826113306	0.0034334523210422696	0.017705283685354515	0.005371575558419344	0.0028947854261787143	0.001719702412233346	0.005837264747242443	0.003428580924664857
C[T>A]A	0.0004849808328593852	0.002343745560720265	0.006413702075951733	1.2000023384715063e-05	0.0058496046383699875	0.0024513507186923445	0.00022375240977453358	0.00047269899989526464	0.000708834806998489	0.0011962276844133157
C[T>A]C	0.0016644087508032113	0.0020362421788649955	0.008341135077644139	0.0009512820711825042	0.01074390502879396	0.0031331466752751343	0.00018972134059822566	0.005356340410653502	0.0009106258442625404	0.012626675493083894
C[T>A]G	0.0005562213036416086	0.005325297611105935	0.0309951343621816	9.294319451154109e-06	0.0134377304642355	0.006902742926666265	7.369160918713698e-05	0.0019579178339336066	0.001969978217530297	0.007925278833135962
C[T>A]T	0.0019486380523396143	0.003990493554406917	0.007902729614288546	1.2718989455606789e-05	0.012052228332372579	0.0038427906808695942	1.1954100194557782e-05	0.0006522481136573078	0.00092572413966991	0.03548219673335552
C[T>C]A	0.0010832277950669324	0.0026458572989232886	0.003475974805187434	7.201113368022459e-05	0.004405860985256709	0.00290830640071988	5.2574284390942695e-05	0.030309527944773436	0.000741467826483131	0.007983811107696965
C[T>C]C	0.0009978862416028277	0.0018668261615581861	0.0017448913292901125	0.002351674081355668	0.009779975160490721	0.00310444204142943	0.00014923715923941927	0.020967424502596258	0.000309265295163641	0.053082318380475044
C[T>C]G	0.00018621932435758395	0.0022726447840986453	0.008509648632025347	0.007304616244022384	0.0029982319381589486	0.006526119322970771	1.944213938259054e-05	0.0824707692861557	0.0006762356812396319	0.034205362722277644
C[T>C]T	0.0030403773244547265	0.0080519864836549	0.0016561877201729657	1.5647239924874155e-05	0.009137162627143596	0.005683658891357269	0.00017543577879912674	0.024078428754583003	0.0006644273678830359	0.10848086073994637
C[T>G]A	0.00011362143051883322	0.00031489718106470833	0.00013360167622522567	8.183809375701405e-05	0.00490202761022374	0.00056340803064451	3.4012399667105453e-05	0.0011862435485818423	0.0015865672817744801	0.003860964138293639
C[T>G]C	0.0006985934565454954	0.0015265159762384692	5.466885670557531e-05	0.002146277841234223	0.005763694712077268	0.0018837737920770808	0.0001629884469366516	0.005949107503984124	0.001322307268565055	0.02096922656521201
C[T>G]G	0.0009673675458907382	0.0018657740388363098	0.0038485612835211214	0.0022224198230105683	0.014653668776154517	0.001969103334704414	6.498670209111879e-06	0.011540469657629728	0.0024814818310551347	0.015669024931266904
C[T>G]T	1.6716670137029156e-09	2.6502047911606804e-07	3.3269437427208004e-10	7.426253275298222e-05	3.8892814302471376e-09	1.4081828957968056e-06	5.056450795848378e-09	9.158017692101339e-07	0.003624219896264722	0.2761847874522209
G[C>A]A	4.666408021876123e-06	0.003962818985186348	0.03183475601865211	0.0020571735816218963	0.024613229753922498	0.007597319515480194	0.0006426812262331127	5.268947497825138e-06	0.0018944149352319072	0.00506089016853366
G[C>A]C	2.7404438706071234e-05	0.0025812647460304572	0.041162993600592016	0.004812116138637066	0.013647551559843122	0.0053450373368195865	0.0008438651564574684	0.0030787104729097336	0.0023246015558834186	0.0009608432239838294
G[C>A]G	0.0	0.0020719932415522637	0.0330843134441102	0.0015682008459023677	0.0004997266811486651	0.004834895947174829	0.0002244824232732645	0.0003470720693145779	0.0011307397615382797	0.00024890879010143864
G[C>A]T	9.502590455667814e-07	0.0016147210477993213	0.02549993085762253	0.017542007630690932	0.010903919129323186	0.0033896017321083604	0.0006396878237865167	0.0013769438388044363	0.0059227314033933	0.001323992776178784
G[C>G]A	1.328216712863656e-06	0.0003811540032779703	0.005592721547582186	0.0003527733700481761	0.01521819420158863	0.001051515047800109	0.001970382900908589	0.0005407153673877474	0.0003183074519802176	0.0007474429492140189
G[C>G]C	0.00018950334500243075	0.0011985991364167603	0.006122378115033267	0.0012128210898663383	0.019942567022517323	0.0020395172622442045	0.0011906872288091107	0.004469405518611893	0.00042996978299925104	5.569202185142785e-06
G[C>G]G	0.00019774049774470885	0.0009543179937036417	0.006655686641790055	4.9578240945571395e-05	0.008101219995878636	0.0012139750432238472	0.000601954451049096	1.5142449676397066e-05	0.0004032959880013287	4.2421260095792943e-07
G[C>G]T	2.0361249812594907e-05	0.0002950385677831946	0.003026438810652553	0.00045081859996628284	0.022411894276738165	0.0009143287957908796	0.003010784732177854	0.0012299396416347906	0.0005616695603864485	0.00025445755955843196
G[C>T]A	0.00027752957767845194	0.0028198305854786653	0.006467532257776085	0.045750750452280046	0.021864531026221812	0.0039192108398822855	0.00851738773752004	0.02847507611848414	0.002509801236446947	0.00020785580505616963
G[C>T]C	0.01509777697641855	0.034259238880695195	0.005632299903505533	0.07136816349853234	0.0017866906504841044	0.006733403897962909	0.0008300319995903929	0.0566672193354043	0.021516950737765227	0.00022873523456496515
G[C>T]G	0.0	0.006367335768469502	0.0018666206404391872	0.31008093535900116	0.005324512762800569	0.025766173986933153	0.0019984274981527505	0.006522952827195552	0.040394023819244465	0.00491384850889606
G[C>T]T	0.013152304570030715	0.013574920049868523	0.005350931491702795	0.04151487397029996	0.01037443341279868	0.006947958181262948	5.2699776715599e-05	0.03060086297336966	0.03469381188042462	0.0011050898015871268
G[T>A]A	0.0006926257511440813	0.0015608450790155094	0.006265877133005464	3.3447574382328148e-06	0.005684364463781435	0.00220657839270757	0.00015047192626809646	0.0027464326110202817	0.0009873263169468238	2.2053206714645057e-06
G[T>A]C	0.00021964628446287547	0.0017952892481469032	0.003458324798630201	0.0006443102619792285	0.007558471517986618	0.0021643418740859488	0.00030309822113849805	0.010613537332974375	0.00017505778958510146	0.0029889541855663993
G[T>A]G	0.0008879270123738436	0.0042712065617407325	0.010139287587086977	4.306453041458269e-06	0.011038773715311194	0.0038033683665292905	7.726905836808129e-05	0.0019379309384385125	0.0010305255878592233	0.0006767319219380852
G[T>A]T	0.001097458404329643	0.003122120593254749	0.0029782109940424562	0.0004765868278809648	0.0072492178051464864	0.0029881897730052744	1.9356852510554746e-05	0.0028172453883644265	0.0004216501445625909	0.006167330535827204
G[T>C]A	1.7810917629645929e-09	0.0004906016369652822	0.0011013340568499074	0.0007154673396479261	6.975159646657186e-06	0.0008157478930085738	2.9903718469377723e-05	0.10066720351576805	0.011553188795957604	0.0001425345616203977
G[T>C]C	1.094509807586519e-06	0.0009640537191847187	3.212539801388914e-05	0.006138439373462461	3.5613525421602784e-05	0.0016082074727589556	2.242217698336546e-05	0.049001123160123825	0.023566956544257788	0.01293902660254389
G[T>C]G	7.6457439637867e-06	0.0003360477458318576	0.0013692299202318736	0.0015736776003469472	1.343872050924233e-05	0.0005585529473213119	3.1636252653699516e-05	0.09154691569507122	0.006612627648537455	0.006929041019175202
G[T>C]T	0.009872541268740457	0.009503194953703496	3.324876326317403e-05	1.61175999066554e-05	0.002417927043259773	0.007447995305548432	2.802596928649634e-47	0.05449754319924068	0.014010549858004212	0.0089409255027806
G[T>G]A	0.00019774005142721761	0.0008039841303680361	0.00025428496292249746	3.6541405401919745e-05	0.0056359943254371105	0.0008183354236002735	0.00010376767716394398	0.0003735635770681256	0.0016037332177881148	0.0017087047330278438
G[T>G]C	0.00031702996499006987	0.0008520784830383853	0.00010139855243323836	0.0013122293297783473	0.0041563896270236	0.0008609508638738817	4.852242725519318e-05	0.0008356146486854499	0.0030291960477188697	0.00913616451434791
G[T>G]G	0.002308032425563924	0.0027909291336086993	0.0012178988152481906	0.000528411085459446	0.012438779138028622	0.0020362740696217687	5.408271535998211e-06	0.002197743441793136	0.0011724877398228272	0.004423508736072108
G[T>G]T	0.0004883048471650985	0.0007351302244986257	0.0002872997322332793	0.0010308022050417875	4.1190647426248006e-05	0.00019413369118986167	0.0	0.0017492165123442049	0.0006895274284387654	0.07279631156474352
T[C>A]A	0.0003289409004355548	0.0062083118909440314	0.030833473069506	0.00010461072458156195	0.007950545167988139	0.008445536332485997	0.041148075331002475	1.683867594692856e-06	0.0192907575936988	0.006267954945215024
T[C>A]C	0.0021840022712896036	0.00853329517905877	0.055576017927378416	0.0030173155133854834	0.018330170097760855	0.01164787949944035	0.02009879224933684	2.661282142319976e-06	0.007643290785927093	0.0007358771560211607
T[C>A]G	0.00015933106711590533	0.0027306473592761905	0.018727006597910077	0.000517772882758436	0.006766864182194397	0.004200574996193609	0.007808769019320607	0.00014319129333671305	0.0019200196416664717	0.0005757461413031706
T[C>A]T	1.0643233170428701e-05	0.0052009815674637135	0.04392549959942699	0.005879342355574111	0.0006079087225986513	0.009030418570566212	0.016528061404824258	7.090622149661386e-05	0.1247554278280586	0.030562734086584876
T[C>G]A	9.753926066835562e-10	7.581876626280737e-05	0.0005357424302181357	3.115668889552836e-09	6.755157401300949e-05	4.75074413875888e-05	0.22496394723653793	2.8265448972497607e-08	6.080707049216372e-08	1.116051563837539e-07
T[C>G]C	0.0007574878933883155	0.002086445301395268	0.005493561648472678	5.0143826520070434e-05	0.025030942196026446	0.0017853987000594883	0.07315858490765095	0.0005791762323840999	0.0006522141941968585	0.00020919216122507577
T[C>G]G	0.0002575560565010449	0.001086647258654715	0.00240031067187374	6.420429772333592e-06	0.009033283877652138	0.0008667452465861293	0.026415558978915215	3.8193236389005845e-06	0.0003167072348057864	0.0001850859677273675
T[C>G]T	9.111416874714618e-05	8.811176938324692e-05	0.00020990879370406558	6.001497548768953e-06	0.009245289102580935	0.00042241807271535173	0.27312646597623824	0.00038675093458244756	0.0004174777249765782	0.0005802885466142982
T[C>T]A	0.11463812517419292	0.00023759038045218308	0.0019247574470678225	0.0006748008997026429	7.240356570062299e-06	0.24986021889719892	0.15440549593084568	0.0016588589337874196	0.005132894033214655	0.003118757453633529
T[C>T]C	0.4540443640947342	0.047959279815393954	0.003476304806250612	4.956943537587133e-05	1.6694824089569238e-06	0.028286382982869514	0.011217644124662893	6.6435552149402e-05	0.009010167008511942	0.00025238423676153586
T[C>T]G	0.12013904718149661	0.0037337964608569864	3.450886945710607e-06	0.040361809748310586	1.7325081655806683e-05	0.07364321280661836	0.00608679029725999	9.417247021692027e-05	0.43193977983243814	0.0042968067768313165
T[C>T]T	0.05217397184691166	0.07174628562584985	0.0032113210286330747	0.00023298604611960317	0.002096654880410611	0.11734120271862582	0.07736920261496713	0.0003450669849019139	0.04097427333786982	0.005808860439238402
T[T>A]A	0.0012763894687668653	0.0043683774055972135	0.002563558918336639	0.0002961875971413974	0.006938695600256324	0.00385309304660112	0.00016357418933125701	0.0025673846114659684	0.0008315240071256369	0.00031185854181330796
T[T>A]C	0.0019381690464297962	0.004526542042513028	0.0027547694253735244	0.0002355295693467241	0.009659401457174682	0.0038485425688531906	9.295549318551366e-05	0.002337194035280845	0.00047246536692910015	0.00249694334816013
T[T>A]G	0.0009555561290945325	0.0033823098654999235	0.006460903015677672	2.802596928649634e-47	0.007046017673108054	0.002825088129263431	1.7573917862812039e-06	0.0006979410326243851	0.0008062300682104251	0.0011600905282284656
T[T>A]T	0.005343296804421698	0.007934763037641852	0.0018874436787615423	4.295979225087369e-05	0.008655086799240052	0.005396781583686821	1.2382429617900926e-05	0.0004025615888349421	0.0010290154283316966	0.007692334274761379
T[T>C]A	0.0031485228527154165	0.0039967235408062156	0.0012676288489979015	0.00020387953860616923	0.005332883905285257	0.004364621824564675	5.2862245175418985e-05	0.027020518351346254	0.0031646041782153133	0.0021159770094277518
T[T>C]C	0.002011305634850942	0.0035128396464996292	9.912452078424394e-06	0.002363605961727444	0.007153006482985802	0.004473784407049877	0.00024848422914146794	0.02548125747591257	0.00888203755559516	0.012464715936221182
T[T>C]G	0.0015275460267238827	0.005296074813305662	0.0014157611879636533	0.002849203257869244	0.004667750148510095	0.004427169802802608	0.0001924291157956759	0.033044859450310465	0.0021031594458327165	0.0051286052477182405
T[T>C]T	0.00202565609842642	0.00493321160539532	9.640979283403794e-05	0.0003823003868469866	0.010135094611525801	0.0041050027994440795	5.376652587855801e-05	0.01809614388272166	0.006326345180400044	0.008390750586986542
T[T>G]A	0.0003548141574341915	0.0016128965026504538	4.652354030014294e-05	1.4084999506280838e-05	0.005666772087442951	0.001348867229972086	0.00014401114523178646	3.573288906579819e-06	0.004048004646217906	0.002977416361682117
T[T>G]C	0.0009155972500168986	0.003340595577169588	5.8347137564073206e-05	3.330766719297884e-05	0.004482405257933575	0.002236019509987841	0.0001962281051555692	0.0008678326660719903	0.008777227218303096	0.014733970006927848
T[T>G]G	0.0004226945979453411	0.0022390603523854222	0.0012972184899263084	0.0001709423424863843	0.01018180628772825	0.0018698012965614908	0.0001874040174334368	0.0005586366081843152	0.0020827895618277057	0.004994486731593497
T[T>G]T	0.001150809728015929	0.0020183419070839204	9.326304467439192e-05	1.8727447126387632e-09	1.8876377260097497e-05	0.0024849524899552243	5.139992675977645e-06	1.2321396969383613e-09	0.04619053496247964	0.0735553827509284
