MutationType	SBS96A	SBS96B	SBS96C	SBS96D	SBS96E	SBS96F	SBS96G	SBS96H	SBS96I	SBS96J
A[C>A]A	2.03E-05	1.25E-03	1.18E-03	4.16E-05	7.88E-04	1.60E-03	4.92E-05	2.11E-05	8.29E-04	9.12E-05
A[C>A]C	1.71E-05	1.13E-03	8.80E-04	6.64E-05	7.27E-04	1.35E-03	5.37E-05	5.04E-05	7.23E-04	6.89E-05
A[C>A]G	2.59E-06	7.88E-04	9.60E-04	1.94E-06	2.59E-04	1.13E-03	1.09E-05	1.75E-05	5.87E-04	2.89E-05
A[C>A]T	1.24E-05	6.16E-04	4.23E-04	1.02E-04	3.70E-04	6.92E-04	1.41E-05	3.47E-05	4.84E-04	1.15E-04
A[C>G]A	2.67E-06	1.20E-04	1.63E-04	2.60E-05	5.36E-04	2.29E-04	7.37E-05	3.36E-05	9.37E-05	1.77E-23
A[C>G]C	1.69E-05	1.74E-04	1.57E-04	2.67E-05	3.96E-04	2.56E-04	5.44E-05	6.69E-05	1.41E-04	5.00E-05
A[C>G]G	3.30E-05	1.78E-04	9.86E-05	5.99E-06	2.77E-04	2.84E-04	4.02E-05	1.11E-05	1.02E-04	2.30E-05
A[C>G]T	1.40E-05	1.20E-04	1.84E-04	4.12E-05	5.33E-04	1.73E-04	1.05E-04	6.20E-05	3.15E-05	4.83E-05
A[C>T]A	3.82E-05	1.03E-03	4.03E-04	4.77E-04	5.68E-04	1.29E-03	1.30E-04	2.32E-04	5.25E-04	1.81E-04
A[C>T]C	1.49E-03	2.06E-03	2.23E-04	1.50E-04	5.76E-04	1.50E-03	1.44E-05	2.13E-04	5.14E-04	9.60E-05
A[C>T]G	2.72E-05	7.33E-03	1.19E-04	7.05E-03	2.14E-03	1.35E-02	2.08E-04	4.01E-04	4.36E-04	3.16E-04
A[C>T]T	3.49E-04	9.41E-04	1.93E-04	1.60E-04	5.39E-04	1.12E-03	5.08E-05	1.78E-04	3.20E-04	1.61E-04
A[T>A]A	7.07E-05	5.58E-04	1.40E-04	5.06E-06	2.90E-04	6.27E-04	1.97E-05	1.02E-04	2.44E-04	3.30E-05
A[T>A]C	5.75E-05	6.23E-04	8.67E-05	1.21E-04	3.37E-04	6.94E-04	3.35E-05	1.84E-04	1.48E-04	9.76E-05
A[T>A]G	5.81E-05	7.46E-04	3.09E-04	1.20E-05	4.26E-04	7.12E-04	2.80E-05	6.03E-05	4.68E-04	5.61E-05
A[T>A]T	2.03E-04	1.19E-03	6.29E-05	5.46E-05	4.20E-04	1.14E-03	6.06E-06	2.03E-04	3.96E-04	1.58E-04
A[T>C]A	1.97E-05	6.68E-04	1.98E-04	9.87E-05	4.32E-04	6.51E-04	3.40E-05	2.04E-04	3.98E-04	2.27E-05
A[T>C]C	2.04E-05	3.03E-04	2.83E-05	1.22E-04	2.73E-04	3.99E-04	3.34E-05	2.11E-04	4.59E-04	1.59E-04
A[T>C]G	3.04E-05	6.97E-04	2.13E-04	2.86E-04	5.33E-04	8.45E-04	3.76E-05	4.71E-04	3.39E-04	1.11E-04
A[T>C]T	8.16E-05	1.45E-03	2.35E-05	4.45E-05	8.27E-04	1.26E-03	4.01E-05	1.84E-04	1.92E-04	1.10E-04
A[T>G]A	3.09E-05	3.68E-04	1.26E-05	1.76E-06	2.17E-04	3.18E-04	1.79E-05	2.78E-05	6.52E-05	8.56E-05
A[T>G]C	2.52E-05	1.80E-04	5.45E-06	1.63E-05	1.46E-04	2.14E-04	1.48E-05	4.66E-05	1.87E-04	8.96E-05
A[T>G]G	9.40E-05	4.84E-04	5.54E-05	1.50E-05	2.79E-04	4.84E-04	1.31E-05	5.14E-05	9.53E-05	8.08E-05
A[T>G]T	1.72E-05	2.86E-04	2.15E-05	1.46E-05	8.43E-05	4.45E-04	7.06E-06	4.53E-05	9.54E-04	2.90E-04
C[C>A]A	1.55E-04	4.84E-04	3.28E-03	2.32E-04	3.19E-04	8.70E-04	3.47E-05	2.51E-04	7.57E-04	9.78E-05
C[C>A]C	6.06E-05	1.49E-04	3.99E-03	7.78E-04	7.36E-07	1.13E-03	4.30E-07	3.81E-04	1.15E-03	4.73E-05
C[C>A]G	3.09E-05	2.43E-04	2.11E-03	2.47E-04	2.01E-08	6.93E-04	2.21E-06	2.19E-04	5.99E-04	1.69E-09
C[C>A]T	7.17E-05	1.46E-04	3.35E-03	2.27E-03	1.12E-08	3.14E-03	2.53E-06	8.70E-04	2.88E-03	1.84E-10
C[C>G]A	1.29E-05	2.69E-04	3.07E-04	0.00E+00	5.97E-04	4.17E-04	1.45E-04	5.54E-06	4.09E-04	5.09E-05
C[C>G]C	4.41E-05	2.80E-04	2.82E-04	5.02E-06	4.17E-04	4.00E-04	4.73E-05	3.83E-06	2.74E-04	2.11E-05
C[C>G]G	5.71E-05	2.70E-04	2.55E-04	7.37E-06	4.79E-04	4.26E-04	2.16E-05	1.96E-05	4.45E-04	1.23E-05
C[C>G]T	1.97E-05	2.02E-04	2.33E-04	7.21E-06	6.64E-04	3.70E-04	1.37E-04	1.56E-05	3.18E-04	4.51E-05
C[C>T]A	2.37E-03	3.97E-03	5.75E-04	1.95E-04	9.59E-04	6.11E-03	4.22E-04	6.25E-05	9.89E-04	3.45E-04
C[C>T]C	6.65E-03	1.20E-02	6.59E-04	3.20E-04	3.28E-04	3.25E-04	2.09E-06	3.63E-04	2.74E-04	1.39E-04
C[C>T]G	1.83E-03	5.93E-03	3.44E-04	6.69E-03	1.77E-03	1.23E-02	2.91E-04	4.52E-04	8.68E-04	4.08E-04
C[C>T]T	4.77E-03	8.45E-03	5.19E-04	2.31E-04	8.25E-04	1.08E-03	2.13E-04	1.93E-04	6.48E-04	2.43E-04
C[T>A]A	4.55E-05	4.60E-04	2.75E-04	3.29E-06	2.81E-04	5.03E-04	1.82E-05	3.14E-05	3.62E-04	7.07E-05
C[T>A]C	7.82E-05	5.30E-04	3.16E-04	7.04E-05	3.79E-04	5.93E-04	2.99E-05	9.59E-05	5.01E-04	3.06E-04
C[T>A]G	4.70E-05	1.33E-03	1.24E-03	4.45E-06	7.55E-04	1.67E-03	1.73E-05	8.00E-05	1.03E-03	2.80E-04
C[T>A]T	1.13E-04	7.60E-04	2.98E-04	5.46E-06	4.67E-04	8.21E-04	6.18E-06	4.91E-05	5.01E-04	6.57E-04
C[T>C]A	8.13E-05	4.84E-04	1.65E-04	2.40E-05	2.53E-04	5.55E-04	1.01E-05	2.54E-04	2.74E-04	2.86E-04
C[T>C]C	5.13E-05	4.24E-04	1.14E-04	1.25E-04	2.79E-04	4.29E-04	2.01E-05	2.00E-04	9.75E-05	8.60E-04
C[T>C]G	2.53E-05	5.13E-04	3.61E-04	4.36E-04	3.18E-04	9.54E-04	9.52E-06	5.65E-04	4.55E-04	7.49E-04
C[T>C]T	2.17E-04	1.34E-03	1.09E-04	1.29E-05	5.28E-04	1.33E-03	2.81E-05	2.97E-04	5.33E-04	1.70E-03
C[T>G]A	1.12E-05	7.80E-05	1.52E-05	1.23E-05	9.61E-05	1.09E-04	7.71E-06	4.16E-05	1.23E-04	8.90E-05
C[T>G]C	5.37E-05	2.30E-04	1.03E-05	1.11E-04	1.53E-04	2.48E-04	1.90E-05	1.13E-04	1.22E-04	2.83E-04
C[T>G]G	7.24E-05	3.72E-04	2.02E-04	1.32E-04	3.65E-04	3.56E-04	4.20E-06	1.79E-04	2.32E-04	2.20E-04
C[T>G]T	5.95E-10	1.16E-07	1.71E-10	2.43E-05	1.03E-09	3.73E-07	1.42E-09	7.12E-07	2.73E-03	4.19E-03
G[C>A]A	2.46E-06	1.41E-03	1.17E-03	1.11E-04	1.08E-03	1.68E-03	4.60E-05	4.63E-06	7.84E-04	1.70E-04
G[C>A]C	5.77E-06	1.12E-03	1.10E-03	1.79E-04	6.58E-04	1.64E-03	4.78E-05	9.63E-05	9.42E-04	7.04E-05
G[C>A]G	0.00E+00	8.78E-04	1.08E-03	5.98E-05	1.49E-04	1.33E-03	2.17E-05	4.86E-05	6.65E-04	4.20E-05
G[C>A]T	5.97E-07	6.45E-04	5.98E-04	5.75E-04	4.59E-04	9.11E-04	4.45E-05	1.30E-04	6.56E-04	1.48E-04
G[C>G]A	1.16E-06	1.70E-04	1.75E-04	2.93E-05	3.30E-04	2.61E-04	7.27E-05	3.91E-05	1.53E-04	5.27E-05
G[C>G]C	1.97E-05	2.64E-04	2.44E-04	6.72E-05	3.91E-04	3.03E-04	5.31E-05	9.11E-05	2.10E-04	3.92E-06
G[C>G]G	2.21E-05	2.36E-04	2.12E-04	7.65E-06	2.26E-04	3.33E-04	2.89E-05	5.02E-06	1.96E-04	4.20E-07
G[C>G]T	3.93E-06	1.18E-04	1.58E-04	4.08E-05	4.64E-04	2.19E-04	1.03E-04	6.29E-05	7.93E-05	3.26E-05
G[C>T]A	2.97E-05	5.52E-04	3.24E-04	1.41E-03	5.72E-04	6.59E-04	2.19E-04	5.42E-04	5.46E-04	5.53E-05
G[C>T]C	1.19E-03	2.13E-03	3.39E-04	3.02E-03	3.07E-04	4.71E-03	9.74E-05	1.28E-03	1.12E-03	8.36E-05
G[C>T]G	0.00E+00	2.66E-03	2.17E-04	6.15E-03	7.77E-04	4.89E-03	1.99E-04	7.80E-04	3.42E-03	4.82E-04
G[C>T]T	7.09E-04	1.05E-03	2.62E-04	1.77E-03	3.98E-04	2.96E-03	2.39E-05	7.89E-04	1.24E-03	2.19E-04
G[T>A]A	3.98E-05	4.07E-04	2.70E-04	2.35E-06	2.84E-04	4.46E-04	1.72E-05	5.63E-05	3.48E-04	1.66E-06
G[T>A]C	2.80E-05	4.16E-04	1.49E-04	9.44E-05	2.32E-04	3.33E-04	2.60E-05	1.18E-04	9.56E-05	1.29E-04
G[T>A]G	1.01E-04	6.17E-04	4.25E-04	2.68E-06	4.27E-04	8.31E-04	1.32E-05	5.78E-05	5.80E-04	6.37E-05
G[T>A]T	6.77E-05	6.01E-04	1.30E-04	3.72E-05	3.12E-04	6.37E-04	6.28E-06	8.98E-05	2.25E-04	1.96E-04
G[T>C]A	1.55E-09	3.48E-04	9.83E-05	1.93E-04	6.91E-06	4.32E-04	8.79E-06	5.85E-04	9.83E-04	5.41E-05
G[T>C]C	7.86E-07	6.77E-04	1.40E-05	4.83E-04	2.58E-05	8.86E-04	6.54E-06	3.87E-04	1.99E-03	6.65E-04
G[T>C]G	3.57E-06	2.23E-04	1.08E-04	2.85E-04	1.34E-05	2.73E-04	9.23E-06	4.62E-04	5.57E-04	1.69E-04
G[T>C]T	7.09E-04	1.22E-03	1.28E-05	1.61E-05	2.37E-04	2.88E-03	2.80E-47	7.79E-04	1.06E-03	3.11E-04
G[T>G]A	1.84E-05	1.91E-04	2.64E-05	7.25E-06	1.30E-04	1.69E-04	1.05E-05	2.42E-05	1.31E-04	7.42E-05
G[T>G]C	2.90E-05	2.02E-04	1.76E-05	5.63E-05	1.38E-04	2.08E-04	7.92E-06	5.32E-05	2.44E-04	1.31E-04
G[T>G]G	1.77E-04	5.49E-04	8.09E-05	5.21E-05	4.10E-04	7.40E-04	3.00E-06	8.06E-05	1.07E-04	1.14E-04
G[T>G]T	4.52E-05	1.22E-04	2.78E-05	6.66E-05	2.17E-05	9.69E-05	0.00E+00	9.63E-05	2.94E-04	1.12E-03
T[C>A]A	5.78E-05	1.21E-03	1.02E-03	1.90E-05	5.28E-04	1.62E-03	9.15E-04	1.68E-06	1.14E-03	6.32E-04
T[C>A]C	1.82E-04	1.46E-03	1.05E-03	1.35E-04	7.24E-04	2.04E-03	4.57E-04	1.52E-06	1.20E-03	1.09E-04
T[C>A]G	2.25E-05	7.42E-04	6.77E-04	2.40E-05	3.86E-04	9.20E-04	1.84E-04	2.87E-05	5.01E-04	5.30E-05
T[C>A]T	7.50E-06	3.44E-03	1.57E-03	4.92E-04	1.73E-04	4.64E-03	4.39E-04	2.74E-05	9.90E-03	4.10E-03
T[C>G]A	3.92E-10	5.37E-05	1.00E-04	1.07E-09	5.34E-05	3.13E-05	4.60E-03	5.61E-09	3.06E-08	2.48E-08
T[C>G]C	7.69E-05	3.00E-04	1.77E-04	1.13E-05	6.95E-04	4.86E-04	1.71E-03	4.44E-05	2.97E-04	3.21E-05
T[C>G]G	2.99E-05	1.84E-04	1.10E-04	1.88E-06	3.02E-04	2.17E-04	6.45E-04	1.95E-06	1.30E-04	2.22E-05
T[C>G]T	1.69E-05	3.49E-05	4.50E-05	2.37E-06	1.09E-03	1.33E-04	6.26E-03	4.36E-05	9.18E-05	6.38E-05
T[C>T]A	1.06E-02	1.21E-04	2.61E-04	1.05E-04	4.94E-06	2.71E-02	1.03E-02	1.52E-04	1.34E-03	3.68E-04
T[C>T]C	1.46E-02	8.18E-03	4.84E-04	2.41E-05	1.17E-06	5.38E-03	1.82E-03	2.65E-05	1.50E-03	1.39E-04
T[C>T]G	1.06E-02	2.12E-03	2.44E-06	3.36E-03	1.73E-05	7.86E-03	1.29E-03	6.45E-05	2.96E-02	1.87E-03
T[C>T]T	3.68E-03	3.45E-03	3.30E-04	5.64E-05	4.15E-04	1.22E-02	4.95E-03	8.04E-05	1.79E-03	5.22E-04
T[T>A]A	1.04E-04	8.12E-04	1.07E-04	2.94E-05	3.67E-04	7.39E-04	2.21E-05	8.96E-05	3.20E-04	3.88E-05
T[T>A]C	1.20E-04	8.47E-04	1.21E-04	3.01E-05	3.66E-04	7.77E-04	1.56E-05	8.63E-05	2.60E-04	1.44E-04
T[T>A]G	8.14E-05	5.96E-04	2.64E-04	1.97E-47	3.15E-04	5.88E-04	1.10E-06	4.34E-05	3.16E-04	6.18E-05
T[T>A]T	3.33E-04	1.25E-03	8.73E-05	9.23E-06	4.80E-04	1.26E-03	6.50E-06	4.21E-05	4.79E-04	2.44E-04
T[T>C]A	1.72E-04	7.68E-04	7.65E-05	5.94E-05	3.29E-04	1.15E-03	1.03E-05	2.72E-04	3.40E-04	1.24E-04
T[T>C]C	1.46E-04	7.39E-04	6.80E-06	1.20E-04	3.44E-04	8.93E-04	2.94E-05	2.25E-04	6.05E-04	1.80E-04
T[T>C]G	1.43E-04	8.42E-04	8.72E-05	1.47E-04	3.07E-04	7.20E-04	2.19E-05	2.77E-04	3.77E-04	2.28E-04
T[T>C]T	1.68E-04	7.14E-04	2.65E-05	6.62E-05	3.66E-04	7.84E-04	1.03E-05	1.65E-04	5.25E-04	1.60E-04
T[T>G]A	3.82E-05	2.91E-04	8.90E-06	3.51E-06	1.71E-04	3.24E-04	1.50E-05	1.96E-06	3.24E-04	1.75E-04
T[T>G]C	8.98E-05	5.78E-04	1.23E-05	1.29E-05	2.43E-04	5.14E-04	1.83E-05	4.07E-05	7.44E-04	3.02E-04
T[T>G]G	5.08E-05	3.72E-04	6.01E-05	1.94E-05	2.42E-04	4.06E-04	1.76E-05	4.05E-05	1.80E-04	1.09E-04
T[T>G]T	7.27E-05	1.14E-03	2.01E-05	6.02E-10	1.40E-05	1.33E-03	3.40E-06	5.03E-10	3.87E-03	2.04E-03
