MutationType	SBS1	SBS5	SBS7a	SBS7b	SBS10b	SBS15	SBS17a	SBS17b	SBS38	SBS39
A[C>A]A	0.00088616	0.01199760	0.00006700	0.00232939	0.00018200	0.00094420	0.00207026	0.00060796	0.01279487	0.01170152
A[C>A]C	0.00228041	0.00943811	0.00017912	0.00046088	0.00653991	0.00049711	0.00091812	0.00012899	0.01009595	0.00715093
A[C>A]G	0.00017703	0.00184963	0.00007120	0.00018595	0.00005350	0.00004610	0.00004760	0.00005820	0.00189924	0.00267035
A[C>A]T	0.00128023	0.00660868	0.00024816	0.00070981	0.00001630	0.00111024	0.00006180	0.00045597	0.00884645	0.00740096
A[C>G]A	0.00186033	0.01009798	0.00006490	0.00000856	0.00030500	0.00011302	0.00101013	0.00014599	0.00268892	0.04730615
A[C>G]C	0.00122022	0.00569886	0.00002160	0.00018895	0.00013400	0.00026906	0.00056907	0.00004340	0.00157937	0.02250293
A[C>G]G	0.00011502	0.00171966	0.00005080	0.00050487	0.00000000	0.00003070	0.00015202	0.00000000	0.00063574	0.01360177
A[C>G]T	0.00114020	0.01009798	0.00009570	0.00028493	0.00000000	0.00032507	0.00001960	0.00031898	0.00243902	0.04340564
A[C>T]A	0.02500444	0.03259348	0.00012208	0.00140963	0.00054899	0.00505108	0.00122015	0.00057096	0.00344862	0.00960125
A[C>T]C	0.00632112	0.01789642	0.01771150	0.03808996	0.00524993	0.00691148	0.00171022	0.00007030	0.00214914	0.00404052
A[C>T]G	0.36506483	0.00617876	0.00000000	0.00054286	0.00041399	0.07451597	0.00003950	0.00028698	0.00517792	0.00600078
A[C>T]T	0.00958170	0.02199560	0.00742482	0.01079715	0.00792989	0.00178038	0.00073709	0.00014699	0.00243902	0.01280166
A[T>A]A	0.00080014	0.00737852	0.00194126	0.00248934	0.00181997	0.00204044	0.00101013	0.00006260	0.00198920	0.00531069
A[T>A]C	0.00223040	0.00692861	0.00067044	0.00046688	0.00033699	0.00084118	0.00099713	0.00028898	0.00193922	0.00288037
A[T>A]G	0.00114020	0.00911818	0.00058738	0.00155959	0.00002340	0.00054012	0.00020002	0.00006570	0.00107957	0.00694090
A[T>A]T	0.00018303	0.00619876	0.00371241	0.00828782	0.00284996	0.00954204	0.00146018	0.00063296	0.00271891	0.00612080
A[T>C]A	0.00109019	0.04619076	0.00049032	0.00101973	0.00934987	0.00389083	0.00009650	0.00009730	0.00278888	0.01120146
A[T>C]C	0.00304054	0.01339732	0.00022715	0.00045588	0.00050999	0.00196042	0.01270160	0.00025198	0.00163934	0.00564073
A[T>C]G	0.00010602	0.03819236	0.00018712	0.00149960	0.00053099	0.00024005	0.00037605	0.00000000	0.00216913	0.00964125
A[T>C]T	0.00574102	0.03829234	0.00061540	0.00214943	0.00015000	0.00092920	0.00779099	0.00054396	0.00348860	0.01360177
A[T>G]A	0.00017203	0.00385923	0.00047331	0.00008440	0.00003470	0.00046810	0.00085111	0.00140990	0.00114954	0.00388050
A[T>G]C	0.00020704	0.00259948	0.00024716	0.00093175	0.00005330	0.00041509	0.00070009	0.00447969	0.00106957	0.00297039
A[T>G]G	0.00026805	0.00793841	0.00027618	0.00146961	0.00052299	0.00018504	0.00071909	0.00098993	0.00206917	0.00766100
A[T>G]T	0.00011202	0.00482903	0.00030920	0.00073281	0.00000000	0.00363078	0.01250158	0.06909525	0.00285885	0.00642083
C[C>A]A	0.00031205	0.00742851	0.00045529	0.00113970	0.00052099	0.04180896	0.00029504	0.00027098	0.38084728	0.01010131
C[C>A]C	0.00179032	0.00613877	0.00024016	0.00154959	0.00317995	0.00505108	0.00116015	0.00004110	0.06947214	0.00906118
C[C>A]G	0.00009320	0.00345931	0.00000000	0.00040789	0.00008380	0.00006620	0.00000000	0.00000000	0.05097956	0.00574075
C[C>A]T	0.00000000	0.00648870	0.00037224	0.00148961	0.00832988	0.02870615	0.00013702	0.00018199	0.18392625	0.00603078
C[C>G]A	0.00002410	0.00695861	0.00000000	0.00045788	0.00002990	0.00008360	0.00055307	0.00019399	0.00168932	0.02880374
C[C>G]C	0.00007680	0.00906819	0.00013108	0.00095975	0.00000000	0.00001700	0.00023503	0.00004660	0.00125950	0.03770490
C[C>G]G	0.00035206	0.00248950	0.00007760	0.00079079	0.00000000	0.00005020	0.00023203	0.00000000	0.00095662	0.01230160
C[C>G]T	0.00000000	0.00952809	0.00009570	0.00088977	0.00000000	0.00008450	0.00003900	0.00019299	0.00126949	0.04020523
C[C>T]A	0.00200036	0.01939612	0.05003248	0.10697180	0.00015100	0.01080231	0.00082110	0.00045697	0.00423830	0.00911118
C[C>T]C	0.00027005	0.01899620	0.05533592	0.18195203	0.00008440	0.01110238	0.00172022	0.00005890	0.00472810	0.00386050
C[C>T]G	0.19603481	0.01749650	0.00671436	0.02209418	0.00369995	0.02480532	0.00190024	0.00054296	0.00349860	0.00757098
C[C>T]T	0.00019604	0.02309538	0.05663676	0.12596679	0.00059499	0.01560334	0.00174022	0.00013599	0.00409836	0.00699091
C[T>A]A	0.00004300	0.00353929	0.00017711	0.00111970	0.00007090	0.00034807	0.00043405	0.00009360	0.00089664	0.00494064
C[T>A]C	0.00039307	0.00518896	0.00026117	0.00095775	0.00010600	0.00024405	0.04050512	0.00223985	0.00201919	0.00644084
C[T>A]G	0.00032406	0.00500900	0.00011207	0.00088277	0.00000000	0.00008200	0.01240157	0.00071695	0.00177929	0.00680088
C[T>A]T	0.00026005	0.00429914	0.00037124	0.00011197	0.00023400	0.00105022	0.07230914	0.00778946	0.00235905	0.00827107
C[T>C]A	0.00000000	0.01329734	0.00045129	0.00152960	0.00131998	0.00075016	0.01110140	0.00064696	0.00194922	0.00734095
C[T>C]C	0.00250044	0.01039792	0.00025917	0.00083978	0.00012400	0.00215046	0.17302186	0.00645956	0.00231907	0.00791103
C[T>C]G	0.00036006	0.02079584	0.00010407	0.00072981	0.00002530	0.00139030	0.08731103	0.00391973	0.00253898	0.00777101
C[T>C]T	0.00004260	0.01489702	0.00182118	0.00572849	0.00081499	0.00175037	0.42605383	0.01829874	0.00426829	0.00859112
C[T>G]A	0.00003550	0.00258948	0.00008430	0.00035891	0.00022700	0.00020604	0.00031004	0.00204986	0.00098261	0.00530069
C[T>G]C	0.00021204	0.00460908	0.00017211	0.00079179	0.00114998	0.00015703	0.00104013	0.03139784	0.00140943	0.00739096
C[T>G]G	0.00012802	0.00612877	0.00000000	0.00128966	0.00047899	0.00027206	0.00000194	0.01369906	0.00158936	0.00983128
C[T>G]T	0.00017103	0.00729854	0.00002650	0.00000368	0.00522993	0.00249053	0.00531067	0.54996223	0.00687724	0.00494064
G[C>A]A	0.00158028	0.01019796	0.00004060	0.00074580	0.00073099	0.00229049	0.00178023	0.00099793	0.01199519	0.00688089
G[C>A]C	0.00033906	0.00764847	0.00013809	0.00021494	0.00254996	0.00249053	0.00128016	0.00000278	0.00627748	0.00695090
G[C>A]G	0.00058710	0.00233953	0.00004250	0.00007290	0.00008520	0.00040409	0.00010601	0.00009240	0.00136945	0.00453059
G[C>A]T	0.00000000	0.00681864	0.00000000	0.00014696	0.00279996	0.01820390	0.00004700	0.00053396	0.00908636	0.00589077
G[C>G]A	0.00000959	0.00467906	0.00001960	0.00005110	0.00001720	0.00099421	0.00087811	0.00005990	0.00119952	0.02400312
G[C>G]C	0.00016403	0.00507898	0.00003320	0.00045188	0.00013600	0.00060813	0.00083511	0.00005550	0.00107957	0.02130277
G[C>G]G	0.00016603	0.00150970	0.00004510	0.00033691	0.00000000	0.00001010	0.00002370	0.00000000	0.00101959	0.00986128
G[C>G]T	0.00000000	0.00671866	0.00004200	0.00027693	0.00011300	0.00045110	0.00078710	0.00000000	0.00091663	0.03240421
G[C>T]A	0.00444079	0.01939612	0.00008500	0.00085478	0.00036300	0.07371579	0.00164021	0.00006110	0.00236905	0.00803104
G[C>T]C	0.00009280	0.02159568	0.01170760	0.02629307	0.01509979	0.12902764	0.00000000	0.00015699	0.00295881	0.00450058
G[C>T]G	0.21803872	0.01229754	0.00000552	0.00017595	0.01259982	0.27705936	0.00161020	0.00085494	0.00447820	0.00548071
G[C>T]T	0.00003840	0.01859628	0.01611046	0.00538858	0.03189955	0.07721654	0.00006600	0.00000000	0.00319872	0.00861112
G[T>A]A	0.00008120	0.00366927	0.00040126	0.00052586	0.00000000	0.00051111	0.00006460	0.00009730	0.00089264	0.00496064
G[T>A]C	0.00012902	0.00290942	0.00022415	0.00025593	0.00012300	0.00058913	0.00340043	0.00034698	0.00111955	0.00352046
G[T>A]G	0.00024604	0.00410918	0.00029019	0.00065583	0.00000000	0.00018704	0.00069509	0.00024098	0.00120951	0.00667087
G[T>A]T	0.00025805	0.00321936	0.00030620	0.00005590	0.00010800	0.00084018	0.00480061	0.00157989	0.00183926	0.00409053
G[T>C]A	0.00105019	0.01409718	0.00010107	0.00026593	0.01469979	0.01290276	0.00012302	0.00005950	0.00169932	0.00747097
G[T>C]C	0.00190034	0.00793841	0.00007410	0.00000000	0.00532993	0.01160249	0.01490188	0.00149990	0.00215913	0.00689090
G[T>C]G	0.00117021	0.01499700	0.00007250	0.00052886	0.00137998	0.00595127	0.00357045	0.00100993	0.00186925	0.00574075
G[T>C]T	0.00007130	0.01369726	0.00081153	0.00684819	0.01149984	0.00586126	0.00524066	0.00146990	0.00304878	0.00751098
G[T>G]A	0.00000000	0.00251950	0.00009070	0.00032292	0.00048099	0.00020304	0.00049506	0.00028098	0.00050380	0.00333043
G[T>G]C	0.00000000	0.00170966	0.00012108	0.00032092	0.00094199	0.00058012	0.00020403	0.00624957	0.00093862	0.00580075
G[T>G]G	0.00034806	0.00529894	0.00032521	0.00240937	0.00172998	0.00034707	0.00083511	0.00147990	0.00215913	0.00772100
G[T>G]T	0.00001460	0.00234953	0.00083554	0.00182952	0.00515993	0.00139030	0.00724091	0.11399217	0.00333866	0.00594077
T[C>A]A	0.00006580	0.00785843	0.00039025	0.00289924	0.00044599	0.01720368	0.00019002	0.00001240	0.01769290	0.00598078
T[C>A]C	0.00253045	0.00916817	0.00063641	0.00351907	0.00379995	0.00581124	0.00002590	0.00000000	0.01149539	0.00786102
T[C>A]G	0.00000000	0.00229954	0.00003440	0.00029992	0.00057299	0.00007690	0.00000000	0.00009510	0.00237905	0.00301039
T[C>A]T	0.00000588	0.01269746	0.00061340	0.00140963	0.08159886	0.00805172	0.00028804	0.00256982	0.02778886	0.00655085
T[C>G]A	0.00000000	0.00780844	0.00000000	0.00025393	0.00000000	0.00021405	0.00375047	0.00015999	0.00265893	0.03470451
T[C>G]C	0.00020304	0.00759848	0.00005090	0.00161957	0.00000000	0.00006120	0.00072309	0.00006180	0.00217913	0.03670477
T[C>G]G	0.00006940	0.00170966	0.00000635	0.00036390	0.00000000	0.00005840	0.00038005	0.00001550	0.00109956	0.00962125
T[C>G]T	0.00156028	0.01249750	0.00028118	0.00071381	0.00004340	0.00017404	0.00028304	0.00149990	0.00394842	0.05070659
T[C>T]A	0.00111020	0.02029594	0.23815459	0.00660826	0.00272996	0.02650568	0.00053207	0.00010799	0.00644741	0.00388050
T[C>T]C	0.00003730	0.02299540	0.33121500	0.21094439	0.04849932	0.00956205	0.00009060	0.00060396	0.00722710	0.00528069
T[C>T]G	0.11001954	0.01589682	0.07414813	0.05738487	0.43699388	0.02120454	0.00017702	0.00006240	0.00346861	0.00486063
T[C>T]T	0.00000000	0.02099580	0.10706950	0.10197312	0.12799821	0.00174037	0.00034804	0.00089494	0.00657736	0.00423055
T[T>A]A	0.00672119	0.00630874	0.00035623	0.00323915	0.00305996	0.00109023	0.00011901	0.00118992	0.00243902	0.00669087
T[T>A]C	0.00000000	0.00413917	0.00038925	0.00223941	0.00066499	0.00015703	0.00570072	0.00024198	0.00092763	0.00369048
T[T>A]G	0.00002800	0.00478904	0.00000000	0.00169955	0.00007060	0.00014903	0.00183023	0.00000000	0.00080368	0.00546071
T[T>A]T	0.00225040	0.00874825	0.00079852	0.00000000	0.00151998	0.00047510	0.00198025	0.00130991	0.00249900	0.01070139
T[T>C]A	0.00025505	0.01799640	0.00215140	0.00599842	0.00885988	0.00342073	0.00209026	0.00105993	0.00210915	0.00594077
T[T>C]C	0.00339060	0.00970806	0.00059639	0.00172954	0.00008100	0.00592127	0.01530193	0.00109993	0.00218912	0.00644084
T[T>C]G	0.00041607	0.01269746	0.00031921	0.00380900	0.00066799	0.00132028	0.00235030	0.00120992	0.00191923	0.00498065
T[T>C]T	0.00433077	0.01849630	0.00081253	0.00296922	0.00002510	0.00135029	0.02100265	0.00099993	0.00305877	0.00948123
T[T>G]A	0.00000000	0.00521896	0.00012808	0.00095475	0.01129984	0.00023105	0.00000000	0.00001220	0.00116953	0.00839109
T[T>G]C	0.00005510	0.00655869	0.00011608	0.00154959	0.00554992	0.00029406	0.00011602	0.00874940	0.00090264	0.00508066
T[T>G]G	0.00058310	0.00693861	0.00000000	0.00134964	0.00275996	0.00014803	0.00092012	0.00477967	0.00189924	0.00728095
T[T>G]T	0.00000000	0.01349730	0.00008300	0.00176953	0.09089873	0.00599128	0.00458058	0.12199162	0.00528788	0.01090142
