NMF_Replicate	L1	L1 %	L2	L2 %	KL Divergence	Correlation	Convergence Iterations
1	65.347	100.618	11.511	66.168	0.964	0.642	40000.0
2	65.41	99.889	11.533	65.753	0.954	0.647	80000.0
3	63.778	98.438	10.996	64.845	0.962	0.657	80000.0
4	66.798	101.148	12.076	66.691	0.95	0.64	40000.0
5	67.083	101.819	12.148	67.362	0.954	0.635	40000.0
6	65.275	99.849	11.476	65.552	0.951	0.649	40000.0
7	64.892	100.329	11.28	65.736	0.965	0.647	60000.0
8	65.466	100.653	11.526	66.085	0.962	0.644	30000.0
9	64.949	100.156	11.328	65.848	0.951	0.646	30000.0
10	64.957	100.276	11.391	65.751	0.964	0.645	30000.0
11	65.305	100.471	11.422	65.946	0.959	0.645	30000.0
12	65.524	100.393	11.512	65.912	0.957	0.646	40000.0
13	65.167	100.096	11.499	66.063	0.959	0.643	30000.0
14	65.447	100.915	11.467	66.271	0.964	0.64	50000.0
15	65.406	100.303	11.487	65.868	0.952	0.646	60000.0
16	65.681	100.758	11.569	65.91	0.96	0.647	30000.0
17	65.071	100.336	11.392	65.627	0.966	0.647	40000.0
18	64.804	99.964	11.401	65.795	0.955	0.647	30000.0
19	65.579	101.67	11.479	66.546	0.975	0.635	30000.0
20	67.044	101.159	12.139	67.101	0.953	0.635	60000.0
21	64.947	100.223	11.417	65.75	0.964	0.646	30000.0
22	64.302	98.827	11.18	64.87	0.968	0.657	30000.0
23	65.322	100.76	11.458	66.141	0.966	0.642	60000.0
24	65.235	100.451	11.489	65.903	0.961	0.644	20000.0
25	65.576	100.328	11.535	66.278	0.957	0.641	30000.0
26	64.745	99.957	11.346	65.896	0.975	0.644	40000.0
27	64.78	100.216	11.399	65.873	0.961	0.646	30000.0
28	65.252	100.385	11.422	65.794	0.958	0.646	40000.0
29	65.499	100.759	11.504	66.377	0.96	0.64	40000.0
30	65.466	100.294	11.438	65.939	0.955	0.644	40000.0
31	67.281	102.02	12.143	67.583	0.966	0.628	20000.0
32	66.846	101.533	12.01	66.9	0.956	0.636	30000.0
33	65.45	101.005	11.444	66.471	0.964	0.637	40000.0
34	65.516	100.692	11.47	66.315	0.962	0.639	40000.0
35	65.565	100.6	11.529	66.167	0.957	0.643	40000.0
36	64.891	100.382	11.501	66.089	0.965	0.644	30000.0
37	65.345	100.619	11.562	66.161	0.965	0.642	50000.0
38	65.355	99.989	11.54	65.847	0.952	0.646	40000.0
39	64.628	99.855	11.308	65.602	0.957	0.646	40000.0
40	65.295	99.963	11.479	65.913	0.953	0.645	40000.0
41	64.88	100.249	11.346	65.86	0.96	0.645	50000.0
42	66.923	100.868	12.087	66.76	0.959	0.639	30000.0
43	64.952	99.98	11.34	65.831	0.958	0.645	30000.0
44	65.321	100.322	11.487	65.835	0.962	0.647	30000.0
45	65.424	100.419	11.518	65.896	0.955	0.647	50000.0
46	64.097	99.115	11.227	65.212	0.968	0.651	50000.0
47	64.658	99.478	11.328	65.282	0.954	0.652	40000.0
48	65.05	100.439	11.466	65.97	0.957	0.646	30000.0
49	65.319	100.762	11.43	66.122	0.968	0.641	60000.0
50	64.952	99.948	11.422	65.652	0.95	0.649	30000.0
51	64.998	100.038	11.471	65.778	0.958	0.648	40000.0
52	65.531	100.487	11.544	66.403	0.965	0.64	40000.0
53	65.123	100.611	11.467	66.036	0.963	0.644	40000.0
54	66.871	101.049	12.083	67.098	0.955	0.635	50000.0
55	65.331	100.24	11.527	65.854	0.963	0.644	30000.0
56	65.407	100.784	11.521	66.238	0.968	0.64	60000.0
57	65.372	100.221	11.532	65.895	0.959	0.646	70000.0
58	65.352	100.411	11.467	66.012	0.962	0.643	30000.0
59	66.105	100.69	11.891	66.341	0.953	0.642	30000.0
60	65.526	100.562	11.512	65.95	0.959	0.644	40000.0
61	65.199	100.243	11.394	65.442	0.957	0.652	30000.0
62	66.393	100.719	12.001	66.607	0.944	0.642	60000.0
63	65.642	100.81	11.452	66.287	0.96	0.64	50000.0
64	64.622	99.26	11.402	65.41	0.948	0.652	20000.0
65	67.211	102.186	12.086	67.375	0.966	0.629	20000.0
66	65.363	100.255	11.467	65.909	0.96	0.645	60000.0
67	65.681	100.803	11.54	66.164	0.963	0.643	70000.0
68	65.231	100.054	11.483	65.901	0.953	0.646	50000.0
69	66.011	100.584	11.605	66.009	0.96	0.645	40000.0
70	66.84	100.842	12.016	66.701	0.951	0.639	40000.0
71	64.939	100.069	11.357	65.541	0.955	0.648	30000.0
72	65.506	100.614	11.5	66.085	0.964	0.644	30000.0
73	65.249	100.067	11.41	65.738	0.954	0.648	30000.0
74	65.059	100.658	11.297	65.837	0.963	0.644	50000.0
75	65.338	100.247	11.463	65.821	0.963	0.645	30000.0
76	67.156	102.766	12.136	67.418	0.976	0.628	40000.0
77	64.664	99.907	11.288	65.587	0.96	0.646	60000.0
78	65.2	100.524	11.417	66.008	0.965	0.643	30000.0
79	64.794	99.957	11.322	65.699	0.955	0.646	50000.0
80	65.47	100.885	11.59	66.216	0.963	0.644	60000.0
81	64.774	100.446	11.293	65.84	0.963	0.643	40000.0
82	65.073	100.166	11.425	65.591	0.959	0.649	50000.0
83	67.052	101.497	11.997	66.813	0.964	0.638	60000.0
84	65.69	100.629	11.49	66.085	0.958	0.643	40000.0
85	65.308	100.015	11.537	65.681	0.958	0.648	30000.0
86	65.102	100.699	11.37	66.066	0.962	0.641	50000.0
87	65.173	100.331	11.511	66.062	0.96	0.643	30000.0
88	65.683	101.144	11.578	66.255	0.97	0.639	60000.0
89	65.345	100.375	11.468	65.957	0.958	0.646	50000.0
90	64.781	99.56	11.269	65.385	0.966	0.651	40000.0
91	64.904	100.253	11.348	66.049	0.958	0.641	40000.0
92	65.249	100.435	11.439	65.919	0.955	0.646	50000.0
93	64.527	99.144	11.31	65.542	0.941	0.651	60000.0
94	65.054	100.042	11.43	65.838	0.958	0.644	30000.0
95	65.269	100.282	11.492	66.056	0.96	0.645	30000.0
96	65.085	99.999	11.355	65.574	0.953	0.649	40000.0
97	65.283	100.474	11.495	66.137	0.963	0.642	40000.0
98	65.371	100.734	11.475	66.25	0.967	0.641	30000.0
99	65.122	99.882	11.398	65.613	0.95	0.648	50000.0
100	65.535	101.096	11.566	66.339	0.964	0.64	40000.0
