MutationType	SBS96A	SBS96B	SBS96C	SBS96D	SBS96E	SBS96F	SBS96G	SBS96H
A[C>A]A	0.027369895071260544	0.04065307537228307	0.0006626081680178686	0.024135163187421017	0.006697099259029591	0.0012801978333895647	0.00025466238569953113	0.005172424872241095
A[C>A]C	0.04022103840485215	0.02416711056008353	0.002237900814943714	0.009584020955023764	0.006607656139554257	0.0003057391030266388	0.002337081557463394	0.012036152936492288
A[C>A]G	0.030741230128332974	0.009928374866077222	0.0017983498372632313	0.01376439927763954	0.005702712528727331	0.00046814445355551013	0.0006499231667460492	0.0016170404336980132
A[C>A]T	0.022444851487034612	0.01999294128734731	0.000880761840740547	0.005968145382903458	0.004301398134138311	2.354833677853385e-05	0.0009856796637952314	0.008605748382843502
A[C>G]A	0.005265161908999972	0.008751044044805374	0.0017054808814370758	0.020802156943719154	0.00669833608249224	0.0005336548505280803	4.889936882079838e-09	0.002899968651867821
A[C>G]C	0.0019084447644263358	0.007947313475474265	0.0008623199385874614	0.019391137193742906	0.00611415998252078	0.0005275395044430197	0.000679052394529407	0.002088296066526851
A[C>G]G	0.0026485794606924172	0.004286081543832552	0.0007738915706613625	0.011132181970460807	0.0035455755369742624	0.00034485785854428743	0.0007949033984024112	0.005233692263427656
A[C>G]T	0.001993660454561734	0.005945917903723057	0.0023920843338601115	0.01705059584714746	0.007231754235029229	0.0003767195019290792	0.00010690115172932835	0.003719871340697409
A[C>T]A	0.008321137476013974	0.013063809850138181	0.003961093206889928	0.018926001926301977	0.01771360181597629	0.0014664882924989796	0.008977667898871005	0.010897360834787833
A[C>T]C	0.004026596973010925	0.00893278377057868	0.00026227247739379515	0.017626470094837712	0.012818160158058162	0.027923590410500763	0.015015237289480865	0.0004968792546789303
A[C>T]G	0.0011287209355264835	0.012931669359104525	0.0029602754141019295	0.027912072205509574	0.004576893754014577	0.002381587325362489	0.14695258263498545	0.0110324797509459
A[C>T]T	0.0035980576006113553	0.007632075426809024	0.0009056386000611464	0.016208024639746757	0.006749821804098701	0.005890216170810163	0.006957711353898048	0.016333412841777317
A[T>A]A	0.004400238377857022	0.0028149707300576666	0.00010814143629074735	0.0036856945607662795	0.007386475902985694	0.0016541494417469948	0.004033534238014908	0.006006667920664768
A[T>A]C	0.0026658748581256464	0.004711244713597011	0.0005199469876401963	0.0025590469441442655	0.00336632036027293	0.000561270812040675	0.015026415959000587	0.002769871718940138
A[T>A]G	0.008540932600315045	0.009477231010459235	0.0005306211898036395	0.00719211815741744	0.013665957647040159	0.0020971120946342127	3.6395060857685736e-06	0.004681315668581476
A[T>A]T	0.0019336308326455764	0.002115703356137715	7.280748231210055e-05	0.003772615241730932	0.009264729385904502	0.0032637121225707233	0.0008360675847111479	0.005891301904557622
A[T>C]A	0.003179377774830492	0.00909072729029603	0.0009498755826098204	0.009206478617000474	0.04244832634925842	0.0014133980919723399	0.005840941003344824	0.00928442017934259
A[T>C]C	0.0002797855947416703	0.0028678938292250678	0.0009272103396968135	0.007318541557178832	0.011036491747399851	8.424698115049977e-05	0.00764833472087048	0.007819374023529235
A[T>C]G	0.002356467462377623	0.010216821369458557	0.0019159860691070208	0.010676464493499224	0.05719062699005008	0.0008224077692388577	0.00398494897904051	0.01010094216798393
A[T>C]T	0.00016429481998784468	0.005237334595366287	0.0003921573101390319	0.013609728815499694	0.02291339686664287	0.0014965460510575213	0.006296792045723123	0.01495727641042322
A[T>G]A	0.00029340426766793825	0.0009273048644512727	0.00017580881362632659	0.0020157728453468414	0.002556885995731193	0.00022888465287520976	0.0007684609073609039	0.004893139161256102
A[T>G]C	0.00010889029352926017	0.0010918648703303901	0.0002383491031988516	0.0025033726817628122	0.0011436928502414644	0.0004666609073670713	0.00035200076462953866	0.006622680120635778
A[T>G]G	0.0007649927904071063	0.0022896355455912457	3.514417071702525e-05	0.006242300196984161	0.0031935460654793245	0.00197702145378571	0.0005624111247690777	0.0030558118652151693
A[T>G]T	0.00010574364049332985	0.0015191420596511612	3.620677736557276e-05	0.0011395113086903664	0.0016166853190001263	4.449888979518591e-09	0.0005939852753914821	0.014349298558976216
C[C>A]A	0.06504003676120192	0.09011228881303592	0.000985118530676914	0.0032082806789798107	0.006902551412109243	0.0025285350298509	0.0018930288544140694	0.0023983108994761436
C[C>A]C	0.09629683427512646	0.02590372979786214	0.00020497840399912092	0.001879163132149017	0.0031363688043312492	0.0009129453108471352	0.003657791338825973	0.001727299726386775
C[C>A]G	0.06371067680418491	0.011224351792718181	5.650518160823736e-05	0.005628891175521479	0.01108045964999178	0.001586596914276015	0.0007041279913809717	0.0057511358439015225
C[C>A]T	0.07758914005942642	0.01959829926123291	0.001953184799076553	0.0044626098290808614	0.003273416886933234	0.002437432205188088	0.013101972336880863	0.00045447582379305377
C[C>G]A	0.007757127567052122	0.00775812609090238	0.00416374066262506	0.024343724734741487	0.007762842421940101	0.0001735315470532406	1.1667699251205477e-08	0.0017449520307901878
C[C>G]C	0.006281772550300957	0.0113194604557895	0.0004392876996518025	0.02152714475959783	0.004532843975710399	4.1581810335658e-05	0.00035550986503029235	0.004852350330474451
C[C>G]G	0.005723815387927971	0.008945777792020174	0.0007117286091309734	0.019344457800132487	0.005370332867694714	0.0009210337679542136	8.817162036756087e-06	0.003314072572706479
C[C>G]T	0.006083824163317039	0.01116577862040625	0.005112556153908372	0.022561113748233764	0.01040465122225065	0.0007098253000003751	5.5423290640232996e-09	0.0021282340376342934
C[C>T]A	0.01944588655140251	0.018135237299025563	0.008932704676408321	0.026881284965202586	0.014193894348573398	0.07320664018392563	0.00015746562333646927	0.026450161897810177
C[C>T]C	0.01229630810262155	0.0044112869203547685	0.0	0.008425353902184175	0.008811226567358353	0.15597307786345482	0.0021579601034885498	3.5283210266783274e-05
C[C>T]G	0.006674859548389094	0.019915296411194702	0.00656169939757092	0.030223151890386397	0.013902907651184364	0.03894928712397814	0.11176843317225575	0.008059260372346411
C[C>T]T	0.012427720377454534	0.01583355594473129	0.004313464606736694	0.024476582533679903	0.014639538373348339	0.09796191439032555	2.2284103025072e-08	0.010928073773804794
C[T>A]A	0.006462986223923508	0.006936125157883677	9.425867186148462e-05	0.007631958759355655	0.005365676358645146	0.0006505345848017896	0.0006566556671278079	0.0028076181244480834
C[T>A]C	0.010768057084642351	0.007963972407742475	0.0008088750645401888	0.007933386720833385	0.006558014494657982	0.0010874607122968883	0.0031119001431943617	0.008865523505362773
C[T>A]G	0.0398250250518322	0.0164927232201743	0.0012172531125732178	0.021520333552538632	0.015070925947422893	0.000910741962179431	0.00017777370322866304	0.008050379080089981
C[T>A]T	0.00816855152757185	0.010346522938944079	0.0003263586374450078	0.010215975958665524	0.008895376016380397	0.0012848131917417049	3.334858107550076e-05	0.014695239424472675
C[T>C]A	0.002801893549185479	0.0067586977678001856	0.0010626587368642504	0.003615734002160025	0.020894325129413013	0.001548111996089574	0.0018263438730769799	0.008299144647025969
C[T>C]C	0.001252366587948101	0.004926098581490838	0.001262705233602901	0.00881979657532611	0.011710123147058766	5.00518958405749e-05	0.0026406149700176286	0.02150308719894383
C[T>C]G	0.00584756518190261	0.012363737350606243	0.0006676763647490125	0.009514821338816567	0.04356410428881645	0.00033106286308793643	0.004992655961180504	0.03164395680272719
C[T>C]T	0.0007152568296105954	0.005429325088005505	0.00011641736813658099	0.006831859661276971	0.029957101703621446	0.00384976927889511	0.00030711851739614437	0.03624353749677539
C[T>G]A	0.00013960594301746455	0.0007916272742009766	0.00011177233126321795	0.0031306895326491794	0.003257764744589977	0.00013303894619558942	0.00021770643098310673	0.0012871979942043765
C[T>G]C	5.739698609112627e-05	0.002171609781523216	0.0002753314236864876	0.0038395696605040275	0.003910085152838718	0.00041820416343929523	0.001680297919050311	0.011812275294214487
C[T>G]G	0.003600207843846874	0.005376002536996143	0.00035107726766936317	0.012807064313674345	0.009170912350527942	0.0008566325677384157	0.0030174245637765297	0.007338095336017432
C[T>G]T	1.1681930581390887e-05	0.003431462528156253	0.00010188925698995987	0.0024554977199761296	0.002825541828435725	0.00017489927291725494	0.00032531116904630506	0.060035513596881175
G[C>A]A	0.023180669352935356	0.05968410501722363	0.0022547751295610395	0.015096665813189131	0.0074929225778351686	0.0014954871389656432	0.003283362213108063	0.004285016336960847
G[C>A]C	0.045096093928441404	0.032208496641835206	0.0015379199899325613	0.011068345019884874	0.013725981699535624	0.0007147169015568977	0.004115484492158146	0.00861174821936694
G[C>A]G	0.02967359065078199	0.026312676035015862	0.0014007346341907124	0.011900504752024567	0.01824100939884488	1.3404823917539943e-10	0.0018406064997931538	0.003925047466394886
G[C>A]T	0.02495388807496056	0.02122906726668589	0.002136627331492491	0.01184568842232693	0.00849554402200738	0.0002158330777497497	0.008257354814559222	0.006755572384136032
G[C>G]A	0.006676204021513286	0.005162717841309927	0.0025230332447972615	0.014237207807400622	0.002804700935767617	3.7489775639443226e-09	0.00015303177129606383	0.0010105288263111067
G[C>G]C	0.004512886353161517	0.010140354175471428	0.0015272197539525224	0.016719541906392976	0.008911963939026464	0.00020150667347479666	0.001452363982083007	0.003612227527778558
G[C>G]G	0.006114032176942317	0.008303446683952482	0.0005951878161987878	0.0075028955448828835	0.00451339576813389	0.0006421244469083831	2.1504862737273812e-05	0.001404280180529085
G[C>G]T	0.003724760499317199	0.006704673145008968	0.00396324054338038	0.013631770261931707	0.004939578899627861	1.3097574935727608e-09	0.0007932638017297236	0.00539554186358842
G[C>T]A	0.002159221186886319	0.017006280481000433	0.004560880379497689	0.01900067814218346	0.02550498997993259	0.0010630941904673818	0.037585152983665465	0.010098078718619945
G[C>T]C	0.005061154515424278	0.00993247048856574	0.0008438999074678578	0.011646630845789332	0.019579093730426392	0.022709846403449772	0.06766581431031227	0.006646399199817097
G[C>T]G	0.002531640301061011	0.0018656279756962902	0.0017505820638132486	0.0015596780593671647	0.008478375019591766	0.001542577522341162	0.2613339115679264	0.002045372573543034
G[C>T]T	0.0027256081563814404	0.012747031451144721	0.0016800651908124564	0.018260252295294776	0.008710734940250405	0.011069550635293126	0.046342143788933754	0.0032459302873576235
G[T>A]A	0.003878697377599565	0.009625082037964604	0.0003666710759489433	0.00463180685895729	0.012820686302561012	0.00048710812827495786	0.0004160819017559092	0.0035765602567158794
G[T>A]C	0.003988418089975312	0.004707894293884749	2.804191173709114e-05	0.005586682601803545	0.004481143225440291	0.000278137850755229	0.006983376075513661	0.0031684580917112726
G[T>A]G	0.009814797872677477	0.010387994316694744	0.0005403158979231648	0.015041319113224745	0.011140781494024737	0.0005155616382730166	0.0005418252751091046	0.001268103808133958
G[T>A]T	0.0031139519364971036	0.005259155858780566	0.00010556764099131755	0.008366601448953986	0.004794363551521634	0.0008447548647018266	0.00012735300515370084	0.003298106097167377
G[T>C]A	0.0014532472091013915	0.004375900623012967	0.0006158700962532748	0.0026215964454309325	0.03879213775973767	0.0003656315258194809	0.014438453103405208	0.007663994506034015
G[T>C]C	0.0002346603011029913	0.002913131671947077	0.0005841115894025961	0.0036366609221630598	0.011128576160558623	1.2114186098699519e-10	0.021748264040797948	0.0036731123364256747
G[T>C]G	0.0007237316238837366	0.0034178052375588653	0.0008399035255149556	0.0062561860325513405	0.039806614182889465	0.0004318196449706591	0.009665108443575718	0.005551019593896882
G[T>C]T	0.00035075633619271687	0.0028339012625314907	0.00035573209896483604	0.010155773981418861	0.017726485873572527	0.006543777489569038	0.012004239088855683	0.006575589220460951
G[T>G]A	0.00033188372432331193	0.001869135653635361	0.0004571168153795213	0.004234111118711894	0.0010187649486069717	0.00038024124801985695	0.00021372148378610235	0.0016454251472518067
G[T>G]C	0.0002646403974961125	0.0009658950077206896	0.0004131655620668795	0.001750408399675507	0.0006834031269081464	7.415036895608296e-10	0.0039895587391947625	0.0032329096004161785
G[T>G]G	0.0009751504693758761	0.0032620782072338983	0.00010292961731492412	0.010329292016435829	0.0044020217734673395	0.001035598324087914	0.00045104808801914585	0.002576222262057755
G[T>G]T	0.00024330756300654067	0.0011446921232105734	0.00010067266924124852	0.0016066606354434043	0.001277363290387008	0.0006683998659718782	0.00202948112970148	0.01677418638300878
T[C>A]A	0.031238202336244286	0.036171114031603224	0.021391338855028152	0.010246253894583788	0.011376425431808456	0.0020240422047208993	0.0013642790360323786	0.016761480005661723
T[C>A]C	0.06489478193223476	0.035074131163032436	0.013109796370845288	0.028866169558775724	0.006080339641510331	0.0019470116432057693	0.00222886313278309	0.012852091186214238
T[C>A]G	0.018454300365410747	0.01641172252461928	0.006027879896573722	0.012321182354561888	0.01438937218882387	0.0003151192047382079	0.00019960500637584034	0.0010002840471097585
T[C>A]T	0.037216458739712834	0.037034045776817945	0.011655551108997315	0.012847549895863467	0.0087553201952133	0.0012493853480646066	0.007131809017087107	0.006617496987020104
T[C>G]A	0.00037604327916252714	0.0019117532596438684	0.18404653191566467	0.015117873389815913	0.006118260434306393	6.73224882526835e-05	3.5571634818154505e-07	0.0005214031618080117
T[C>G]C	0.004527012671751436	0.007714802697300911	0.05561575405299664	0.031971295460825784	0.01212085474881235	0.0007075973683435067	0.0012404623291809003	0.0030736292591386507
T[C>G]G	0.0022637652332421964	0.0030742997273628396	0.023000060971826317	0.011265918558715953	0.0030476722514013043	0.0006841793013882125	0.00010527459750882429	0.0008284965537100139
T[C>G]T	0.0004428792541148141	0.0042003154361594875	0.19440311536192895	0.02420028913519797	0.018683909461483253	0.00018794631339943635	0.004838184239029971	0.007549311064940483
T[C>T]A	0.0016001345326770928	0.0015205791695061424	0.1901676527075233	0.0004394253144585443	0.0013725440512089905	0.06731312766703695	0.002385707916344444	0.12995795074850322
T[C>T]C	0.0003480721453046189	0.002106773815180321	0.05122378121130169	0.0008229452641023621	0.00044363753583622064	0.2587233501672745	0.0006408993750803769	0.018438500085698643
T[C>T]G	2.626475023754793e-05	0.001433386891413676	0.06470003331080079	0.0022114484437550895	0.0003008642883852986	0.07996722806245088	0.06025444082915783	0.020032519026390715
T[C>T]T	0.003978172745119082	0.008342150634908308	0.08722697835628916	0.0016880621411998037	0.005383893150453148	0.07830295681953431	0.002597358508097827	0.08006391271948815
T[T>A]A	0.003333029300556518	0.003793726608309953	0.0002986905598663725	0.003956147764984053	0.005967629964207727	0.0005094912981473954	0.001918478486522872	0.0035517503345909064
T[T>A]C	0.00289565748989844	0.006010902951837589	3.868757339660078e-06	0.0051829986855617	0.006402411566668888	0.0013373056569253095	0.004480299204096809	0.005769069948000833
T[T>A]G	0.007737140110693963	0.005102976890721038	0.00031523385780964476	0.005776135562370542	0.008005353499833915	0.0013812643708661198	0.0004656715848886961	0.004082602037712917
T[T>A]T	0.0020983242556394544	0.005534057387345969	1.4036096164318224e-05	0.007116890167446854	0.004787257188874534	0.0039279301511123774	4.2747633344220045e-09	0.009086861488436267
T[T>C]A	0.0010485211099148758	0.0029323707213507076	0.0005110416527612927	0.005657239884852743	0.017062001125887037	0.0008143256987932546	0.0036416750686476007	0.007165366680710577
T[T>C]C	0.00011791801371145994	0.0014754190486564766	0.0005859644557676802	0.006908212170819752	0.009793474436592078	0.0015201689084642566	0.00988369990605861	0.010639007023710291
T[T>C]G	0.0006055377318779165	0.0018712678597220035	0.00021071826631519742	0.0023416634890600107	0.026870676828548313	0.0015337815135220013	0.0050273901234345435	0.01341853962752566
T[T>C]T	7.919153940747493e-05	0.002505154933855014	0.0001854989098271176	0.008301947576838983	0.013073981537017972	0.0021094042848562823	0.002354388333578905	0.012036992265615245
T[T>G]A	0.00011693602367554234	0.0014963266360064154	0.0003312712762683768	0.0032322788035444284	0.001928287161806992	0.00016795311586535023	0.00033231503133725583	0.005164361616480164
T[T>G]C	8.949472274393245e-06	0.002044541902155217	0.00015981349426414938	0.0027068757693672297	0.0028190352085835004	0.00033755243183081874	0.00046745329889695596	0.015073826234438457
T[T>G]G	0.0013280858038299925	0.0037299545101219067	0.0003207399854710147	0.004412063251491745	0.004362527764203889	0.00043219458841420533	0.0001156327636739364	0.008850843589170836
T[T>G]T	4.2004720463739706e-05	0.0025454459438033973	7.420140410344007e-05	0.0020216973360097333	0.001652344985960621	0.0009481880763713235	0.00042198936573962343	0.0404336831142092
