Samples	SBS96A	SBS96B	SBS96C	SBS96D	SBS96E	SBS96F	SBS96G	SBS96H	SBS96I
TCGA-3C-AAAU-01	2	2	14	10	7	0	0	10	0
TCGA-3C-AALI-01	330	243	23	112	0	85	0	8	7
TCGA-3C-AALJ-01	7	1	3	2	0	28	22	0	3
TCGA-3C-AALK-01	5	7	14	1	0	5	18	3	11
TCGA-4H-AAAK-01	0	0	7	2	0	15	5	4	0
TCGA-5L-AAT0-01	63	81	5	116	0	0	14	0	0
TCGA-5L-AAT1-01	704	750	11	444	0	29	0	0	48
TCGA-5T-A9QA-01	0	2	22	5	2	0	18	2	2
TCGA-A1-A0SB-01	0	0	3	1	0	7	0	5	0
TCGA-A1-A0SD-01	0	1	10	0	2	24	0	3	0
TCGA-A1-A0SE-01	0	3	1	13	0	2	8	3	6
TCGA-A1-A0SF-01	6	29	6	18	0	0	4	1	0
TCGA-A1-A0SG-01	0	0	7	10	0	16	0	2	0
TCGA-A1-A0SH-01	32	38	5	12	0	0	20	2	29
TCGA-A1-A0SI-01	124	80	3	50	0	16	0	5	0
TCGA-A1-A0SJ-01	5	5	14	0	4	0	8	2	2
TCGA-A1-A0SK-01	0	1	11	0	30	40	0	0	2
TCGA-A1-A0SM-01	0	0	8	5	0	6	0	6	7
TCGA-A1-A0SN-01	18	6	15	15	13	1	5	2	1
TCGA-A1-A0SO-01	14	11	10	9	120	33	27	18	111
TCGA-A1-A0SP-01	0	2	10	6	15	0	37	0	0
TCGA-A2-A04N-01	0	6	10	5	5	20	0	4	3
TCGA-A2-A04R-01	7	1	10	10	32	2	0	8	32
TCGA-A2-A04U-01	1	0	9	4	17	31	0	5	0
TCGA-A2-A04W-01	56	38	9	42	0	31	0	11	0
TCGA-A2-A0CK-01	0	4	12	3	1	3	1	2	1
TCGA-A2-A0CL-01	70	62	21	19	0	26	0	2	0
TCGA-A2-A0CR-01	82	94	5	18	0	4	1	6	0
TCGA-A2-A0CS-01	0	1	17	0	2	8	11	4	5
TCGA-A2-A0CV-01	2	0	11	2	2	0	1	2	4
TCGA-A2-A0CW-01	12	18	16	3	11	4	0	0	20
TCGA-A2-A0D3-01	0	2	22	0	0	0	2	0	6
TCGA-A2-A0EN-01	0	2	5	0	1	24	5	2	0
TCGA-A2-A0EP-01	4	1	0	2	0	0	6	3	0
TCGA-A2-A0ES-01	0	0	1	2	0	5	11	0	0
TCGA-A2-A0EW-01	1	0	5	3	4	0	0	7	0
TCGA-A2-A0ST-01	2	2	5	3	1	10	0	5	0
TCGA-A2-A0SU-01	1	1	6	0	11	0	16	0	0
TCGA-A2-A0SX-01	3	4	6	0	0	0	11	3	14
TCGA-A2-A0SY-01	67	44	13	41	0	11	0	1	0
TCGA-A2-A0T0-01	15	11	7	0	79	0	35	34	36
TCGA-A2-A0T1-01	0	0	5	3	0	15	3	6	0
TCGA-A2-A0T3-01	1	1	13	0	0	0	0	0	29
TCGA-A2-A0T4-01	6	4	9	0	13	0	4	5	0
TCGA-A2-A0T5-01	0	1	8	0	2	2	0	0	0
TCGA-A2-A0T6-01	0	4	15	0	2	5	2	0	0
TCGA-A2-A0T7-01	0	3	10	1	7	5	0	3	0
TCGA-A2-A0YC-01	2	5	9	0	12	0	1	1	2
TCGA-A2-A0YD-01	16	24	7	6	0	34	0	0	0
TCGA-A2-A0YE-01	1	7	14	2	0	0	0	1	18
TCGA-A2-A0YF-01	0	2	8	2	0	0	3	1	23
TCGA-A2-A0YG-01	0	7	14	12	14	13	11	7	0
TCGA-A2-A0YH-01	26	16	8	10	5	19	13	0	3
TCGA-A2-A0YI-01	1	0	0	3	0	6	5	1	2
TCGA-A2-A0YJ-01	6	1	26	1	40	2	4	10	8
TCGA-A2-A0YK-01	230	181	4	61	0	0	0	2	0
TCGA-A2-A0YL-01	11	14	2	1	0	0	15	0	0
TCGA-A2-A0YM-01	18	14	26	22	14	5	0	10	0
TCGA-A2-A0YT-01	2	15	22	16	13	0	0	6	7
TCGA-A2-A1FV-01	0	9	11	0	5	13	9	3	0
TCGA-A2-A1FW-01	4	1	18	7	0	19	23	2	21
TCGA-A2-A1FX-01	0	0	7	6	2	0	0	1	12
TCGA-A2-A1FZ-01	0	0	7	3	1	8	0	9	1
TCGA-A2-A1G0-01	0	3	0	0	3	14	1	0	2
TCGA-A2-A1G1-01	0	4	3	0	9	11	8	0	4
TCGA-A2-A1G6-01	1	0	2	0	3	0	3	1	0
TCGA-A2-A259-01	1	2	3	10	3	7	3	0	0
TCGA-A2-A25A-01	32	41	8	20	8	0	5	3	12
TCGA-A2-A25B-01	3	3	10	21	35	6	22	6	22
TCGA-A2-A25C-01	1	2	0	2	0	0	3	9	22
TCGA-A2-A25D-01	4	5	4	2	5	9	31	3	1
TCGA-A2-A25E-01	1	6	2	0	20	12	13	7	0
TCGA-A2-A25F-01	0	0	0	0	2	0	1	0	3
TCGA-A2-A3KD-01	0	2	5	1	0	5	2	3	0
TCGA-A2-A3XT-01	25	3	0	0	42	21	14	14	3
TCGA-A2-A3XU-01	0	1	13	0	9	2	0	6	0
TCGA-A2-A3XV-01	0	0	6	3	2	6	26	5	0
TCGA-A2-A3XW-01	0	2	4	2	3	2	0	4	0
TCGA-A2-A3XX-01	0	4	10	1	15	12	7	3	0
TCGA-A2-A3XZ-01	13	8	9	7	2	11	0	2	0
TCGA-A2-A3Y0-01	43	11	20	0	96	0	25	34	14
TCGA-A2-A4S1-01	4	4	19	0	17	0	0	12	42
TCGA-A2-A4S2-01	0	7	6	0	4	6	13	6	1
TCGA-A2-A4S3-01	7	7	14	4	10	21	18	10	16
TCGA-A7-A0CE-01	2	4	4	7	18	0	13	7	6
TCGA-A7-A0CH-01	0	0	3	6	6	0	0	2	0
TCGA-A7-A0D9-01	1	2	1	3	0	0	5	0	0
TCGA-A7-A0DA-01	11	10	12	1	101	9	8	11	24
TCGA-A7-A0DB-01	10	11	13	4	3	0	0	6	6
TCGA-A7-A13D-01	12	4	14	10	74	15	4	7	0
TCGA-A7-A13E-01	4	0	36	5	7	13	11	4	0
TCGA-A7-A13F-01	3	0	15	10	0	11	0	4	2
TCGA-A7-A13G-01	2	8	8	0	8	0	3	3	0
TCGA-A7-A26E-01	1	17	14	5	0	26	0	4	0
TCGA-A7-A26F-01	0	3	7	1	0	32	0	0	3
TCGA-A7-A26G-01	8	9	5	0	12	4	8	3	19
TCGA-A7-A26H-01	46	32	29	22	0	1	0	2	18
TCGA-A7-A26I-01	2	5	4	2	9	8	4	4	8
TCGA-A7-A26J-01	1	0	4	9	7	11	0	0	10
TCGA-A7-A2KD-01	2	7	20	3	11	0	8	2	2
TCGA-A7-A3RF-01	0	2	3	0	2	18	8	5	2
TCGA-A7-A425-01	0	0	11	1	2	10	3	2	4
TCGA-A7-A4SC-01	0	2	12	6	0	0	0	1	17
TCGA-A7-A4SD-01	0	1	25	0	9	15	0	8	4
TCGA-A7-A4SE-01	30	12	0	6	44	0	45	6	3
TCGA-A7-A56D-01	45	59	30	36	10	0	30	0	15
TCGA-A7-A5ZV-01	29	7	35	14	108	10	1	33	31
TCGA-A7-A5ZW-01	6	5	4	0	0	13	0	8	0
TCGA-A7-A5ZX-01	0	4	5	11	10	4	0	5	3
TCGA-A7-A6VV-01	8	1	16	4	14	11	5	5	0
TCGA-A7-A6VW-01	3	5	4	0	30	31	6	13	0
TCGA-A7-A6VX-01	10	27	0	11	43	27	37	11	11
TCGA-A7-A6VY-01	14	4	7	19	60	0	20	12	0
TCGA-A8-A075-01	11	14	8	18	30	0	13	1	5
TCGA-AC-A23C-01	21	32	9	12	10	0	20	16	25
TCGA-AC-A23E-01	0	0	10	1	5	2	0	0	6
TCGA-AC-A23H-01	3014	2464	0	423	0	215	0	0	262
TCGA-AC-A2B8-01	42	43	9	26	6	0	0	2	0
TCGA-AC-A2BK-01	5	0	27	2	44	0	13	13	6
TCGA-AC-A2BM-01	3	0	5	0	4	0	13	0	1
TCGA-AC-A2FB-01	0	4	3	2	3	0	1	4	0
TCGA-AC-A2FF-01	3	0	0	8	0	0	0	0	0
TCGA-AC-A2FG-01	0	7	4	0	0	25	0	3	0
TCGA-AC-A2FK-01	0	0	0	3	0	0	0	0	0
TCGA-AC-A2FO-01	5	5	2	12	3	0	0	0	0
TCGA-AC-A2QH-01	2	2	9	0	1	0	8	2	3
TCGA-AC-A3HN-01	2	2	6	0	3	0	6	3	0
TCGA-AC-A3OD-01	0	7	8	3	0	5	10	1	5
TCGA-AC-A3QP-01	0	0	0	0	2	22	0	6	5
TCGA-AC-A3QQ-01	1	0	12	5	2	0	15	0	1
TCGA-AC-A3W5-01	43	22	14	12	74	0	43	3	0
TCGA-AC-A3YI-01	0	0	4	5	3	0	0	4	2
TCGA-AC-A3YJ-01	1	4	12	6	0	0	4	4	7
TCGA-AC-A4ZE-01	0	9	11	0	8	8	26	7	5
TCGA-AC-A5EH-01	13	11	12	12	71	20	10	22	34
TCGA-AC-A5EI-01	0	10	9	3	4	12	0	5	0
TCGA-AC-A5XS-01	256	222	0	209	0	28	0	0	0
TCGA-AC-A5XU-01	6	9	45	25	3	0	6	7	12
TCGA-AC-A62V-01	6	3	38	4	13	0	23	3	16
TCGA-AC-A62X-01	3	0	46	5	0	0	0	7	26
TCGA-AC-A62Y-01	17	13	18	8	14	0	6	13	0
TCGA-AC-A6IV-01	0	0	3	4	0	18	1	1	0
TCGA-AC-A6IW-01	63	26	27	30	39	0	40	6	0
TCGA-AC-A6IX-01	7	23	10	3	1	2	18	7	0
TCGA-AC-A6NO-01	0	2	6	2	0	15	15	3	0
TCGA-AC-A7VB-01	0	0	14	0	0	1	16	2	2
TCGA-AC-A7VC-01	0	0	6	2	0	11	5	2	0
TCGA-AC-A8OP-01	16	10	48	23	44	3	18	32	50
TCGA-AC-A8OQ-01	1	18	21	0	6	50	38	0	3
TCGA-AC-A8OR-01	0	1	9	0	7	0	12	1	2
TCGA-AC-A8OS-01	4	14	9	2	17	17	4	12	0
TCGA-AN-A0XL-01	0	0	8	8	0	4	0	6	14
TCGA-AN-A0XN-01	13	2	6	8	45	22	27	23	29
TCGA-AN-A0XO-01	1	7	2	7	2	16	0	8	0
TCGA-AN-A0XP-01	4	5	6	0	2	0	4	7	6
TCGA-AN-A0XR-01	2	4	5	0	6	3	18	0	0
TCGA-AN-A0XS-01	0	7	3	0	0	7	15	0	0
TCGA-AN-A0XT-01	0	0	8	1	0	9	3	1	0
TCGA-AN-A0XU-01	14	5	7	0	37	28	4	8	34
TCGA-AN-A0XV-01	4	0	9	4	6	10	4	7	0
TCGA-AN-A0XW-01	224	165	0	10	0	24	0	0	0
TCGA-AO-A03M-01	578	381	0	170	0	21	0	0	0
TCGA-AO-A03N-01	39	32	15	42	0	0	0	5	1
TCGA-AO-A03U-01	1	0	0	3	0	0	0	0	1
TCGA-AO-A03V-01	6	6	1	13	0	28	10	0	8
TCGA-AO-A0JG-01	0	2	0	0	2	0	3	3	11
TCGA-AO-A124-01	8	1	15	18	68	4	10	14	40
TCGA-AO-A125-01	1	4	15	2	10	6	0	3	4
TCGA-AO-A126-01	0	3	3	0	0	19	0	0	0
TCGA-AO-A128-01	16	17	422	0	0	0	179	576	0
TCGA-AO-A129-01	20	13	8	0	37	17	13	18	18
TCGA-AO-A12A-01	0	5	10	0	1	0	0	2	1
TCGA-AO-A12B-01	0	1	10	0	9	0	0	3	0
TCGA-AO-A12D-01	7	20	7	18	0	20	0	0	1
TCGA-AO-A12E-01	0	2	12	2	6	7	4	0	0
TCGA-AO-A12F-01	0	0	19	0	7	0	5	2	7
TCGA-AO-A12G-01	3	3	9	3	0	15	5	4	0
TCGA-AO-A12H-01	0	0	5	3	0	15	5	2	0
TCGA-AO-A1KO-01	0	0	0	1	3	3	0	3	0
TCGA-AO-A1KR-01	7	6	8	0	39	19	0	10	0
TCGA-AO-A1KT-01	0	4	12	1	11	8	0	15	0
TCGA-AQ-A04H-01	4	3	39	0	0	8	10	6	11
TCGA-AQ-A0Y5-01	10	10	23	5	13	4	0	5	0
TCGA-AQ-A1H2-01	0	2	10	2	5	11	0	4	0
TCGA-AQ-A1H3-01	0	0	21	0	5	0	0	1	0
TCGA-AQ-A54O-01	0	4	8	0	6	0	1	2	4
TCGA-AQ-A7U7-01	27	32	7	3	0	13	11	3	0
TCGA-AR-A0TP-01	4	4	0	0	32	8	9	11	3
TCGA-AR-A0TQ-01	2	11	8	6	1	0	9	0	12
TCGA-AR-A0TR-01	1	2	12	6	3	0	9	9	0
TCGA-AR-A0TS-01	8	6	16	0	29	0	10	5	16
TCGA-AR-A0TT-01	6	9	19	7	16	0	9	9	0
TCGA-AR-A0TU-01	8	4	10	0	29	4	11	5	19
TCGA-AR-A0TV-01	2	3	14	4	8	24	23	1	0
TCGA-AR-A0TW-01	1	2	16	0	7	20	0	4	17
TCGA-AR-A0TX-01	165	153	0	43	0	46	0	0	0
TCGA-AR-A0TZ-01	13	11	13	6	0	6	0	2	16
TCGA-AR-A0U0-01	7	1	5	8	6	8	5	0	10
TCGA-AR-A0U1-01	13	0	3	13	40	0	0	22	18
TCGA-AR-A0U2-01	0	0	19	2	2	0	29	2	2
TCGA-AR-A0U3-01	0	0	10	6	0	0	15	1	8
TCGA-AR-A0U4-01	43	13	9	16	53	0	1	12	54
TCGA-AR-A1AH-01	7	3	10	0	12	0	19	20	49
TCGA-AR-A1AI-01	12	2	9	16	0	30	16	4	0
TCGA-AR-A1AJ-01	8	18	13	0	0	10	0	4	0
TCGA-AR-A1AK-01	18	15	15	15	0	1	0	3	15
TCGA-AR-A1AL-01	3	4	6	5	2	0	0	9	1
TCGA-AR-A1AN-01	3	0	11	3	0	12	0	2	0
TCGA-AR-A1AO-01	15	10	12	18	47	6	0	7	7
TCGA-AR-A1AP-01	4	3	17	9	0	13	4	1	0
TCGA-AR-A1AQ-01	2	1	10	2	15	0	5	6	0
TCGA-AR-A1AR-01	7	3	15	1	16	0	0	4	17
TCGA-AR-A1AS-01	2	11	5	4	3	0	14	2	0
TCGA-AR-A1AT-01	1	1	8	0	19	0	0	3	0
TCGA-AR-A1AU-01	1	0	8	6	5	1	1	4	0
TCGA-AR-A1AV-01	1	2	18	12	0	0	2	6	8
TCGA-AR-A1AW-01	1	2	8	0	4	0	19	5	2
TCGA-AR-A1AX-01	0	0	3	11	0	15	2	1	0
TCGA-AR-A1AY-01	5	7	13	8	7	7	13	6	6
TCGA-AR-A24H-01	20	8	10	0	48	6	21	1	38
TCGA-AR-A24K-01	0	0	3	1	9	15	2	4	0
TCGA-AR-A24L-01	6	1	2	1	27	0	11	2	3
TCGA-AR-A24M-01	0	1	5	0	2	0	0	10	7
TCGA-AR-A24N-01	0	6	14	0	0	0	20	2	5
TCGA-AR-A24O-01	1	0	5	0	0	6	9	0	1
TCGA-AR-A24P-01	0	0	4	3	0	10	1	1	0
TCGA-AR-A24Q-01	19	18	0	14	83	0	48	11	39
TCGA-AR-A24R-01	0	1	11	0	7	0	0	7	0
TCGA-AR-A24S-01	4	7	15	1	3	5	6	9	7
TCGA-AR-A24T-01	0	1	8	0	0	11	0	0	4
TCGA-AR-A24U-01	9	8	10	13	2	2	0	0	0
TCGA-AR-A24V-01	3	2	11	4	0	1	0	4	3
TCGA-AR-A24W-01	0	0	0	5	0	0	9	0	0
TCGA-AR-A24X-01	0	0	5	3	0	17	4	4	1
TCGA-AR-A24Z-01	3	4	12	2	15	6	10	1	3
TCGA-AR-A250-01	45	14	31	24	0	24	6	4	7
TCGA-AR-A251-01	31	6	9	5	90	0	16	16	32
TCGA-AR-A252-01	0	0	9	1	0	0	6	3	0
TCGA-AR-A254-01	0	3	11	6	0	12	5	0	5
TCGA-AR-A255-01	15	14	8	0	0	15	0	6	31
TCGA-AR-A256-01	15	12	7	29	104	13	13	17	14
TCGA-AR-A2LE-01	112	147	1	134	0	0	0	0	0
TCGA-AR-A2LH-01	14	20	4	25	0	6	0	2	0
TCGA-AR-A2LK-01	0	4	19	8	5	2	1	7	2
TCGA-AR-A2LL-01	0	0	11	0	0	19	0	0	7
TCGA-AR-A2LM-01	0	0	0	3	2	10	0	2	0
TCGA-AR-A2LN-01	4	12	7	26	0	0	0	5	0
TCGA-AR-A2LO-01	1	2	3	0	5	5	0	0	1
TCGA-AR-A2LQ-01	0	0	4	0	5	2	0	2	0
TCGA-AR-A2LR-01	1	2	12	2	7	10	19	0	17
TCGA-AR-A5QM-01	0	0	9	1	2	13	4	2	5
TCGA-AR-A5QN-01	0	5	18	4	0	0	19	3	0
TCGA-AR-A5QP-01	0	3	7	2	0	9	6	5	2
TCGA-AR-A5QQ-01	8	5	9	4	35	0	17	16	2
TCGA-B6-A0I1-01	0	5	11	0	14	50	0	0	0
TCGA-B6-A0IH-01	0	2	13	4	0	0	20	2	0
TCGA-B6-A0RH-01	5	9	5	4	4	17	0	1	0
TCGA-B6-A0RL-01	5	14	21	1	7	0	13	3	5
TCGA-B6-A0RM-01	0	6	10	0	0	4	14	2	0
TCGA-B6-A0RN-01	0	2	12	1	3	5	5	5	0
TCGA-B6-A0RO-01	0	3	0	3	6	13	14	4	0
TCGA-B6-A0RP-01	0	0	6	4	0	0	16	0	4
TCGA-B6-A0RQ-01	4	10	8	20	4	0	0	8	2
TCGA-B6-A0RT-01	15	2	5	0	26	14	0	3	7
TCGA-B6-A0RU-01	1	4	11	12	8	0	0	12	10
TCGA-B6-A0RV-01	20	26	5	0	0	16	0	0	0
TCGA-B6-A0WS-01	2	2	2	1	0	0	0	7	4
TCGA-B6-A0WT-01	0	0	7	6	0	0	0	6	3
TCGA-B6-A0WV-01	4	0	2	5	1	2	22	1	0
TCGA-B6-A0WW-01	4	7	11	5	5	0	0	5	10
TCGA-B6-A0WX-01	1	0	11	0	5	10	0	7	11
TCGA-B6-A0WY-01	2	5	7	0	4	3	9	5	0
TCGA-B6-A0WZ-01	21	46	2	14	4	2	5	0	1
TCGA-B6-A0X0-01	0	2	3	1	0	10	0	0	9
TCGA-B6-A0X1-01	13	2	2	20	25	5	12	13	0
TCGA-B6-A0X4-01	0	0	4	6	0	8	0	0	4
TCGA-B6-A0X5-01	1	3	2	7	0	7	0	7	21
TCGA-B6-A0X7-01	1	3	6	3	0	7	3	0	0
TCGA-B6-A1KN-01	3	1	9	5	0	0	18	6	30
TCGA-B6-A2IU-01	0	14	12	6	0	8	9	5	0
TCGA-B6-A401-01	1	0	7	2	0	3	15	0	0
TCGA-B6-A409-01	2	3	13	2	6	17	4	3	6
TCGA-B6-A40B-01	4	12	8	5	6	0	23	2	6
TCGA-B6-A40C-01	0	3	21	0	0	15	0	2	13
TCGA-BH-A0AU-01	2	1	5	0	0	4	9	0	2
TCGA-BH-A0AV-01	11	3	0	9	27	0	30	7	0
TCGA-BH-A0AY-01	0	5	7	1	0	23	0	0	10
TCGA-BH-A0AZ-01	7	12	0	0	16	6	8	5	16
TCGA-BH-A0B0-01	21	41	7	30	0	0	0	0	0
TCGA-BH-A0B3-01	1	2	6	0	5	0	0	0	4
TCGA-BH-A0B6-01	483	505	4	234	0	64	0	0	0
TCGA-BH-A0B7-01	7	3	13	9	8	0	0	1	1
TCGA-BH-A0B8-01	0	3	0	9	4	2	16	0	0
TCGA-BH-A0BA-01	3	5	5	0	3	0	11	2	0
TCGA-BH-A0BC-01	3	8	11	7	1	11	2	2	0
TCGA-BH-A0BF-01	7	1	8	0	5	2	6	4	0
TCGA-BH-A0BG-01	4	6	7	0	21	0	4	3	0
TCGA-BH-A0BJ-01	0	0	1	2	0	6	2	1	5
TCGA-BH-A0BL-01	2	0	12	1	24	10	0	0	20
TCGA-BH-A0BM-01	0	3	1	0	0	0	4	0	11
TCGA-BH-A0BO-01	3	0	3	1	0	12	1	11	0
TCGA-BH-A0BP-01	30	17	32	31	24	9	25	0	28
TCGA-BH-A0BQ-01	0	3	9	0	1	5	5	0	7
TCGA-BH-A0BS-01	0	1	4	0	9	3	4	2	0
TCGA-BH-A0BT-01	1	4	15	11	10	0	0	7	0
TCGA-BH-A0BV-01	0	3	1	1	0	8	11	0	0
TCGA-BH-A0BW-01	5	9	5	0	23	27	19	15	0
TCGA-BH-A0BZ-01	30	12	12	5	99	0	61	15	62
TCGA-BH-A0C0-01	1	4	5	3	16	1	2	11	5
TCGA-BH-A0C1-01	0	7	12	0	0	0	31	0	0
TCGA-BH-A0C3-01	0	0	1	0	1	11	0	5	0
TCGA-BH-A0C7-01	1	1	11	0	0	26	17	2	0
TCGA-BH-A0DD-01	3	3	17	5	2	0	1	6	0
TCGA-BH-A0DE-01	0	2	1	5	3	10	10	0	2
TCGA-BH-A0DG-01	7	5	0	8	0	15	4	5	3
TCGA-BH-A0DH-01	1	11	13	0	0	13	12	2	0
TCGA-BH-A0DI-01	11	10	12	4	11	0	4	2	8
TCGA-BH-A0DK-01	3	3	8	0	0	3	0	6	30
TCGA-BH-A0DL-01	5	13	19	0	4	0	11	7	6
TCGA-BH-A0DO-01	3	4	5	1	5	4	6	2	0
TCGA-BH-A0DP-01	0	4	2	4	7	0	0	2	0
TCGA-BH-A0DQ-01	2	1	10	0	1	0	18	2	1
TCGA-BH-A0DT-01	0	3	4	0	2	1	5	0	0
TCGA-BH-A0DV-01	0	3	0	0	2	0	10	0	0
TCGA-BH-A0DX-01	13	28	8	0	0	19	0	0	9
TCGA-BH-A0DZ-01	96	67	1	53	0	0	0	0	0
TCGA-BH-A0E0-01	1	0	12	5	5	0	0	1	0
TCGA-BH-A0E1-01	3	1	4	2	0	9	0	0	0
TCGA-BH-A0E9-01	0	2	12	0	5	0	5	2	2
TCGA-BH-A0EA-01	1	3	3	0	0	8	17	0	0
TCGA-BH-A0EI-01	0	0	8	6	4	0	0	5	1
TCGA-BH-A0H3-01	0	1	1	0	0	10	5	0	0
TCGA-BH-A0H5-01	56	57	0	47	0	7	0	0	2
TCGA-BH-A0H7-01	2	1	2	0	0	9	0	3	0
TCGA-BH-A0H9-01	0	4	1	0	5	5	2	3	3
TCGA-BH-A0HA-01	15	20	111	5	0	0	83	148	0
TCGA-BH-A0HI-01	1	5	9	2	0	6	0	1	11
TCGA-BH-A0HK-01	8	19	11	19	1	0	5	0	0
TCGA-BH-A0HN-01	0	4	10	4	3	13	0	0	0
TCGA-BH-A0HP-01	138	115	1	103	0	0	0	0	0
TCGA-BH-A0RX-01	1	4	24	3	1	12	0	4	0
TCGA-BH-A0W3-01	2	3	4	0	7	1	0	2	4
TCGA-BH-A0W4-01	1	5	3	5	0	21	0	4	0
TCGA-BH-A0W5-01	0	0	10	0	1	6	0	5	7
TCGA-BH-A0W7-01	110	104	0	22	0	20	0	5	0
TCGA-BH-A0WA-01	7	9	5	20	45	0	13	10	4
TCGA-BH-A18F-01	0	14	11	16	0	19	0	1	6
TCGA-BH-A18G-01	3	8	385	0	0	0	588	684	0
TCGA-BH-A18H-01	4	5	0	12	0	4	24	5	0
TCGA-BH-A18I-01	2	4	17	6	0	0	0	1	1
TCGA-BH-A18J-01	29	50	5	0	2	0	6	8	11
TCGA-BH-A18K-01	11	16	3	2	8	11	10	4	3
TCGA-BH-A18L-01	3	0	23	7	2	0	10	6	14
TCGA-BH-A18M-01	3	2	6	4	1	0	1	1	0
TCGA-BH-A18N-01	1	0	13	0	4	12	0	13	0
TCGA-BH-A18P-01	154	166	15	101	0	0	0	2	0
TCGA-BH-A18Q-01	6	1	0	5	36	19	24	3	13
TCGA-BH-A18R-01	1	3	0	6	16	12	0	4	0
TCGA-BH-A18S-01	3	0	3	3	5	0	5	9	9
TCGA-BH-A18T-01	10	6	3	0	45	11	22	5	0
TCGA-BH-A18U-01	29	48	25	19	25	8	11	13	0
TCGA-BH-A18V-01	64	23	0	25	77	0	0	15	46
TCGA-BH-A1EO-01	0	7	25	0	11	7	0	0	0
TCGA-BH-A1ET-01	0	1	9	0	4	0	3	6	10
TCGA-BH-A1EU-01	0	0	4	7	0	15	0	8	0
TCGA-BH-A1EV-01	33	26	21	28	10	3	0	8	0
TCGA-BH-A1EW-01	0	2	1	12	1	0	2	3	0
TCGA-BH-A1EX-01	0	0	7	6	4	12	0	6	0
TCGA-BH-A1EY-01	8	4	6	4	3	23	0	7	0
TCGA-BH-A1F0-01	15	0	5	17	12	26	0	5	15
TCGA-BH-A1F2-01	7	9	23	7	5	0	0	4	16
TCGA-BH-A1F5-01	0	4	11	6	4	12	0	0	7
TCGA-BH-A1F6-01	3	4	12	0	11	4	16	3	0
TCGA-BH-A1F8-01	48	73	14	26	0	5	2	2	22
TCGA-BH-A1FC-01	21	15	21	7	20	4	19	11	12
TCGA-BH-A1FE-01	1	4	3	4	2	2	1	1	8
TCGA-BH-A1FG-01	1	0	5	2	1	5	5	2	0
TCGA-BH-A1FH-01	0	2	7	7	0	12	5	0	0
TCGA-BH-A1FJ-01	0	1	14	7	0	12	11	0	0
TCGA-BH-A1FL-01	0	2	9	5	0	0	3	4	3
TCGA-BH-A1FM-01	6	10	15	7	4	20	0	0	0
TCGA-BH-A1FN-01	41	35	4	0	25	0	12	5	24
TCGA-BH-A1FR-01	1	0	5	3	6	0	0	2	0
TCGA-BH-A1FU-01	14	4	7	14	20	17	11	23	8
TCGA-BH-A201-01	0	2	2	5	0	0	0	9	9
TCGA-BH-A202-01	0	3	7	0	3	0	0	3	12
TCGA-BH-A203-01	10	14	31	3	3	28	4	6	0
TCGA-BH-A204-01	5	1	11	8	7	0	7	4	9
TCGA-BH-A208-01	21	16	12	10	9	9	3	2	0
TCGA-BH-A209-01	50	29	0	19	0	21	0	0	0
TCGA-BH-A28Q-01	2	2	11	0	2	0	9	0	0
TCGA-BH-A2L8-01	266	280	3	69	0	10	0	0	0
TCGA-BH-A42U-01	3	11	1	7	0	10	0	0	0
TCGA-BH-A42V-01	16	23	6	6	0	4	0	0	0
TCGA-BH-A5IZ-01	5	5	12	9	18	6	11	6	24
TCGA-BH-A5J0-01	12	35	13	25	0	10	0	7	0
TCGA-BH-A6R8-01	1	2	11	8	0	11	1	3	0
TCGA-BH-A6R9-01	0	0	5	4	11	0	0	1	4
TCGA-BH-A8FY-01	5	1	3	11	13	0	22	1	0
TCGA-BH-A8FZ-01	6	9	12	0	31	0	8	15	10
TCGA-BH-A8G0-01	0	0	7	5	0	0	0	5	0
TCGA-BH-AB28-01	0	6	13	0	0	0	20	4	0
TCGA-C8-A12K-01	48	12	6	12	60	0	20	11	4
TCGA-C8-A12L-01	4	3	5	0	29	12	36	0	0
TCGA-C8-A12M-01	0	0	17	9	7	26	18	5	0
TCGA-C8-A12N-01	3	1	11	0	3	0	0	4	5
TCGA-C8-A12O-01	0	2	20	7	2	18	0	0	0
TCGA-C8-A12P-01	55	49	24	33	7	1	0	13	20
TCGA-C8-A12Q-01	32	35	4	24	0	25	0	9	10
TCGA-C8-A12T-01	86	68	8	17	0	19	14	0	2
TCGA-C8-A12U-01	5	5	20	0	15	6	9	0	1
TCGA-C8-A12V-01	2	1	0	0	13	23	6	7	0
TCGA-C8-A12W-01	2	2	31	0	5	33	0	4	0
TCGA-C8-A12X-01	2	0	26	10	9	0	5	7	6
TCGA-C8-A12Y-01	1	2	18	0	0	0	14	11	0
TCGA-C8-A12Z-01	11	8	14	13	0	0	13	2	0
TCGA-C8-A130-01	3	3	22	1	0	18	0	7	0
TCGA-C8-A131-01	0	7	10	12	7	4	19	5	10
TCGA-C8-A132-01	21	9	4	3	8	26	12	1	0
TCGA-C8-A133-01	0	5	0	0	0	8	4	4	12
TCGA-C8-A134-01	7	1	6	0	42	6	8	10	37
TCGA-C8-A135-01	5	4	29	0	0	11	13	8	7
TCGA-C8-A137-01	11	7	4	16	0	24	0	0	0
TCGA-C8-A138-01	0	0	12	4	0	5	0	4	27
TCGA-C8-A1HE-01	9	20	7	3	6	2	5	2	0
TCGA-C8-A1HF-01	5	8	5	4	2	5	5	4	1
TCGA-C8-A1HG-01	4	3	25	12	12	0	1	10	2
TCGA-C8-A1HI-01	6	7	10	0	0	29	20	0	0
TCGA-C8-A1HJ-01	12	2	10	0	62	0	0	20	18
TCGA-C8-A1HK-01	22	7	8	0	3	14	9	4	6
TCGA-C8-A1HL-01	0	0	7	2	0	0	19	1	8
TCGA-C8-A1HM-01	213	98	20	87	9	0	0	8	13
TCGA-C8-A1HN-01	1	3	19	5	6	7	8	6	15
TCGA-C8-A1HO-01	3	8	5	0	0	15	4	2	12
TCGA-C8-A26V-01	30	21	11	0	5	15	0	8	6
TCGA-C8-A26W-01	10	13	3	15	0	22	0	6	0
TCGA-C8-A26X-01	3	3	22	6	14	0	0	6	21
TCGA-C8-A26Y-01	333	305	3	91	0	6	0	23	155
TCGA-C8-A26Z-01	0	2	20	3	10	0	0	0	14
TCGA-C8-A273-01	0	0	4	0	1	14	3	0	2
TCGA-C8-A274-01	86	119	17	0	11	6	11	12	19
TCGA-C8-A275-01	49	30	4	25	0	25	9	0	0
TCGA-C8-A278-01	5	7	7	1	4	27	0	2	0
TCGA-C8-A27A-01	2	7	7	0	1	6	0	0	17
TCGA-C8-A27B-01	64	7	6	18	52	0	0	13	2
TCGA-C8-A3M7-01	36	82	21	63	0	15	0	4	0
TCGA-C8-A3M8-01	6	4	8	0	10	24	0	10	0
TCGA-C8-A8HP-01	96	91	11	45	0	30	0	0	0
TCGA-C8-A8HQ-01	120	140	14	26	0	72	0	0	0
TCGA-C8-A8HR-01	3	2	15	7	19	0	0	13	1
TCGA-C8-A9FZ-01	3	1	10	0	3	0	11	1	0
TCGA-D8-A13Y-01	8	10	6	11	8	16	13	10	0
TCGA-D8-A13Z-01	14	2	24	6	45	0	0	1	11
TCGA-D8-A140-01	3	20	20	22	0	4	51	5	9
TCGA-D8-A141-01	0	0	7	2	5	3	1	0	3
TCGA-D8-A142-01	10	0	34	10	38	59	0	9	6
TCGA-D8-A143-01	2	3	14	0	25	0	13	0	4
TCGA-D8-A145-01	3	1	15	0	9	2	11	6	0
TCGA-D8-A146-01	0	4	11	11	0	3	3	9	0
TCGA-D8-A147-01	43	12	0	27	71	16	15	11	5
TCGA-D8-A1J8-01	242	231	71	97	0	33	212	75	0
TCGA-D8-A1J9-01	91	97	0	20	0	48	0	0	22
TCGA-D8-A1JB-01	4	5	4	0	14	3	16	4	13
TCGA-D8-A1JC-01	28	26	4	24	0	39	0	1	0
TCGA-D8-A1JD-01	14	10	2	1	35	10	37	3	10
TCGA-D8-A1JE-01	1	1	9	0	0	5	8	4	12
TCGA-D8-A1JF-01	2	3	8	0	0	7	26	3	0
TCGA-D8-A1JG-01	7	5	27	19	0	10	0	1	100
TCGA-D8-A1JH-01	0	2	4	1	2	5	1	5	4
TCGA-D8-A1JI-01	0	0	1	10	0	6	22	3	0
TCGA-D8-A1JJ-01	15	29	11	4	1	25	6	7	0
TCGA-D8-A1JK-01	11	15	4	26	29	0	62	33	69
TCGA-D8-A1JL-01	8	3	0	2	35	36	14	18	11
TCGA-D8-A1JM-01	1	2	10	2	3	19	0	1	15
TCGA-D8-A1JN-01	42	75	10	40	0	34	0	0	7
TCGA-D8-A1JP-01	10	0	0	17	55	12	5	18	18
TCGA-D8-A1JS-01	0	2	5	4	0	2	6	3	7
TCGA-D8-A1JT-01	0	0	10	0	7	10	14	0	0
TCGA-D8-A1JU-01	0	1	4	0	3	7	0	5	0
TCGA-D8-A1X5-01	5	3	16	1	0	0	0	10	31
TCGA-D8-A1X6-01	0	3	19	0	11	0	1	2	6
TCGA-D8-A1X7-01	1	0	3	11	0	6	9	0	2
TCGA-D8-A1X9-01	7	1	0	0	10	14	11	15	44
TCGA-D8-A1XA-01	0	0	7	7	2	1	0	6	5
TCGA-D8-A1XB-01	1	8	16	0	0	6	6	7	6
TCGA-D8-A1XC-01	0	0	13	8	0	0	7	2	4
TCGA-D8-A1XF-01	3	0	21	16	2	0	0	3	6
TCGA-D8-A1XG-01	0	2	0	0	0	4	16	5	0
TCGA-D8-A1XK-01	4	3	75	0	44	103	0	1060	11
TCGA-D8-A1XL-01	5	5	9	1	33	9	0	19	29
TCGA-D8-A1XM-01	4	11	8	18	0	23	0	0	0
TCGA-D8-A1XO-01	5	6	6	0	4	0	7	0	1
TCGA-D8-A1XQ-01	24	21	177	4	92	72	210	420	11
TCGA-D8-A1XR-01	0	2	8	4	0	0	11	7	0
TCGA-D8-A1XS-01	1	4	6	6	0	9	0	0	0
TCGA-D8-A1XT-01	2	1	15	12	9	0	0	4	2
TCGA-D8-A1XU-01	2	11	5	0	8	0	9	0	0
TCGA-D8-A1XV-01	2	1	10	0	1	19	0	3	0
TCGA-D8-A1XW-01	8	8	5	0	49	29	12	11	0
TCGA-D8-A1XY-01	1	5	26	9	4	0	7	3	4
TCGA-D8-A1XZ-01	8	1	32	3	4	29	19	0	0
TCGA-D8-A1Y0-01	9	4	3	1	11	20	9	8	16
TCGA-D8-A1Y1-01	0	18	140	0	0	47	0	28	0
TCGA-D8-A1Y2-01	3	8	8	0	0	2	0	1	0
TCGA-D8-A1Y3-01	0	3	32	0	18	9	0	5	0
TCGA-D8-A27E-01	0	0	1	5	3	0	2	0	0
TCGA-D8-A27F-01	9	2	0	0	19	17	5	5	13
TCGA-D8-A27G-01	487	484	0	205	0	0	0	0	0
TCGA-D8-A27H-01	46	10	7	13	68	0	4	12	0
TCGA-D8-A27I-01	3	5	7	0	5	11	3	2	0
TCGA-D8-A27K-01	1	0	8	0	2	6	1	2	1
TCGA-D8-A27L-01	5	11	7	20	0	10	0	0	0
TCGA-D8-A27M-01	11	3	10	3	22	0	0	4	37
TCGA-D8-A27N-01	2	2	22	8	2	4	1	6	13
TCGA-D8-A27P-01	0	2	7	2	1	0	14	4	0
TCGA-D8-A27R-01	3	2	4	4	10	2	10	0	0
TCGA-D8-A27T-01	0	4	14	4	4	0	0	5	0
TCGA-D8-A27V-01	78	61	0	42	0	52	0	1	1
TCGA-D8-A27W-01	1	3	28	0	0	14	3	3	3
TCGA-D8-A3Z6-01	2	6	10	0	1	0	10	6	2
TCGA-D8-A4Z1-01	6	23	4	0	0	4	2	0	7
TCGA-D8-A73U-01	40	95	12	43	8	0	0	9	0
TCGA-D8-A73W-01	2	3	20	0	1	0	25	1	0
TCGA-D8-A73X-01	0	7	14	0	0	20	0	11	0
TCGA-E2-A105-01	2	5	19	8	16	0	7	8	2
TCGA-E2-A107-01	0	7	8	0	0	11	0	6	4
TCGA-E2-A108-01	72	54	6	12	17	0	0	13	12
TCGA-E2-A109-01	0	0	18	13	16	0	10	9	18
TCGA-E2-A10A-01	3	5	3	4	3	0	10	0	0
TCGA-E2-A10B-01	12	17	8	11	6	7	0	12	0
TCGA-E2-A10C-01	188	227	0	104	0	0	0	0	0
TCGA-E2-A10F-01	2	3	13	3	0	0	0	3	6
TCGA-E2-A14N-01	14	10	6	0	43	14	13	4	5
TCGA-E2-A14O-01	0	2	13	3	0	11	0	0	7
TCGA-E2-A14P-01	8	17	27	20	0	3	1	10	26
TCGA-E2-A14Q-01	2	5	15	0	0	0	0	5	13
TCGA-E2-A14R-01	15	0	3	9	43	25	18	15	15
TCGA-E2-A14T-01	4	5	10	0	0	15	3	6	0
TCGA-E2-A14V-01	31	23	18	6	5	52	0	6	0
TCGA-E2-A14W-01	11	1	1	11	38	16	17	4	3
TCGA-E2-A14X-01	2	6	20	3	3	2	0	1	0
TCGA-E2-A14Y-01	14	14	9	0	9	0	1	3	0
TCGA-E2-A14Z-01	6	20	7	12	11	23	0	1	15
TCGA-E2-A150-01	4	5	18	0	4	0	24	5	31
TCGA-E2-A152-01	47	42	0	35	0	47	0	0	0
TCGA-E2-A153-01	0	7	11	0	0	6	0	2	0
TCGA-E2-A154-01	0	2	16	0	0	20	0	0	20
TCGA-E2-A155-01	5	12	18	0	5	0	20	5	16
TCGA-E2-A156-01	1	4	3	2	1	7	3	3	1
TCGA-E2-A158-01	4	0	3	0	44	34	6	6	0
TCGA-E2-A159-01	69	56	4	14	12	44	0	2	0
TCGA-E2-A15A-01	3	2	11	5	0	0	15	1	25
TCGA-E2-A15C-01	1	2	17	3	6	1	18	2	0
TCGA-E2-A15D-01	1	0	12	0	0	3	7	6	5
TCGA-E2-A15E-01	5	1	10	0	5	5	0	11	3
TCGA-E2-A15F-01	1	0	9	3	4	3	6	2	0
TCGA-E2-A15G-01	0	9	11	0	10	30	0	9	4
TCGA-E2-A15H-01	1	0	12	3	0	0	16	1	0
TCGA-E2-A15I-01	0	4	17	7	3	1	0	0	11
TCGA-E2-A15J-01	0	0	6	2	3	0	5	2	4
TCGA-E2-A15K-01	2	0	13	8	0	6	15	1	8
TCGA-E2-A15L-01	3	0	13	3	0	7	0	5	3
TCGA-E2-A15M-01	15	17	25	3	14	1	11	6	16
TCGA-E2-A15O-01	0	2	6	0	3	20	2	1	0
TCGA-E2-A15P-01	0	2	9	1	1	0	8	5	2
TCGA-E2-A15R-01	0	4	18	9	0	11	0	0	5
TCGA-E2-A15S-01	3	8	2	0	14	18	14	9	0
TCGA-E2-A15T-01	1	1	8	0	0	25	3	2	0
TCGA-E2-A1AZ-01	14	8	1	6	7	37	0	6	0
TCGA-E2-A1B0-01	3	5	13	5	0	16	0	14	4
TCGA-E2-A1B1-01	17	11	9	29	0	0	0	0	0
TCGA-E2-A1B4-01	1	4	3	15	3	1	14	1	0
TCGA-E2-A1B5-01	7	15	9	0	0	13	0	2	0
TCGA-E2-A1B6-01	3	1	10	0	29	1	11	1	0
TCGA-E2-A1BC-01	3	0	7	0	4	3	17	1	6
TCGA-E2-A1BD-01	1	0	19	2	0	7	0	2	12
TCGA-E2-A1IE-01	0	0	6	0	7	7	8	1	1
TCGA-E2-A1IF-01	0	0	3	0	1	9	3	6	2
TCGA-E2-A1IG-01	0	5	8	16	2	23	0	2	1
TCGA-E2-A1IH-01	20	15	6	4	0	13	6	12	9
TCGA-E2-A1II-01	2	0	10	0	19	0	0	3	0
TCGA-E2-A1IJ-01	0	0	5	0	0	5	2	0	6
TCGA-E2-A1IK-01	1	0	2	2	0	10	0	2	0
TCGA-E2-A1IL-01	0	0	9	5	5	0	0	2	10
TCGA-E2-A1IN-01	94	81	15	20	26	0	0	12	0
TCGA-E2-A1IO-01	0	1	6	0	0	9	0	0	0
TCGA-E2-A1IU-01	0	5	2	4	6	14	0	0	0
TCGA-E2-A1L6-01	0	2	3	6	3	9	0	5	0
TCGA-E2-A1L7-01	2	1	1	0	17	31	0	10	19
TCGA-E2-A1L8-01	3	4	4	1	0	6	13	5	2
TCGA-E2-A1L9-01	0	4	7	0	7	0	5	3	2
TCGA-E2-A1LA-01	8	3	8	0	54	8	8	18	0
TCGA-E2-A1LB-01	11	8	2	19	0	11	0	4	0
TCGA-E2-A1LG-01	103	36	3	60	0	17	0	0	0
TCGA-E2-A1LH-01	45	12	13	19	78	0	0	23	41
TCGA-E2-A1LI-01	7	5	2	1	12	2	2	2	4
TCGA-E2-A1LK-01	4	0	38	5	0	3	0	4	0
TCGA-E2-A1LL-01	7	0	12	1	20	0	9	7	5
TCGA-E2-A2P6-01	35	69	20	56	0	0	0	6	0
TCGA-E2-A56Z-01	0	2	10	3	0	18	20	7	0
TCGA-E2-A570-01	1	0	11	6	7	0	3	1	1
TCGA-E2-A572-01	1	1	9	0	3	11	0	4	0
TCGA-E2-A573-01	4	1	12	4	14	0	17	8	12
TCGA-E2-A574-01	30	28	25	36	18	11	3	5	0
TCGA-E2-A576-01	0	0	21	7	3	15	23	0	1
TCGA-E2-A9RU-01	10	5	36	33	0	0	0	10	13
TCGA-E9-A1N3-01	2	1	2	0	0	4	9	3	10
TCGA-E9-A1N4-01	5	3	4	8	0	13	0	1	0
TCGA-E9-A1N5-01	6	9	1	0	3	0	14	6	0
TCGA-E9-A1N8-01	7	3	0	0	0	10	0	8	8
TCGA-E9-A1N9-01	1	8	17	0	23	0	0	7	10
TCGA-E9-A1NA-01	14	6	6	11	10	16	21	0	33
TCGA-E9-A1NE-01	3	4	3	0	26	0	15	0	11
TCGA-E9-A1NF-01	2	18	4	2	1	21	12	0	1
TCGA-E9-A1NG-01	0	1	4	0	2	7	7	0	0
TCGA-E9-A1NH-01	0	1	6	0	0	20	0	8	2
TCGA-E9-A1QZ-01	0	0	3	0	1	6	0	4	9
TCGA-E9-A1R0-01	4	3	15	8	0	5	0	0	0
TCGA-E9-A1R2-01	14	2	6	0	17	3	5	13	6
TCGA-E9-A1R3-01	0	4	6	0	5	5	0	5	0
TCGA-E9-A1R4-01	33	42	7	26	0	18	0	7	20
TCGA-E9-A1R5-01	0	3	7	0	0	36	0	5	0
TCGA-E9-A1R6-01	1	0	12	8	1	7	0	2	5
TCGA-E9-A1R7-01	4	9	7	0	12	0	24	1	6
TCGA-E9-A1RA-01	0	5	6	1	3	2	0	1	7
TCGA-E9-A1RB-01	0	0	9	0	6	0	5	11	7
TCGA-E9-A1RC-01	1	0	18	7	9	8	0	10	2
TCGA-E9-A1RD-01	1	5	5	0	4	0	8	0	0
TCGA-E9-A1RE-01	1	2	23	7	0	4	25	4	0
TCGA-E9-A1RF-01	16	4	22	8	54	14	20	2	30
TCGA-E9-A1RG-01	4	3	4	5	8	6	6	5	0
TCGA-E9-A1RH-01	9	6	19	11	25	2	14	7	18
TCGA-E9-A1RI-01	0	5	5	0	0	1	8	0	10
TCGA-E9-A226-01	24	12	11	30	0	0	0	2	0
TCGA-E9-A227-01	2	0	2	8	7	0	0	0	0
TCGA-E9-A228-01	6	5	22	10	7	0	0	2	0
TCGA-E9-A229-01	5	1	11	2	5	0	2	2	2
TCGA-E9-A22A-01	4	3	5	5	16	3	0	0	0
TCGA-E9-A22B-01	3	7	20	14	10	11	0	6	5
TCGA-E9-A22D-01	2	2	16	8	0	12	0	0	0
TCGA-E9-A22E-01	24	9	9	13	49	13	4	7	16
TCGA-E9-A22G-01	8	1	5	4	39	0	0	32	28
TCGA-E9-A22H-01	0	2	13	3	5	0	0	3	0
TCGA-E9-A243-01	12	5	3	7	19	8	16	12	7
TCGA-E9-A244-01	4	3	22	0	36	2	16	11	27
TCGA-E9-A245-01	0	0	0	3	0	5	0	2	13
TCGA-E9-A247-01	1	0	28	0	5	0	9	4	0
TCGA-E9-A248-01	1	5	14	0	0	0	1	3	4
TCGA-E9-A249-01	0	2	10	0	2	2	4	3	2
TCGA-E9-A24A-01	0	0	6	0	0	5	0	0	11
TCGA-E9-A295-01	2	1	30	0	0	18	0	0	58
TCGA-E9-A2JS-01	0	4	41	2	0	4	0	3	35
TCGA-E9-A2JT-01	12	14	0	0	0	0	0	0	2
TCGA-E9-A3HO-01	5	3	0	0	30	15	15	4	0
TCGA-E9-A3QA-01	13	8	0	0	19	15	7	0	0
TCGA-E9-A3X8-01	6	1	7	7	8	0	8	0	0
TCGA-E9-A54Y-01	3	13	18	12	0	0	0	4	8
TCGA-E9-A5FK-01	1	2	7	3	0	2	16	0	8
TCGA-E9-A5FL-01	17	8	8	1	37	15	23	14	10
TCGA-E9-A5UO-01	1	0	11	1	5	7	11	1	1
TCGA-E9-A6HE-01	0	0	10	7	0	0	3	2	0
TCGA-EW-A1IW-01	25	47	21	0	23	0	0	2	9
TCGA-EW-A1IX-01	15	11	0	6	1	0	8	0	1
TCGA-EW-A1IY-01	2	9	1	16	0	7	0	3	0
TCGA-EW-A1IZ-01	0	10	153	5	0	19	124	124	0
TCGA-EW-A1J1-01	0	0	10	2	5	1	0	0	5
TCGA-EW-A1J3-01	0	0	5	12	8	0	0	5	0
TCGA-EW-A1J5-01	199	246	2	93	0	0	0	0	0
TCGA-EW-A1J6-01	0	2	9	0	12	15	0	0	6
TCGA-EW-A1OV-01	35	66	10	17	12	0	0	0	0
TCGA-EW-A1OX-01	4	2	3	5	3	0	4	0	0
TCGA-EW-A1OZ-01	5	7	27	6	11	0	1	6	13
TCGA-EW-A1P0-01	0	0	0	0	2	12	6	5	3
TCGA-EW-A1P1-01	0	0	0	0	1	2	0	0	0
TCGA-EW-A1P3-01	0	2	7	5	5	8	0	1	0
TCGA-EW-A1P4-01	8	0	4	0	13	28	17	7	0
TCGA-EW-A1P5-01	1	0	12	0	0	0	3	1	3
TCGA-EW-A1P6-01	0	0	5	4	0	14	1	2	0
TCGA-EW-A1P7-01	0	0	0	0	10	0	9	0	0
TCGA-EW-A1P8-01	1	0	6	7	12	0	10	3	0
TCGA-EW-A1PA-01	3	2	7	12	8	4	0	4	1
TCGA-EW-A1PB-01	57	21	2	31	37	0	14	0	20
TCGA-EW-A1PD-01	12	6	0	7	23	0	33	2	10
TCGA-EW-A1PE-01	0	7	7	0	5	0	16	2	1
TCGA-EW-A1PG-01	0	0	3	5	0	1	0	2	0
TCGA-EW-A1PH-01	4	3	19	6	10	8	0	7	5
TCGA-EW-A2FR-01	9	4	13	12	7	0	0	2	7
TCGA-EW-A2FS-01	2	0	13	4	0	0	6	10	10
TCGA-EW-A2FV-01	0	2	1	3	0	19	3	2	2
TCGA-EW-A2FW-01	0	3	17	0	0	0	0	0	6
TCGA-EW-A423-01	10	10	22	15	12	0	13	6	0
TCGA-EW-A6S9-01	1	3	11	1	3	0	2	3	7
TCGA-EW-A6SA-01	8	10	17	10	2	6	50	2	18
TCGA-EW-A6SB-01	6	0	17	15	15	10	1	17	0
TCGA-EW-A6SC-01	0	7	3	0	0	0	24	5	0
TCGA-EW-A6SD-01	14	18	12	0	0	0	0	11	13
TCGA-GI-A2C8-01	16	8	21	0	49	0	19	9	26
TCGA-GM-A2D9-01	206	257	6	173	0	0	0	3	0
TCGA-GM-A2DA-01	5	3	10	3	0	19	1	2	2
TCGA-GM-A2DB-01	6	3	16	7	16	36	8	6	30
TCGA-GM-A2DC-01	0	0	16	1	5	5	0	0	0
TCGA-GM-A2DD-01	4	4	9	0	14	2	21	10	4
TCGA-GM-A2DF-01	5	1	16	7	13	6	1	4	0
TCGA-GM-A2DH-01	67	32	5	3	38	32	15	4	36
TCGA-GM-A2DI-01	28	31	1	11	0	20	0	0	0
TCGA-GM-A2DK-01	0	4	6	5	0	10	0	9	3
TCGA-GM-A2DL-01	4	6	8	4	0	2	0	0	25
TCGA-GM-A2DM-01	0	4	0	4	0	6	0	7	6
TCGA-GM-A2DN-01	0	2	4	5	3	3	0	2	0
TCGA-GM-A2DO-01	73	72	6	62	0	7	0	0	0
TCGA-GM-A3NW-01	28	18	17	21	0	6	5	0	0
TCGA-GM-A3XL-01	34	8	8	11	52	15	0	16	0
TCGA-GM-A4E0-01	0	0	10	2	0	16	3	2	1
TCGA-GM-A5PV-01	0	7	2	2	11	19	0	6	0
TCGA-GM-A5PX-01	3	6	10	1	5	0	10	5	2
TCGA-HN-A2NL-01	7	2	10	0	18	20	0	11	23
TCGA-HN-A2OB-01	0	2	4	0	0	10	3	0	0
TCGA-JL-A3YX-01	6	15	12	2	0	0	7	3	4
TCGA-LD-A66U-01	0	2	10	0	0	0	30	2	0
TCGA-LD-A74U-01	90	141	16	71	0	34	0	0	0
TCGA-LD-A7W5-01	7	9	16	0	0	15	16	2	0
TCGA-LD-A7W6-01	0	2	9	4	0	11	16	2	2
TCGA-LD-A9QF-01	1	2	13	0	5	17	0	1	0
TCGA-LL-A440-01	0	2	2	0	0	2	0	0	0
TCGA-LL-A50Y-01	0	2	11	4	0	11	7	8	0
TCGA-LL-A5YL-01	9	21	15	27	0	20	0	1	0
TCGA-LL-A5YM-01	3	0	7	11	0	0	19	0	0
TCGA-LL-A5YN-01	0	0	9	8	7	7	9	3	0
TCGA-LL-A5YO-01	12	3	1	2	11	2	15	5	10
TCGA-LL-A5YP-01	7	7	0	5	18	4	40	0	24
TCGA-LL-A6FP-01	3	12	4	11	0	6	27	0	12
TCGA-LL-A6FQ-01	0	4	29	10	0	0	9	7	10
TCGA-LL-A6FR-01	1	2	11	2	11	23	6	7	0
TCGA-LL-A73Y-01	78	30	0	15	0	53	0	17	0
TCGA-LL-A73Z-01	0	2	10	2	6	12	16	0	0
TCGA-LL-A740-01	1	6	12	7	8	0	28	5	1
TCGA-LL-A7SZ-01	1	7	15	5	0	21	10	10	6
TCGA-LL-A7T0-01	4	7	30	9	3	4	2	8	10
TCGA-LL-A8F5-01	13	0	9	24	76	42	5	29	2
TCGA-LL-A9Q3-01	0	10	22	4	11	0	10	7	4
TCGA-OK-A5Q2-01	0	5	8	3	0	27	0	0	0
TCGA-OL-A5D6-01	0	5	8	4	2	38	0	0	0
TCGA-OL-A5D7-01	8	6	14	2	30	0	8	8	4
TCGA-OL-A5D8-01	2	3	13	0	9	0	4	5	3
TCGA-OL-A5DA-01	30	26	10	20	0	26	0	2	0
TCGA-OL-A5RU-01	1	0	15	8	0	0	22	0	0
TCGA-OL-A5RV-01	0	0	5	0	2	8	2	0	0
TCGA-OL-A5RW-01	77	30	0	29	60	5	33	19	0
TCGA-OL-A5RX-01	2	2	14	0	0	2	3	7	5
TCGA-OL-A5RY-01	1	1	5	0	1	0	3	2	0
TCGA-OL-A5RZ-01	9	12	45	8	27	0	11	6	34
TCGA-OL-A5S0-01	2	3	16	4	6	6	3	4	0
TCGA-OL-A66H-01	0	0	4	3	8	0	11	1	0
TCGA-OL-A66I-01	3	2	12	12	10	6	9	2	0
TCGA-OL-A66J-01	1	7	18	4	0	12	7	10	9
TCGA-OL-A66K-01	1	2	16	7	4	0	17	0	0
TCGA-OL-A66L-01	22	38	11	13	3	0	0	7	0
TCGA-OL-A66N-01	0	2	21	4	0	16	10	5	0
TCGA-OL-A66O-01	1	1	15	0	6	5	7	3	0
TCGA-OL-A66P-01	1	2	13	12	19	3	15	18	40
TCGA-OL-A6VO-01	1	2	16	0	5	0	3	2	9
TCGA-OL-A6VQ-01	17	30	14	4	1	0	6	6	4
TCGA-OL-A6VR-01	0	1	4	0	0	0	11	1	0
TCGA-OL-A97C-01	1	2	11	0	7	4	38	6	1
TCGA-PE-A5DC-01	9	10	18	13	49	14	13	15	13
TCGA-PE-A5DD-01	15	22	17	23	2	0	0	5	1
TCGA-PE-A5DE-01	180	284	5	172	0	48	0	0	0
TCGA-PL-A8LV-01	24	14	3	5	35	37	6	15	16
TCGA-PL-A8LX-01	0	1	10	0	6	0	26	6	0
TCGA-PL-A8LY-01	0	0	0	0	0	1	3	3	0
TCGA-PL-A8LZ-01	0	11	7	27	38	0	19	7	27
TCGA-S3-A6ZF-01	5	2	29	0	10	0	0	0	6
TCGA-S3-A6ZG-01	0	2	12	11	0	31	0	4	0
TCGA-S3-A6ZH-01	1	2	15	10	12	0	0	4	1
TCGA-S3-AA0Z-01	7	11	19	0	3	0	3	9	25
TCGA-S3-AA10-01	15	8	4	8	69	2	38	6	0
TCGA-S3-AA11-01	0	2	1	15	0	6	33	4	35
TCGA-S3-AA12-01	2	4	13	5	8	18	0	4	6
TCGA-S3-AA14-01	3	3	12	0	5	0	1	0	0
TCGA-S3-AA15-01	19	11	5	16	4	3	0	2	0
TCGA-S3-AA17-01	10	8	6	0	38	41	25	13	0
TCGA-UL-AAZ6-01	12	10	6	0	11	12	61	9	19
TCGA-UU-A93S-01	11	6	22	15	52	0	32	13	45
TCGA-V7-A7HQ-01	4	1	7	1	13	0	5	0	0
TCGA-W8-A86G-01	1	2	7	0	0	10	14	1	0
TCGA-WT-AB41-01	0	19	8	3	0	16	15	1	0
TCGA-WT-AB44-01	0	0	22	3	0	0	17	3	15
TCGA-XX-A899-01	7	17	3	14	0	18	0	1	0
TCGA-XX-A89A-01	109	51	6	39	0	60	0	0	0
TCGA-Z7-A8R5-01	0	1	24	0	0	5	0	2	2
TCGA-Z7-A8R6-01	21	34	16	13	0	0	19	3	1
