Samples	SBS96A	SBS96B	SBS96C	SBS96D	SBS96E	SBS96F
TCGA-3N-A9WB-06	129	0	64	14	14	0
TCGA-3N-A9WC-06	1919	264	313	35	13	43
TCGA-3N-A9WD-06	498	225	481	41	4	12
TCGA-BF-A1PU-01	62	24	0	5	21	0
TCGA-BF-A1PV-01	224	38	64	65	0	0
TCGA-BF-A1PX-01	179	134	97	47	0	0
TCGA-BF-A1PZ-01	156	122	0	44	11	0
TCGA-BF-A1Q0-01	797	0	27	23	52	55
TCGA-BF-A3DJ-01	125	0	43	14	16	0
TCGA-BF-A3DL-01	448	0	102	23	23	10
TCGA-BF-A3DM-01	515	82	0	22	19	12
TCGA-BF-A3DN-01	77	0	4	22	4	2
TCGA-BF-A5EO-01	592	44	162	14	34	13
TCGA-BF-A5EP-01	78	71	26	7	28	14
TCGA-BF-A5EQ-01	602	78	47	72	9	1
TCGA-BF-A5ER-01	160	40	24	24	26	2
TCGA-BF-A5ES-01	511	109	10	41	39	4
TCGA-BF-A9VF-01	49	43	7	18	8	0
TCGA-BF-AAOU-01	315	20	25	74	18	0
TCGA-BF-AAOX-01	1444	44	0	201	23	3
TCGA-BF-AAP0-06	442	64	84	41	8	3
TCGA-BF-AAP1-01	969	0	189	0	61	0
TCGA-BF-AAP2-01	1417	242	9	165	0	0
TCGA-BF-AAP4-01	593	278	155	87	3	8
TCGA-BF-AAP6-01	57	7	0	0	27	0
TCGA-BF-AAP7-01	416	94	0	75	22	11
TCGA-BF-AAP8-01	0	1	0	1	11	1
TCGA-D3-A1Q1-06	0	6	0	11	44	6
TCGA-D3-A1Q3-06	0	0	3	12	17	18
TCGA-D3-A1Q4-06	120	55	150	38	8	0
TCGA-D3-A1Q5-06	295	128	0	53	16	0
TCGA-D3-A1Q6-06	766	297	0	52	16	12
TCGA-D3-A1Q7-06	77	24	10	17	3	0
TCGA-D3-A1Q8-06	189	77	7	39	12	0
TCGA-D3-A1Q9-06	3	1	0	11	19	8
TCGA-D3-A1QA-06	414	29	113	5	43	0
TCGA-D3-A1QB-06	284	111	55	43	20	8
TCGA-D3-A2J6-06	10	0	0	2	13	1
TCGA-D3-A2J7-06	374	71	0	19	5	6
TCGA-D3-A2J8-06	458	12	248	58	0	0
TCGA-D3-A2J9-06	22	29	22	10	12	0
TCGA-D3-A2JA-06	356	45	0	62	28	3
TCGA-D3-A2JB-06	1	2	1	5	8	1
TCGA-D3-A2JC-06	178	38	0	39	21	0
TCGA-D3-A2JD-06	238	207	83	11	8	5
TCGA-D3-A2JE-06	316	56	1	58	12	19
TCGA-D3-A2JF-06	1330	238	281	125	0	0
TCGA-D3-A2JG-06	116	15	0	0	9	8
TCGA-D3-A2JH-06	651	95	0	43	55	9
TCGA-D3-A2JK-06	200	96	68	14	29	0
TCGA-D3-A2JL-06	178	93	133	0	26	10
TCGA-D3-A2JN-06	361	33	0	0	33	19
TCGA-D3-A2JO-06	284	83	299	175	0	0
TCGA-D3-A2JP-06	295	28	0	0	29	7
TCGA-D3-A3BZ-06	0	0	0	15	34	32
TCGA-D3-A3C1-06	116	32	0	0	45	6
TCGA-D3-A3C3-06	155	116	0	0	60	9
TCGA-D3-A3C6-06	86	21	7	32	9	0
TCGA-D3-A3C7-06	500	280	408	68	0	14
TCGA-D3-A3C8-06	475	0	226	0	0	2
TCGA-D3-A3CB-06	241	0	47	19	10	0
TCGA-D3-A3CC-06	0	6	9	1	17	6
TCGA-D3-A3CE-06	0	5	8	21	6	0
TCGA-D3-A3CF-06	0	9	0	5	28	0
TCGA-D3-A3ML-06	957	0	182	129	0	0
TCGA-D3-A3MO-06	36	0	0	21	24	2
TCGA-D3-A3MR-06	487	295	358	30	1	6
TCGA-D3-A3MU-06	35	193	421	0	13	0
TCGA-D3-A3MV-06	618	0	58	43	9	7
TCGA-D3-A51E-06	241	49	0	47	27	4
TCGA-D3-A51F-06	78	66	0	9	12	0
TCGA-D3-A51G-06	1127	358	0	135	51	19
TCGA-D3-A51H-06	0	13	27	0	0	0
TCGA-D3-A51J-06	313	168	88	42	2	0
TCGA-D3-A51K-06	0	3	0	2	18	9
TCGA-D3-A51N-06	0	58	37	12	10	2
TCGA-D3-A51R-06	777	16	100	68	7	0
TCGA-D3-A51T-06	1110	272	114	92	12	14
TCGA-D3-A5GL-06	158	153	138	102	10	16
TCGA-D3-A5GN-06	158	165	322	19	5	0
TCGA-D3-A5GO-06	1321	215	602	38	0	0
TCGA-D3-A5GR-06	90	91	133	29	9	0
TCGA-D3-A5GS-06	314	155	87	0	0	0
TCGA-D3-A5GT-01	0	0	1	3	21	1
TCGA-D3-A5GU-06	605	318	0	0	67	29
TCGA-D3-A8GB-06	1084	321	0	0	30	29
TCGA-D3-A8GC-06	674	237	172	76	0	0
TCGA-D3-A8GD-06	69	5	0	5	41	12
TCGA-D3-A8GE-06	0	0	0	2	5	1
TCGA-D3-A8GI-06	5331	0	1837	0	16	48
TCGA-D3-A8GJ-06	142	22	57	46	5	0
TCGA-D3-A8GK-06	125	233	410	30	0	0
TCGA-D3-A8GL-06	1647	283	450	183	0	0
TCGA-D3-A8GM-06	1764	781	1336	673	665	25
TCGA-D3-A8GN-06	261	40	0	28	12	0
TCGA-D3-A8GO-06	552	73	41	134	0	0
TCGA-D3-A8GP-06	489	32	88	148	21	6
TCGA-D3-A8GQ-06	1425	0	536	0	0	20
TCGA-D3-A8GR-06	197	138	95	81	4	4
TCGA-D3-A8GS-06	124	87	36	13	31	2
TCGA-D3-A8GV-06	442	0	37	40	32	8
TCGA-D9-A148-06	247	84	7	0	31	17
TCGA-D9-A149-06	154	83	41	21	12	7
TCGA-D9-A1JW-06	345	363	346	202	0	0
TCGA-D9-A1JX-06	183	0	0	53	15	0
TCGA-D9-A1X3-06	0	16	0	2	29	1
TCGA-D9-A3Z1-06	372	172	61	74	1	0
TCGA-D9-A3Z3-06	55	25	86	5	8	5
TCGA-D9-A3Z4-01	0	107	54	31	15	0
TCGA-D9-A4Z2-01	0	4	0	3	15	9
TCGA-D9-A4Z3-01	66	514	335	163	0	0
TCGA-D9-A4Z5-01	10	10	0	0	67	1
TCGA-D9-A4Z6-06	100	80	173	16	0	0
TCGA-D9-A6E9-06	147	36	8	33	22	0
TCGA-D9-A6EA-06	371	201	283	0	1	33
TCGA-D9-A6EC-06	3208	25	292	0	0	2243
TCGA-D9-A6EG-06	41	17	0	17	26	3
TCGA-DA-A1HV-06	1448	55	321	0	9	37
TCGA-DA-A1HW-06	382	31	0	0	25	14
TCGA-DA-A1HY-06	458	268	125	147	0	0
TCGA-DA-A1I0-06	480	124	0	60	18	4
TCGA-DA-A1I1-06	430	47	0	43	11	0
TCGA-DA-A1I2-06	64	60	23	17	12	3
TCGA-DA-A1I4-06	271	30	0	51	10	0
TCGA-DA-A1I5-06	122	145	275	47	0	0
TCGA-DA-A1I7-06	530	0	0	3	64	12
TCGA-DA-A1I8-06	80	99	36	12	19	6
TCGA-DA-A1IA-06	167	196	71	0	34	16
TCGA-DA-A1IB-06	0	0	0	0	7	1
TCGA-DA-A1IC-06	681	303	108	220	50	0
TCGA-DA-A3F3-06	267	3	80	6	33	3
TCGA-DA-A3F5-06	253	96	2	49	54	3
TCGA-DA-A3F8-06	817	292	448	87	0	0
TCGA-DA-A95V-06	49	131	143	0	44	5
TCGA-DA-A95W-06	125	45	0	41	5	0
TCGA-DA-A95X-06	540	5	52	39	37	11
TCGA-DA-A95Y-06	277	64	105	108	1	6
TCGA-DA-A95Z-06	2023	0	282	279	72	0
TCGA-DA-A960-01	1021	20	29	37	63	17
TCGA-EB-A1NK-01	114	26	24	8	21	3
TCGA-EB-A24C-01	3	2	0	0	26	4
TCGA-EB-A24D-01	277	239	218	55	16	10
TCGA-EB-A299-01	123	47	15	18	4	0
TCGA-EB-A3HV-01	40	0	0	0	22	1
TCGA-EB-A3XB-01	437	61	60	134	4	0
TCGA-EB-A3XC-01	268	139	70	43	24	24
TCGA-EB-A3XD-01	441	27	0	47	5	0
TCGA-EB-A3XE-01	0	1	5	10	6	0
TCGA-EB-A3XF-01	302	49	125	60	0	0
TCGA-EB-A3Y6-01	608	123	0	12	68	30
TCGA-EB-A3Y7-01	919	126	289	93	30	61
TCGA-EB-A41A-01	1498	222	699	201	0	0
TCGA-EB-A41B-01	425	0	120	0	10	0
TCGA-EB-A42Y-01	19	0	3	12	30	17
TCGA-EB-A42Z-01	95	17	0	12	33	0
TCGA-EB-A430-01	341	110	0	57	15	6
TCGA-EB-A431-01	1041	743	583	0	0	30
TCGA-EB-A44N-01	123	41	0	30	14	0
TCGA-EB-A44O-01	412	184	0	66	24	6
TCGA-EB-A44P-01	308	112	0	57	1	0
TCGA-EB-A44Q-06	0	4	12	14	24	3
TCGA-EB-A44R-06	0	0	0	19	45	7
TCGA-EB-A4IQ-01	4	2	0	4	11	1
TCGA-EB-A4IS-01	222	302	211	27	11	0
TCGA-EB-A4OY-01	0	7	0	8	39	18
TCGA-EB-A4OZ-01	0	3	0	3	5	5
TCGA-EB-A4P0-01	101	83	31	17	22	4
TCGA-EB-A4XL-01	197	235	206	11	5	12
TCGA-EB-A51B-01	66	219	246	27	9	0
TCGA-EB-A550-01	142	29	0	5	27	0
TCGA-EB-A551-01	377	0	0	69	14	14
TCGA-EB-A553-01	205	111	0	46	54	19
TCGA-EB-A57M-01	2	0	4	0	48	5
TCGA-EB-A5FP-01	418	107	0	0	17	15
TCGA-EB-A5KH-06	0	10	0	3	38	3
TCGA-EB-A5SE-01	281	86	0	8	13	10
TCGA-EB-A5SF-01	17	0	7	0	14	4
TCGA-EB-A5SG-06	111	91	152	13	0	2
TCGA-EB-A5SH-06	0	3	21	22	70	6
TCGA-EB-A5UL-06	381	122	5	64	37	23
TCGA-EB-A5UM-01	466	139	37	89	21	0
TCGA-EB-A5UN-06	521	258	86	117	16	0
TCGA-EB-A5VU-01	0	20	3	8	34	0
TCGA-EB-A6L9-06	2	0	0	5	21	0
TCGA-EB-A6QY-01	737	62	0	23	25	25
TCGA-EB-A6QZ-01	200	100	13	63	10	1
TCGA-EB-A6R0-01	344	131	0	14	30	9
TCGA-EB-A82B-01	0	17	0	1	40	7
TCGA-EB-A82C-01	6	0	12	9	21	0
TCGA-EB-A85I-01	194	27	22	15	46	2
TCGA-EB-A85J-01	419	8	84	49	4	0
TCGA-EB-A97M-01	267	50	58	29	25	0
TCGA-EE-A17X-06	754	119	133	32	37	15
TCGA-EE-A17Y-06	85	68	47	22	9	1
TCGA-EE-A17Z-06	0	2	0	4	18	2
TCGA-EE-A180-06	559	59	0	48	57	2
TCGA-EE-A181-06	2596	559	482	321	0	46
TCGA-EE-A182-06	1439	109	318	141	12	21
TCGA-EE-A183-06	840	0	32	129	15	0
TCGA-EE-A184-06	0	0	19	0	391	0
TCGA-EE-A185-06	202	42	0	0	24	0
TCGA-EE-A20B-06	155	53	0	35	0	1
TCGA-EE-A20C-06	1153	873	511	277	16	41
TCGA-EE-A20F-06	456	80	93	0	10	12
TCGA-EE-A20H-06	312	138	187	173	0	3
TCGA-EE-A20I-06	1	4	0	4	19	2
TCGA-EE-A29A-06	89	144	112	0	9	0
TCGA-EE-A29B-06	293	160	280	0	0	16
TCGA-EE-A29C-06	379	142	0	35	14	3
TCGA-EE-A29D-06	3312	982	504	446	0	0
TCGA-EE-A29E-06	3714	326	786	0	0	63
TCGA-EE-A29G-06	368	6	0	86	0	14
TCGA-EE-A29H-06	158	89	125	38	8	0
TCGA-EE-A29L-06	2268	215	134	0	54	89
TCGA-EE-A29M-06	1502	630	1115	0	0	0
TCGA-EE-A29N-06	406	283	54	59	23	22
TCGA-EE-A29P-06	106	132	122	50	0	0
TCGA-EE-A29Q-06	307	45	0	25	22	10
TCGA-EE-A29R-06	635	123	108	68	0	0
TCGA-EE-A29S-06	1141	119	0	236	0	2
TCGA-EE-A29T-06	306	0	88	21	98	0
TCGA-EE-A29V-06	583	558	121	148	2	0
TCGA-EE-A29W-06	48	22	0	0	19	4
TCGA-EE-A29X-06	82	65	40	8	4	6
TCGA-EE-A2A0-06	87	105	299	42	0	0
TCGA-EE-A2A1-06	324	71	78	47	9	0
TCGA-EE-A2A2-06	285	908	781	79	12	9
TCGA-EE-A2A5-06	305	95	0	4	19	15
TCGA-EE-A2A6-06	367	13	0	0	26	11
TCGA-EE-A2GB-06	644	140	30	94	0	3
TCGA-EE-A2GC-06	2346	509	118	255	0	6
TCGA-EE-A2GD-06	466	39	149	90	0	0
TCGA-EE-A2GE-06	104	143	62	17	0	0
TCGA-EE-A2GH-06	283	63	49	11	18	2
TCGA-EE-A2GI-06	1466	310	149	202	10	5
TCGA-EE-A2GJ-06	1023	187	149	232	0	19
TCGA-EE-A2GK-06	0	0	0	0	4	0
TCGA-EE-A2GL-06	302	124	0	61	0	10
TCGA-EE-A2GM-06	545	236	144	32	17	0
TCGA-EE-A2GN-06	331	158	45	14	16	5
TCGA-EE-A2GO-06	1492	698	297	283	0	11
TCGA-EE-A2GP-06	602	74	96	80	12	0
TCGA-EE-A2GR-06	1348	662	29	98	33	45
TCGA-EE-A2GS-06	375	35	0	49	9	0
TCGA-EE-A2GT-06	104	96	193	39	30	0
TCGA-EE-A2GU-06	372	141	259	56	0	0
TCGA-EE-A2M5-06	1337	943	245	156	0	84
TCGA-EE-A2M6-06	349	155	132	99	10	1
TCGA-EE-A2M7-06	37	0	1	0	42	6
TCGA-EE-A2M8-06	77	0	58	6	9	1
TCGA-EE-A2MC-06	804	0	5	221	0	0
TCGA-EE-A2MD-06	2130	16	0	155	19	11
TCGA-EE-A2ME-06	25	4	2	6	5	0
TCGA-EE-A2MF-06	436	64	380	132	0	20
TCGA-EE-A2MG-06	80	62	100	29	6	0
TCGA-EE-A2MH-06	106	66	0	11	13	5
TCGA-EE-A2MI-06	802	188	344	154	0	0
TCGA-EE-A2MJ-06	1791	239	602	0	0	20
TCGA-EE-A2MK-06	338	0	13	43	0	10
TCGA-EE-A2ML-06	464	230	0	45	16	3
TCGA-EE-A2MM-06	622	22	0	102	15	0
TCGA-EE-A2MN-06	163	21	0	0	18	3
TCGA-EE-A2MP-06	234	102	0	26	26	5
TCGA-EE-A2MQ-06	230	75	0	9	36	15
TCGA-EE-A2MR-06	4643	0	182	0	233	3
TCGA-EE-A2MS-06	2951	962	0	0	32	37
TCGA-EE-A2MT-06	559	353	252	95	0	0
TCGA-EE-A2MU-06	773	41	0	22	6	68
TCGA-EE-A3AA-06	1571	179	240	0	11	49
TCGA-EE-A3AB-06	87	221	0	516	0	85
TCGA-EE-A3AC-06	795	265	229	78	0	18
TCGA-EE-A3AD-06	428	102	0	46	18	2
TCGA-EE-A3AE-06	1718	58	190	3	17	27
TCGA-EE-A3AF-06	383	591	250	129	8	0
TCGA-EE-A3AG-06	1490	558	128	136	0	0
TCGA-EE-A3AH-06	379	72	1	52	1	3
TCGA-EE-A3J3-06	122	48	0	7	46	4
TCGA-EE-A3J4-06	79	113	142	0	52	32
TCGA-EE-A3J5-06	749	820	1058	313	0	0
TCGA-EE-A3J7-06	679	488	0	0	123	60
TCGA-EE-A3J8-06	213	20	110	23	5	0
TCGA-EE-A3JA-06	668	231	536	0	0	0
TCGA-EE-A3JB-06	388	284	65	39	44	39
TCGA-EE-A3JD-06	2753	43	0	276	16	14
TCGA-EE-A3JE-06	224	104	0	14	18	9
TCGA-EE-A3JH-06	159	46	0	7	33	0
TCGA-EE-A3JI-06	517	531	368	0	86	34
TCGA-ER-A193-06	1265	495	675	145	8	31
TCGA-ER-A194-01	1174	435	119	135	3	0
TCGA-ER-A195-06	270	29	18	31	0	0
TCGA-ER-A196-01	4	0	0	1	19	1
TCGA-ER-A197-06	0	0	0	19	30	3
TCGA-ER-A198-06	419	159	0	36	38	0
TCGA-ER-A199-06	319	21	0	20	9	3
TCGA-ER-A19A-06	186	0	53	0	9	0
TCGA-ER-A19B-06	35	0	0	51	25	20
TCGA-ER-A19C-06	64	21	18	0	13	6
TCGA-ER-A19D-06	454	96	4	56	32	0
TCGA-ER-A19E-06	452	31	0	77	49	8
TCGA-ER-A19F-06	802	242	115	154	0	0
TCGA-ER-A19G-06	427	149	0	84	21	17
TCGA-ER-A19H-06	215	69	0	67	22	0
TCGA-ER-A19J-06	162	14	76	26	13	0
TCGA-ER-A19K-01	0	160	304	38	0	0
TCGA-ER-A19L-06	49	9	5	8	1	2
TCGA-ER-A19M-06	473	150	0	28	24	2
TCGA-ER-A19N-06	454	119	50	24	2	13
TCGA-ER-A19O-06	200	0	3	32	9	0
TCGA-ER-A19P-06	138	109	103	0	290	0
TCGA-ER-A19Q-06	132	7	0	0	24	0
TCGA-ER-A19S-06	69	68	92	36	9	1
TCGA-ER-A19T-01	0	20	0	7	34	9
TCGA-ER-A19W-06	353	65	0	4	51	15
TCGA-ER-A1A1-06	0	48	34	12	0	0
TCGA-ER-A2NB-01	0	15	0	8	51	11
TCGA-ER-A2NC-06	310	105	85	46	6	0
TCGA-ER-A2ND-06	57	0	0	59	23	6
TCGA-ER-A2NE-06	151	7	0	0	17	4
TCGA-ER-A2NF-01	0	11	15	7	8	0
TCGA-ER-A2NG-06	108	97	106	12	4	20
TCGA-ER-A2NH-06	350	8	8	49	0	0
TCGA-ER-A3ES-06	1	0	1	3	22	2
TCGA-ER-A3ET-06	0	14	11	30	52	9
TCGA-ER-A3EV-06	0	19	5	4	59	12
TCGA-ER-A3PL-06	240	201	43	35	0	0
TCGA-ER-A42H-01	4	3	0	5	63	3
TCGA-ER-A42K-06	167	73	0	10	15	8
TCGA-ER-A42L-06	233	345	672	51	0	0
TCGA-FR-A2OS-01	0	0	0	7	9	0
TCGA-FR-A3R1-01	364	153	0	47	25	0
TCGA-FR-A3YN-06	581	77	0	121	9	0
TCGA-FR-A3YO-06	904	68	78	133	6	0
TCGA-FR-A44A-06	180	111	65	27	36	1
TCGA-FR-A69P-06	201	32	17	49	6	0
TCGA-FR-A726-01	6699	2855	459	0	0	133
TCGA-FR-A728-01	400	59	43	24	6	8
TCGA-FR-A729-06	1097	13	32	0	5	57
TCGA-FR-A7U8-06	0	6	0	3	35	0
TCGA-FR-A7U9-06	1556	247	591	32	24	30
TCGA-FR-A7UA-06	68	44	129	0	0	0
TCGA-FR-A8YC-06	2606	476	692	280	0	46
TCGA-FR-A8YD-06	20	12	12	15	57	16
TCGA-FR-A8YE-06	337	37	52	36	0	9
TCGA-FS-A1YW-06	170	3	12	11	21	2
TCGA-FS-A1YX-06	5	8	0	0	16	1
TCGA-FS-A1YY-06	23	98	117	28	8	0
TCGA-FS-A1Z0-06	247	44	0	13	27	20
TCGA-FS-A1Z3-06	1060	94	91	105	12	28
TCGA-FS-A1Z4-06	0	11	24	16	2	0
TCGA-FS-A1Z7-06	103	64	63	12	8	0
TCGA-FS-A1ZA-06	1378	18	46	119	31	32
TCGA-FS-A1ZB-06	239	29	10	25	13	0
TCGA-FS-A1ZC-06	757	74	60	66	5	16
TCGA-FS-A1ZD-06	138	97	41	50	9	6
TCGA-FS-A1ZE-06	114	0	36	18	21	1
TCGA-FS-A1ZF-06	159	49	0	44	18	9
TCGA-FS-A1ZG-06	0	1	0	5	32	7
TCGA-FS-A1ZH-06	3	17	0	0	20	4
TCGA-FS-A1ZJ-06	0	9	12	6	52	4
TCGA-FS-A1ZK-06	1142	927	0	102	0	41
TCGA-FS-A1ZM-06	144	79	36	38	26	8
TCGA-FS-A1ZN-01	59	37	20	11	8	2
TCGA-FS-A1ZP-06	407	0	136	2	35	0
TCGA-FS-A1ZQ-06	211	124	331	0	1	16
TCGA-FS-A1ZR-06	148	9	0	21	9	0
TCGA-FS-A1ZS-06	178	72	63	37	34	0
TCGA-FS-A1ZT-06	52	51	110	22	7	0
TCGA-FS-A1ZU-06	5	0	7	6	33	1
TCGA-FS-A1ZW-06	748	75	0	0	48	37
TCGA-FS-A1ZY-06	2	14	0	0	22	4
TCGA-FS-A1ZZ-06	1530	0	474	143	0	0
TCGA-FS-A4F0-06	354	265	86	50	11	4
TCGA-FS-A4F4-06	13	0	9	0	28	6
TCGA-FS-A4F5-06	827	44	0	154	0	0
TCGA-FS-A4F8-06	81	47	67	18	15	7
TCGA-FS-A4F9-06	443	53	26	65	3	0
TCGA-FS-A4FB-06	193	30	0	9	12	6
TCGA-FS-A4FC-06	876	48	0	58	17	0
TCGA-FS-A4FD-06	331	77	184	3	3	10
TCGA-FW-A3I3-06	0	0	7	9	50	7
TCGA-FW-A3R5-06	23105	3281	0	0	716	367
TCGA-FW-A3TU-06	612	311	42	22	73	20
TCGA-FW-A3TV-06	404	8	0	0	23	23
TCGA-FW-A5DX-01	56	89	91	7	19	5
TCGA-FW-A5DY-06	171	12	22	36	0	0
TCGA-GF-A2C7-01	45	36	0	18	4	0
TCGA-GF-A3OT-06	543	172	0	9	51	9
TCGA-GF-A4EO-06	211	80	10	28	17	0
TCGA-GF-A6C8-06	349	77	0	87	10	4
TCGA-GF-A6C9-06	2851	0	835	160	0	8
TCGA-GF-A769-01	139	42	0	0	27	7
TCGA-GN-A262-06	219	216	0	43	17	0
TCGA-GN-A263-01	471	109	0	13	0	10
TCGA-GN-A264-06	16	0	4	0	27	14
TCGA-GN-A265-06	176	69	0	61	0	4
TCGA-GN-A266-06	4518	0	663	0	88	78
TCGA-GN-A267-06	206	220	121	0	36	17
TCGA-GN-A268-06	265	31	89	48	17	1
TCGA-GN-A269-01	504	214	253	20	0	7
TCGA-GN-A26A-06	251	152	0	38	6	5
TCGA-GN-A26C-01	1755	209	516	0	20	7
TCGA-GN-A26D-06	0	0	9	23	26	0
TCGA-GN-A4U3-06	279	119	25	10	22	6
TCGA-GN-A4U4-06	549	173	190	63	0	0
TCGA-GN-A4U5-01	95	224	100	33	1	0
TCGA-GN-A4U7-06	182	104	9	0	33	19
TCGA-GN-A4U8-06	345	80	94	4	13	10
TCGA-GN-A4U9-06	0	0	2	16	36	23
TCGA-GN-A8LK-06	1648	531	320	285	0	8
TCGA-GN-A8LL-06	11	8	0	6	34	11
TCGA-GN-A8LN-01	293	0	5	38	23	1
TCGA-GN-A9SD-06	171	0	0	0	27	6
TCGA-HR-A2OG-06	52	82	76	26	13	5
TCGA-HR-A2OH-06	100	33	0	2	13	9
TCGA-HR-A5NC-01	1	43	15	0	31	3
TCGA-IH-A3EA-01	877	304	727	107	0	0
TCGA-LH-A9QB-06	230	78	19	7	23	2
TCGA-OD-A75X-06	737	184	262	272	0	0
TCGA-QB-A6FS-06	1149	174	147	134	0	0
TCGA-QB-AA9O-06	1525	186	41	248	33	63
TCGA-RP-A690-06	0	1	0	7	10	2
TCGA-RP-A693-06	597	352	38	79	11	14
TCGA-RP-A694-06	864	33	0	0	46	32
TCGA-RP-A695-06	753	208	93	131	0	0
TCGA-RP-A6K9-06	0	6	0	7	49	6
TCGA-W3-A824-06	1210	368	152	124	177	0
TCGA-W3-A825-06	1286	20	94	91	36	27
TCGA-W3-A828-06	119	1034	628	22	18	30
TCGA-W3-AA1O-06	551	229	232	34	2	0
TCGA-W3-AA1Q-06	943	0	149	177	0	0
TCGA-W3-AA1R-06	1948	139	37	219	34	14
TCGA-W3-AA1V-06	4905	1042	1290	0	113	139
TCGA-W3-AA1W-06	544	97	284	0	34	0
TCGA-W3-AA21-06	471	18	124	68	22	0
TCGA-WE-A8JZ-06	3	95	153	0	30	0
TCGA-WE-A8K1-06	335	0	34	62	27	2
TCGA-WE-A8K4-01	699	196	100	159	0	5
TCGA-WE-A8K5-06	1421	64	0	49	48	8
TCGA-WE-A8K6-06	249	72	0	28	17	0
TCGA-WE-A8ZM-06	32	0	10	34	17	10
TCGA-WE-A8ZN-06	161	35	0	18	11	0
TCGA-WE-A8ZO-06	340	6	42	99	0	0
TCGA-WE-A8ZQ-06	133	41	0	4	62	10
TCGA-WE-A8ZR-06	0	0	18	0	18	0
TCGA-WE-A8ZT-06	289	171	126	41	1	0
TCGA-WE-A8ZX-06	592	0	204	0	2	2
TCGA-WE-A8ZY-06	212	37	35	39	18	5
TCGA-WE-AA9Y-06	13	40	38	0	10	3
TCGA-WE-AAA0-06	956	584	384	50	0	8
TCGA-WE-AAA3-06	437	0	64	0	19	10
TCGA-WE-AAA4-06	244	6	0	33	16	13
TCGA-XV-A9VZ-01	0	5	2	0	10	1
TCGA-XV-A9W2-01	15	0	0	0	40	1
TCGA-XV-A9W5-01	98	0	4	0	32	1
TCGA-XV-AAZV-01	57	21	54	8	19	0
TCGA-XV-AAZW-01	143	9	9	7	39	7
TCGA-XV-AAZY-01	165	19	54	0	0	1
TCGA-YD-A89C-06	1687	301	356	30	23	8
TCGA-YD-A9TA-06	2617	641	1293	0	44	41
TCGA-YD-A9TB-06	327	0	102	0	27	12
TCGA-YG-AA3N-01	1684	459	653	0	0	0
TCGA-YG-AA3O-06	603	310	504	105	5	0
TCGA-YG-AA3P-06	0	21	0	0	49	28
TCGA-Z2-A8RT-06	1588	750	1732	0	0	5
TCGA-Z2-AA3S-06	106	54	91	42	0	0
TCGA-Z2-AA3V-06	188	155	229	7	14	0
