MutationType	DBS78A	DBS78B	DBS78C	DBS78D	DBS78E	DBS78F	DBS78G
AC>CA	6.05E-04	6.39E-04	8.30E-04	1.58E-03	6.77E-04	1.22E-03	2.15E-03
AC>CG	6.14E-08	7.23E-04	1.39E-07	2.33E-04	6.12E-04	5.16E-04	2.33E-04
AC>CT	3.10E-04	1.23E-04	7.64E-04	1.17E-03	9.40E-04	1.20E-03	1.33E-03
AC>GA	1.76E-03	6.48E-08	2.27E-03	1.01E-03	6.89E-04	1.23E-03	1.16E-03
AC>GG	1.33E-04	2.30E-04	4.47E-04	5.28E-04	4.01E-04	1.17E-03	1.43E-03
AC>GT	2.26E-04	4.81E-08	5.22E-04	6.29E-04	3.10E-04	6.01E-04	6.54E-04
AC>TA	6.91E-04	2.00E-04	6.32E-04	1.47E-03	2.09E-03	2.92E-03	2.69E-03
AC>TG	7.43E-04	3.90E-08	9.24E-04	8.53E-04	2.84E-04	8.28E-04	5.50E-04
AC>TT	1.38E-04	9.82E-04	8.82E-04	9.42E-04	1.09E-03	1.18E-03	1.68E-03
AT>CA	3.30E-04	2.44E-04	6.08E-04	4.83E-04	5.63E-04	1.88E-03	2.26E-03
AT>CC	5.37E-08	4.68E-08	1.53E-07	2.05E-07	1.36E-07	1.53E-07	2.34E-07
AT>CG	5.37E-08	4.68E-08	1.53E-07	2.05E-07	1.36E-07	1.53E-07	2.34E-07
AT>GA	7.47E-04	2.56E-04	7.18E-04	1.12E-03	2.43E-04	1.07E-03	7.67E-04
AT>GC	5.37E-08	4.68E-08	1.53E-07	2.05E-07	1.36E-07	1.53E-07	2.34E-07
AT>TA	6.58E-04	6.83E-08	5.89E-04	5.92E-04	7.76E-04	6.92E-04	4.72E-04
CC>AA	5.82E-03	1.59E-03	7.39E-03	8.41E-03	5.58E-03	3.87E-03	4.98E-03
CC>AG	2.15E-03	9.38E-04	2.26E-03	4.68E-03	2.27E-03	3.95E-03	3.38E-03
CC>AT	3.62E-03	1.73E-03	3.29E-03	4.91E-03	2.09E-03	2.52E-03	3.53E-03
CC>GA	2.16E-03	6.11E-05	1.43E-03	2.65E-03	2.44E-03	2.15E-03	2.57E-03
CC>GG	4.17E-05	4.14E-08	3.36E-04	6.32E-04	8.38E-04	8.36E-04	4.42E-04
CC>GT	8.18E-04	2.46E-03	3.07E-03	3.24E-03	1.81E-03	2.50E-03	6.29E-03
CC>TA	1.93E-03	2.10E-03	9.67E-04	1.94E-03	7.34E-04	1.81E-03	6.87E-04
CC>TG	7.12E-04	6.64E-04	4.25E-04	1.60E-04	9.61E-04	3.84E-04	6.35E-04
CC>TT	3.64E-03	3.96E-03	2.02E-03	4.44E-03	1.72E-03	2.83E-03	4.84E-03
CG>AT	8.66E-05	4.45E-08	4.54E-04	2.05E-04	2.79E-04	4.93E-04	9.78E-05
CG>GC	5.37E-08	4.68E-08	1.53E-07	2.05E-07	1.36E-07	1.53E-07	2.34E-07
CG>GT	9.98E-04	1.30E-04	6.54E-04	8.17E-04	7.09E-04	9.28E-04	1.43E-03
CG>TA	5.94E-04	4.11E-04	1.86E-03	1.88E-03	1.23E-03	2.30E-03	3.34E-03
CG>TC	5.37E-08	4.68E-08	1.53E-07	2.05E-07	1.36E-07	1.53E-07	2.34E-07
CG>TT	5.37E-08	4.68E-08	1.53E-07	2.05E-07	1.36E-07	1.53E-07	2.34E-07
CT>AA	2.40E-03	9.25E-04	3.09E-03	3.33E-03	1.21E-03	2.63E-03	3.31E-03
CT>AC	9.56E-04	5.66E-08	4.74E-04	6.06E-04	2.95E-04	5.77E-04	4.89E-04
CT>AG	1.11E-03	1.28E-04	1.17E-03	2.65E-03	2.10E-03	3.97E-03	2.46E-03
CT>GA	6.70E-04	3.64E-08	6.92E-04	5.05E-04	1.34E-03	6.79E-04	5.03E-04
CT>GC	1.32E-04	1.05E-03	3.94E-04	8.40E-04	8.00E-04	1.09E-03	6.80E-04
CT>GG	7.05E-04	8.03E-04	3.58E-04	5.67E-04	1.01E-03	3.39E-04	1.25E-03
CT>TA	1.41E-03	2.55E-03	1.86E-03	2.76E-03	1.00E-03	2.47E-03	2.79E-03
CT>TC	8.68E-04	8.08E-04	2.28E-03	4.58E-04	6.64E-04	1.08E-03	2.11E-03
CT>TG	3.60E-04	4.93E-04	2.30E-03	1.47E-03	1.98E-03	1.99E-03	3.24E-03
GC>AA	3.13E-03	1.51E-03	5.29E-03	3.81E-03	2.02E-03	5.13E-03	5.16E-03
GC>AG	2.56E-03	1.31E-03	1.56E-03	3.47E-03	8.14E-04	3.17E-03	3.23E-03
GC>AT	9.89E-04	4.07E-04	1.09E-03	3.27E-03	1.20E-03	2.48E-03	2.89E-03
GC>CA	1.63E-04	9.18E-04	7.45E-04	5.57E-04	1.94E-03	1.36E-03	2.49E-03
GC>CG	5.37E-08	4.68E-08	1.53E-07	2.05E-07	1.36E-07	1.53E-07	2.34E-07
GC>TA	8.78E-04	1.76E-04	4.96E-04	7.12E-04	8.61E-04	8.97E-04	1.11E-03
TA>AT	4.59E-04	6.42E-04	1.28E-03	1.60E-03	1.08E-03	2.37E-03	3.27E-03
TA>CG	1.66E-04	2.68E-04	5.14E-04	1.71E-04	9.18E-04	7.29E-04	1.36E-03
TA>CT	4.89E-04	2.46E-04	1.48E-03	2.29E-03	2.03E-03	1.97E-03	4.53E-03
TA>GC	5.37E-08	4.68E-08	1.53E-07	2.05E-07	1.36E-07	1.53E-07	2.34E-07
TA>GG	1.05E-04	2.38E-04	8.12E-04	3.63E-04	6.07E-04	9.16E-04	1.18E-03
TA>GT	1.60E-03	1.47E-04	1.14E-03	1.60E-03	4.62E-04	8.51E-04	2.08E-03
TC>AA	2.66E-03	1.03E-03	6.26E-03	4.17E-03	4.98E-03	7.82E-03	4.76E-03
TC>AG	1.65E-03	2.28E-03	1.55E-03	2.03E-03	2.31E-03	3.37E-03	2.38E-03
TC>AT	2.15E-03	4.14E-03	3.09E-03	4.25E-03	1.96E-03	5.35E-03	6.06E-03
TC>CA	2.41E-03	6.97E-04	4.08E-03	2.13E-03	3.57E-03	3.35E-03	3.69E-03
TC>CG	9.39E-04	4.72E-04	7.14E-04	6.00E-04	1.59E-03	1.26E-03	1.00E-03
TC>CT	1.73E-03	1.46E-03	1.49E-03	2.62E-03	1.34E-03	1.53E-03	1.17E-03
TC>GA	2.04E-03	1.92E-04	2.17E-03	2.66E-03	1.49E-03	3.34E-03	2.58E-03
TC>GG	5.30E-04	6.95E-04	3.17E-04	7.42E-04	8.95E-04	2.07E-04	1.82E-04
TC>GT	3.52E-04	1.04E-03	1.26E-03	1.32E-03	1.01E-03	1.49E-03	3.83E-03
TG>AA	8.43E-04	4.07E-08	7.25E-04	6.10E-04	1.45E-03	7.41E-04	4.67E-04
TG>AC	6.71E-04	4.99E-08	2.01E-04	5.56E-04	1.20E-04	1.47E-07	5.47E-04
TG>AT	1.93E-03	3.22E-08	1.78E-03	2.53E-03	2.79E-03	2.59E-03	2.76E-03
TG>CA	1.33E-03	9.45E-04	4.42E-03	3.01E-03	2.50E-03	3.34E-03	3.34E-03
TG>CC	7.09E-04	7.46E-04	1.14E-03	3.30E-03	1.42E-03	2.68E-03	3.25E-03
TG>CT	2.39E-03	4.84E-04	3.44E-03	6.67E-03	4.29E-03	6.53E-03	3.36E-03
TG>GA	6.87E-08	2.23E-04	3.56E-04	3.32E-04	1.00E-03	3.76E-04	1.31E-03
TG>GC	5.61E-08	2.08E-04	3.55E-04	3.79E-04	9.65E-04	1.19E-03	1.67E-03
TG>GT	8.22E-04	1.29E-03	5.50E-04	2.03E-03	1.50E-03	2.10E-03	1.77E-03
TT>AA	7.56E-04	9.68E-04	7.09E-04	9.59E-04	2.89E-03	1.85E-03	3.02E-03
TT>AC	5.66E-08	4.45E-08	1.39E-07	1.96E-07	7.91E-04	4.06E-04	4.92E-04
TT>AG	5.23E-04	3.75E-04	1.41E-03	1.10E-03	7.21E-04	9.57E-04	3.07E-03
TT>CA	6.03E-08	6.56E-04	1.51E-07	1.98E-07	1.13E-07	1.54E-07	4.61E-07
TT>CC	5.56E-04	6.81E-04	2.46E-04	7.44E-04	2.28E-04	1.48E-07	4.30E-04
TT>CG	4.17E-04	2.49E-04	9.68E-04	1.12E-03	5.09E-04	1.00E-03	1.81E-03
TT>GA	5.37E-08	4.68E-08	1.53E-07	2.05E-07	1.36E-07	1.53E-07	2.34E-07
TT>GC	5.91E-08	3.02E-04	6.59E-05	1.05E-03	6.28E-04	1.66E-03	1.36E-03
TT>GG	4.57E-04	4.73E-08	4.49E-04	4.88E-04	1.09E-04	7.90E-04	1.62E-04
