MutationType	DBS78A	DBS78B	DBS78C	DBS78D	DBS78E	DBS78F	DBS78G
AC>CA	0.0021631332279788396	0.002613312145203679	0.003998503645113089	0.008459718559605846	0.002027894243030346	0.004562645362987538	0.016195345798903985
AC>CG	7.630706146954935e-07	0.00748211528178274	1.5822661213604762e-06	0.00023524815469841087	0.005891391948821791	0.001289794784469791	0.0003312641009750905
AC>CT	0.0010582436036935406	0.00012396841571472807	0.0036730566885550785	0.006733281617982385	0.008746678581807998	0.008355683077179208	0.005498442420228713
AC>GA	0.018373969577487798	6.298118239378425e-07	0.020217219665106326	0.0044813237739744945	0.001804147157743614	0.0048503874264955015	0.0032194111701161886
AC>GG	0.0001889122002894794	0.0004022855591258434	0.0010020370160604842	0.0008093352267906084	0.001190377263866651	0.0031895713482327894	0.006573373986864226
AC>GT	0.0004916247709671318	1.250956081548793e-06	0.0024944132938884422	0.002179854128166312	0.0008350270283563077	0.0013348830896975983	0.0017541534116219282
AC>TA	0.004177226840585036	0.00025464775564998376	0.0024576433779181883	0.00803278814048781	0.019534678471130176	0.02851454251682057	0.017952781982927206
AC>TG	0.003928086728970186	1.0605996443757703e-06	0.003471049743288006	0.0039836736256353335	0.00045683067048692296	0.0018685473337760072	0.0012742729347871773
AC>TT	0.00026262456141793676	0.013620655338898047	0.005631629461799612	0.004517957614968253	0.009695189260377575	0.007265254466519515	0.012942348050466705
AT>CA	0.0004928071782194365	0.0004491602796284155	0.0034772380075830255	0.0013191505871713361	0.002176070373606649	0.013613980047771292	0.010448566893873874
AT>CC	1.3897905995463588e-06	1.5260147262097234e-06	2.580063865025295e-06	3.0687533069340135e-06	1.993723016653348e-06	3.4969956311670104e-06	5.624697721486882e-06
AT>CG	1.3897905995463588e-06	1.5260147262097234e-06	2.580063865025295e-06	3.0687533069340135e-06	1.993723016653348e-06	3.4969956311670104e-06	5.624697721486882e-06
AT>GA	0.004782133359080092	0.000474154848368471	0.003586699797693882	0.004921945937205834	0.0005914011547667997	0.0043806994237162835	0.0021296416616531032
AT>GC	1.3897905995463588e-06	1.5260147262097234e-06	2.580063865025295e-06	3.0687533069340135e-06	1.993723016653348e-06	3.4969956311670104e-06	5.624697721486882e-06
AT>TA	0.003660703089522528	1.01405680965172e-06	0.002782498606392778	0.0026500372759682023	0.006643518943887159	0.0034726634866208885	0.001182748382570935
CC>AA	0.27493375435471534	0.026123125650200335	0.22371385026288862	0.12326071728258142	0.12060262226616032	0.02505185570946196	0.0326559364127911
CC>AG	0.0336251596895903	0.009088681450167542	0.028630595818036682	0.05113269214976993	0.030354680051191282	0.036937128378184525	0.028226164998565652
CC>AT	0.11364501405507327	0.02959766716403408	0.03499549301564002	0.06638996252855535	0.02858994696533955	0.01940950958808159	0.029369376117546385
CC>GA	0.02316222155179531	6.133278798385433e-05	0.01241147636390263	0.030015199211378664	0.03438360167266865	0.01940091952788208	0.023660682089810335
CC>GG	4.263075256993432e-05	1.0381887744870255e-06	0.000603615374819979	0.00273746474924252	0.007554992034475845	0.0047387711106711096	0.0010179658956803905
CC>GT	0.0034414696209579885	0.03911492681931577	0.018058033190379776	0.017050164850714998	0.005450203009841861	0.018858474915491853	0.07466337518076671
CC>TA	0.02060029754145134	0.05082247506827116	0.006366266659178698	0.012865783318986673	0.0016688853414723326	0.009745388173618324	0.0014201990764965444
CC>TG	0.004673994543990006	0.005957718099364726	0.0012440024169192475	0.00028157563340180046	0.007796915354881051	0.000985435770863461	0.0011009421247609908
CC>TT	0.03278694909564109	0.2750723896920681	0.01706172800619129	0.03370078857935823	0.018373952803956116	0.022124543385655216	0.038089280382263266
CG>AT	0.00017424463110017995	1.3268674086930331e-06	0.0020035763572644784	0.00036989660514606725	0.000578304867291024	0.0019048749266551113	0.00014460691435488115
CG>GC	1.3897905995463588e-06	1.5260147262097234e-06	2.580063865025295e-06	3.0687533069340135e-06	1.993723016653348e-06	3.4969956311670104e-06	5.624697721486882e-06
CG>GT	0.0050329038042087855	0.00018197196401366965	0.0023512372337558675	0.0032755708004589225	0.0018853879247274108	0.0029485971343953922	0.006590245012310448
CG>TA	0.0009406888678014802	0.0010933891487684378	0.003610215002575501	0.007938807202043848	0.004293199133638233	0.01184008096043442	0.025176158140446887
CG>TC	1.3897905995463588e-06	1.5260147262097234e-06	2.580063865025295e-06	3.0687533069340135e-06	1.993723016653348e-06	3.4969956311670104e-06	5.624697721486882e-06
CG>TT	1.3897905995463588e-06	1.5260147262097234e-06	2.580063865025295e-06	3.0687533069340135e-06	1.993723016653348e-06	3.4969956311670104e-06	5.624697721486882e-06
CT>AA	0.028568918482833112	0.012619025216778823	0.035309167941695134	0.031440866195445484	0.01012133611256317	0.020588050334714014	0.019994130152060047
CT>AC	0.008050573316242548	1.0381861051200758e-06	0.0026292548951791163	0.0026541481498196617	0.000582024770166285	0.0021714179817965374	0.0007643850016248166
CT>AG	0.006837708049959375	0.0001287167240969822	0.007124477611990869	0.02127000543600701	0.02703969897836089	0.04551042250875412	0.012470177586099283
CT>GA	0.00359209136638313	8.456470135342897e-07	0.003516886980495144	0.002381442496920272	0.014577518217938632	0.002797588501049404	0.0010650247522536915
CT>GC	0.00013234462844092577	0.011079831453087082	0.0008475000213966766	0.003881219234129105	0.006347152777940579	0.005942068245543339	0.0024423774677430287
CT>GG	0.003171365647327846	0.006870026781518561	0.0008800949858417795	0.0030702990859925805	0.00804936354827756	0.0009373559996138425	0.009340458913619044
CT>TA	0.010001960575505998	0.07243662893772125	0.01867812456218758	0.015508820587511707	0.0036749652640656904	0.016206393348659275	0.01122275737390197
CT>TC	0.003174118599184874	0.0072649508460515475	0.01738933152060497	0.0009399466476712348	0.002017425591247317	0.0024384093777283056	0.012184430851724527
CT>TG	0.0006075917548415788	0.0020692958576285034	0.005654918248449761	0.005629890632307735	0.013125006990775602	0.007867378881567362	0.023463053142216878
GC>AA	0.05368459747471206	0.02270767789752824	0.08645875795956727	0.043786315736368805	0.02130924539582111	0.043713374028528165	0.03971645990453226
GC>AG	0.04191118227920356	0.01768551770848527	0.011252012038348198	0.03482044721728925	0.0020131528157405045	0.035038051543735904	0.01676287463216255
GC>AT	0.005397965852646493	0.0005195305425219487	0.00432495514060605	0.029492799095792322	0.004381631353690523	0.017930936521186994	0.022306184750995044
GC>CA	0.0002919747034599851	0.007943671006453315	0.004064335003861057	0.0015419968356673052	0.02037122573579907	0.0075914696605482845	0.0256535815613222
GC>CG	1.3897905995463588e-06	1.5260147262097234e-06	2.580063865025295e-06	3.0687533069340135e-06	1.993723016653348e-06	3.4969956311670104e-06	5.624697721486882e-06
GC>TA	0.005622285707644465	0.00033323484280160185	0.0016339167282098188	0.002342859576166205	0.007586436655770967	0.002732389656175869	0.004644388578578287
TA>AT	0.0018603241661462988	0.005931016226290247	0.008834997253374865	0.008956813828355621	0.004604109319477772	0.015024308028121141	0.029769594217912074
TA>CG	0.0001666556542092934	0.0003857352796407554	0.001338389947198948	0.0003310338170442151	0.008241613885269885	0.0026462086259145144	0.008284767623843692
TA>CT	0.001522218588692752	0.0002746709611763265	0.008766373870621402	0.012972076813395218	0.02765234888876073	0.012403366569655261	0.03832205600172301
TA>GC	1.3897905995463588e-06	1.5260147262097234e-06	2.580063865025295e-06	3.0687533069340135e-06	1.993723016653348e-06	3.4969956311670104e-06	5.624697721486882e-06
TA>GG	0.0001060489922278407	0.00038903950407657815	0.0017838090007909102	0.0005997718656013262	0.0011165394499758462	0.0022326565913536457	0.006713812303205486
TA>GT	0.01195000477127877	0.000200500569823538	0.0058909202369228095	0.008587527462529039	0.0010447452500670807	0.0030032870114520805	0.008960277455372676
TC>AA	0.037693349882029	0.009465381329609954	0.11618666928261519	0.04344295326096699	0.1274636859819293	0.13839312955737115	0.058143154155407044
TC>AG	0.010420777716530551	0.05083360571233698	0.010687049801891817	0.010911256762933821	0.012910536910559642	0.024350335589330002	0.010130568548592577
TC>AT	0.04204944198382463	0.18699509620666505	0.040377845736431085	0.04962868431800018	0.01506204897269015	0.05838012916832213	0.043487186175276235
TC>CA	0.022950271615618335	0.00752245704478609	0.04593506395673586	0.010028609754993738	0.046033923921067414	0.02052944805315092	0.019852812063830924
TC>CG	0.00495524414980892	0.00214752095204247	0.0019431199625584838	0.0017004977464851123	0.01645039226365725	0.003722527548380725	0.0032073885820318535
TC>CT	0.02650182251675261	0.029273562857997603	0.010846903500731031	0.016330159003798174	0.013910562728403875	0.005943046002648109	0.004535040461110764
TC>GA	0.021015830513709657	0.00019261997130865183	0.02083820122725484	0.02045526756212121	0.011698345633579379	0.026492056182914326	0.011044818602948182
TC>GG	0.0031193971419571386	0.00698646034068247	0.0006440697932062278	0.003703973551748163	0.007243688038410312	0.0004627421699316869	0.00029849233623821194
TC>GT	0.0011610656104056583	0.01012602905342419	0.00947274233812152	0.005729468403304025	0.0031893298374976098	0.008017849508103723	0.03333312474571116
TG>AA	0.007558301623560446	6.724589389506264e-07	0.004323620359081115	0.0027812690573608733	0.0164343466788074	0.0031324544504025198	0.0009973143028602748
TG>AC	0.0034670763979794115	1.3556259392544235e-06	0.00047781185689643735	0.0021781898642052513	0.00012139948896830788	2.9144885269261067e-06	0.0005521713508278481
TG>AT	0.025508533175561184	1.8832084968778418e-07	0.01546662784761026	0.025982296752868735	0.041988959692289426	0.028310766569379097	0.020254850830707483
TG>CA	0.009110742236992663	0.0086409038641618	0.03956862614809324	0.0256650062480918	0.019053107813881524	0.02731045514455455	0.02081514374805568
TG>CC	0.0020850233708190656	0.008469158653104509	0.0059646381075074825	0.01975426937005281	0.004584675208914426	0.017664044482162994	0.01815026323183645
TG>CT	0.028096335382131167	0.0009342386367720224	0.03251923106765389	0.09692399522246092	0.07136201811782485	0.08612696835666839	0.023880182608710356
TG>GA	9.488387341605175e-07	0.00036627995475186026	0.0007823353372486253	0.0006722710130665632	0.0076059830663074025	0.0007628520499051206	0.007916674715860382
TG>GC	7.229166380895436e-07	0.00032162392483030543	0.0007346215597883088	0.0010873596084960014	0.008675275361607077	0.00612137246720124	0.013498913302233007
TG>GT	0.0044816196284141975	0.015731118390652343	0.0019391255791410345	0.011221880232630257	0.018760608766110635	0.01332502108711182	0.00869201479401216
TT>AA	0.003940429304432485	0.01539468033996954	0.0028354341745080803	0.0035258083691945786	0.040091732091854765	0.008904409588259625	0.021922411735589266
TT>AC	1.1851008612495661e-06	1.3037107686386662e-06	2.2014385869795206e-06	2.7294007389855326e-06	0.005751751103174456	0.0008711290956830453	0.0007693811154115337
TT>AG	0.0016899072221491273	0.000501162010961611	0.0038432628806836532	0.005676249278766861	0.0028602507275092394	0.0037044104997215753	0.02563222813693983
TT>CA	1.0387207455408999e-06	0.006494806654993112	2.051004500547293e-06	2.4458416883987865e-06	1.5376154445334578e-06	2.7098954666371356e-06	5.013816318069075e-06
TT>CC	0.002474450955017158	0.0073115241844300275	0.0006084826363266859	0.003198834668887862	0.00036678252185559754	2.107582941448527e-06	0.0006122367116401506
TT>CG	0.0005828391194386562	0.00038909047692186504	0.0023837415497288818	0.0047460453327246195	0.0015613208808321133	0.0043483611717923054	0.010199389218212219
TT>GA	1.3897906018200955e-06	1.5260147358731047e-06	2.580063853088177e-06	3.068753300112803e-06	1.9937230234745585e-06	3.496995628324839e-06	5.62469776468788e-06
TT>GC	8.948684754273018e-07	0.000502949468518068	6.788982726618542e-05	0.00491576410438256	0.0016257956592306754	0.008145704947001491	0.006089090887464863
TT>GG	0.0018307469370617468	1.2406009431487063e-06	0.0013035237419334056	0.00215588552219117	0.0001925526820505752	0.0015222150257903878	0.00023142622305726945
