NMF_Replicate	L1	L1 %	L2	L2 %	KL Divergence	Correlation	Convergence Iterations
1	29.359	99.377	6.715	64.212	0.925	0.672	30000.0
2	31.372	100.92	7.276	66.353	0.957	0.668	20000.0
3	29.068	97.448	6.803	64.523	0.912	0.686	20000.0
4	29.507	94.275	6.933	62.53	0.81	0.716	20000.0
5	29.583	99.925	7.031	66.824	0.933	0.633	20000.0
6	29.874	97.35	7.173	63.364	0.871	0.695	30000.0
7	28.403	95.174	6.988	64.576	0.834	0.69	20000.0
8	28.977	96.576	7.021	65.196	0.918	0.662	30000.0
9	28.316	94.059	6.644	62.748	0.846	0.697	30000.0
10	27.865	95.641	6.565	62.807	0.9	0.689	20000.0
11	28.603	97.039	6.804	63.684	0.902	0.685	30000.0
12	30.52	97.494	7.22	66.068	0.863	0.682	20000.0
13	27.843	98.323	6.512	64.715	0.973	0.655	40000.0
14	29.391	94.703	6.522	63.174	0.833	0.695	20000.0
15	29.207	98.754	6.542	62.805	0.961	0.676	30000.0
16	29.023	98.413	6.686	65.099	0.875	0.666	30000.0
17	29.049	99.562	6.639	64.821	0.933	0.654	30000.0
18	30.243	95.808	7.127	63.236	0.89	0.701	20000.0
19	29.04	100.713	6.851	65.548	0.989	0.646	30000.0
20	25.619	92.382	6.191	60.197	0.851	0.711	20000.0
21	29.176	101.173	6.871	66.682	1.013	0.63	30000.0
22	27.803	95.87	6.383	61.246	0.865	0.718	20000.0
23	27.667	95.736	6.557	65.418	0.91	0.668	20000.0
24	29.447	100.48	7.005	66.102	0.942	0.654	20000.0
25	29.986	96.751	7.167	64.025	0.871	0.697	20000.0
26	28.513	98.458	6.837	64.113	0.944	0.662	40000.0
27	28.186	95.663	6.418	62.321	0.873	0.697	30000.0
28	29.188	99.728	6.906	66.087	0.95	0.643	20000.0
29	30.332	98.59	7.119	65.014	0.907	0.68	40000.0
30	28.775	98.468	6.791	65.34	0.899	0.674	30000.0
31	28.637	96.688	7.114	67.609	0.924	0.645	30000.0
32	30.533	99.752	7.328	67.354	0.892	0.668	30000.0
33	30.916	100.459	7.075	67.006	0.925	0.656	20000.0
34	28.181	94.618	6.692	64.026	0.879	0.681	30000.0
35	27.808	96.297	6.396	63.312	0.878	0.686	30000.0
36	28.501	95.776	6.738	63.402	0.908	0.686	40000.0
37	28.286	94.584	6.59	61.976	0.91	0.707	20000.0
38	27.886	93.068	6.643	61.722	0.824	0.715	20000.0
39	29.005	101.189	6.707	67.443	0.967	0.632	30000.0
40	28.603	90.673	6.58	60.888	0.801	0.733	40000.0
41	28.957	98.453	6.796	65.946	0.919	0.646	20000.0
42	29.043	99.239	7.182	66.543	0.963	0.652	20000.0
43	31.198	99.851	7.366	68.19	0.896	0.659	30000.0
44	29.145	99.695	6.861	65.922	0.921	0.661	20000.0
45	28.063	97.037	6.49	63.612	0.884	0.678	20000.0
46	29.145	93.767	6.501	61.227	0.839	0.722	20000.0
47	29.575	100.176	7.015	65.439	0.911	0.663	20000.0
48	30.173	101.702	7.177	66.773	0.98	0.652	50000.0
49	31.334	102.966	7.242	66.845	0.933	0.645	40000.0
50	29.952	99.374	7.33	65.818	0.951	0.656	20000.0
51	28.395	98.99	7.063	65.13	0.938	0.668	20000.0
52	28.371	96.138	6.365	61.759	0.885	0.704	30000.0
53	28.261	98.334	6.814	66.127	0.95	0.643	40000.0
54	29.095	96.448	6.556	64.448	0.908	0.675	40000.0
55	30.294	101.47	7.184	67.141	0.963	0.642	40000.0
56	29.168	97.975	7.203	66.547	0.93	0.657	30000.0
57	30.535	99.721	7.309	67.89	0.905	0.648	20000.0
58	29.01	99.15	6.675	65.063	0.96	0.657	30000.0
59	28.512	98.384	6.743	63.469	0.964	0.685	20000.0
60	29.163	99.876	6.711	65.995	0.946	0.652	20000.0
61	28.787	97.656	6.899	65.191	0.904	0.68	40000.0
62	28.638	97.191	6.412	63.629	0.889	0.676	20000.0
63	28.167	94.358	6.809	65.309	0.899	0.667	30000.0
64	30.02	99.061	7.158	66.161	0.913	0.671	30000.0
65	27.989	94.546	6.384	61.269	0.826	0.714	20000.0
66	29.203	94.797	6.421	61.618	0.876	0.718	30000.0
67	28.98	95.516	7.262	64.908	0.85	0.7	40000.0
68	28.766	95.319	6.726	64.243	0.863	0.687	40000.0
69	30.01	100.601	7.183	67.959	0.986	0.635	30000.0
70	29.515	95.063	6.967	64.189	0.847	0.691	20000.0
71	28.721	100.821	6.874	67.023	0.979	0.629	40000.0
72	30.967	102.875	7.438	67.984	0.998	0.625	30000.0
73	29.218	97.185	6.798	64.244	0.895	0.697	30000.0
74	28.297	95.381	6.323	61.643	0.91	0.69	20000.0
75	29.524	101.064	6.995	66.856	0.995	0.634	40000.0
76	30.279	101.368	7.068	65.582	0.951	0.668	20000.0
77	28.424	96.564	6.552	63.069	0.896	0.694	20000.0
78	29.644	99.89	6.951	66.119	0.942	0.657	40000.0
79	31.408	100.967	7.353	68.067	0.921	0.645	20000.0
80	28.796	95.281	6.984	65.448	0.879	0.67	40000.0
81	29.018	96.246	6.753	63.445	0.886	0.683	30000.0
82	29.826	97.788	7.113	64.253	0.875	0.697	20000.0
83	28.88	97.906	6.791	64.871	0.904	0.675	20000.0
84	29.062	96.629	6.817	63.658	0.917	0.674	30000.0
85	28.086	96.296	6.538	62.987	0.907	0.681	60000.0
86	29.558	98.448	7.264	64.887	0.872	0.692	20000.0
87	28.615	95.841	6.557	63.39	0.862	0.695	40000.0
88	30.177	100.396	6.957	65.074	0.934	0.671	20000.0
89	30.556	98.697	7.073	63.993	0.866	0.704	20000.0
90	28.832	96.843	6.999	64.449	0.906	0.675	40000.0
91	28.825	97.5	6.765	63.856	0.9	0.679	30000.0
92	29.356	98.642	7.322	66.648	0.914	0.67	20000.0
93	31.361	105.241	7.534	70.718	0.996	0.6	20000.0
94	29.991	96.867	6.959	63.24	0.939	0.684	20000.0
95	29.697	98.658	7.23	67.036	0.942	0.652	20000.0
96	28.372	97.687	6.699	63.838	0.896	0.681	20000.0
97	28.646	98.781	6.408	64.307	0.901	0.68	40000.0
98	29.264	94.475	7.132	63.753	0.824	0.711	20000.0
99	28.895	102.002	6.773	65.806	0.977	0.65	30000.0
100	27.974	96.002	6.807	63.237	0.895	0.693	20000.0
