Samples	SBS96A	SBS96B	SBS96C	SBS96D	SBS96E	SBS96F	SBS96G
TCGA-05-4244-01	109	87	6	0	4	32	22
TCGA-05-4249-01	209	43	34	48	24	0	27
TCGA-05-4250-01	212	3	54	81	38	19	27
TCGA-05-4382-01	1496	111	202	0	53	199	49
TCGA-05-4384-01	69	17	8	23	14	17	16
TCGA-05-4389-01	62	1	85	15	13	77	43
TCGA-05-4390-01	463	101	6	16	38	39	31
TCGA-05-4395-01	129	0	101	14	31	51	22
TCGA-05-4396-01	133	109	12	0	23	36	21
TCGA-05-4397-01	423	125	161	151	39	93	27
TCGA-05-4398-01	448	80	87	76	34	147	56
TCGA-05-4402-01	0	19	101	11	2	17	5
TCGA-05-4403-01	48	47	4	12	18	4	35
TCGA-05-4405-01	264	76	28	44	30	1	39
TCGA-05-4410-01	708	261	149	63	38	106	23
TCGA-05-4415-01	145	50	5	19	13	6	12
TCGA-05-4417-01	185	109	6	10	5	24	13
TCGA-05-4418-01	165	7	13	82	42	5	20
TCGA-05-4420-01	204	56	14	29	20	27	21
TCGA-05-4422-01	5	0	16	0	8	18	7
TCGA-05-4424-01	531	114	129	64	35	0	28
TCGA-05-4425-01	0	6	0	0	6	4	37
TCGA-05-4426-01	1	20	5	1	1	10	17
TCGA-05-4427-01	668	242	57	64	50	141	28
TCGA-05-4430-01	190	65	19	31	10	9	17
TCGA-05-4432-01	387	100	25	133	47	29	32
TCGA-05-4433-01	0	14	2	0	0	0	29
TCGA-05-4434-01	0	18	10	9	11	0	11
TCGA-05-5420-01	34	35	2	6	15	6	18
TCGA-05-5423-01	84	25	14	1	5	31	27
TCGA-05-5425-01	385	144	40	93	33	0	24
TCGA-05-5428-01	196	0	115	0	34	113	17
TCGA-05-5429-01	0	5	4	0	2	8	25
TCGA-05-5715-01	10	17	93	0	2	0	29
TCGA-35-3615-01	39	0	37	0	9	47	14
TCGA-35-4122-01	105	73	37	108	28	44	17
TCGA-35-4123-01	211	95	12	16	19	0	16
TCGA-35-5375-01	210	83	46	94	20	32	38
TCGA-38-4625-01	490	21	130	0	29	75	20
TCGA-38-4626-01	206	57	17	9	13	23	0
TCGA-38-4627-01	7	4	3	5	8	0	9
TCGA-38-4628-01	14	77	16	0	8	11	23
TCGA-38-4629-01	112	75	30	14	32	62	25
TCGA-38-4630-01	14	9	63	0	16	28	35
TCGA-38-4631-01	550	276	21	42	34	0	4
TCGA-38-4632-01	329	111	31	92	56	16	20
TCGA-38-6178-01	7	22	6	0	14	30	12
TCGA-38-7271-01	41	17	44	10	1	0	3
TCGA-38-A44F-01	0	8	0	0	3	2	5
TCGA-44-2655-01	163	10	11	8	16	11	9
TCGA-44-2656-01	737	109	22	80	57	0	53
TCGA-44-2657-01	293	98	46	0	15	40	30
TCGA-44-2659-01	349	53	15	0	20	35	36
TCGA-44-2661-01	0	22	4	4	5	9	6
TCGA-44-2662-01	36	12	155	17	7	34	7
TCGA-44-2665-01	0	0	13	9	1	24	14
TCGA-44-2666-01	0	4	7	11	3	6	12
TCGA-44-2668-01	240	73	67	0	13	43	7
TCGA-44-3396-01	34	37	90	0	6	47	31
TCGA-44-3398-01	97	6	73	37	0	12	23
TCGA-44-3917-01	108	110	21	0	26	0	9
TCGA-44-3918-01	826	158	102	35	33	0	27
TCGA-44-3919-01	0	24	21	8	9	0	7
TCGA-44-4112-01	356	29	121	36	25	9	33
TCGA-44-5643-01	21	58	23	0	19	20	21
TCGA-44-5644-01	706	232	58	71	34	26	44
TCGA-44-5645-01	0	17	0	16	4	0	7
TCGA-44-6144-01	139	25	20	56	15	13	16
TCGA-44-6145-01	267	54	9	8	7	39	8
TCGA-44-6146-01	0	16	0	1	13	2	15
TCGA-44-6147-01	90	26	4	2	18	11	10
TCGA-44-6148-01	1	0	0	3	2	0	2
TCGA-44-6774-01	253	75	6	17	12	2	5
TCGA-44-6775-01	12	21	7	15	9	13	9
TCGA-44-6776-01	170	1	12	37	14	0	17
TCGA-44-6777-01	206	8	97	40	48	51	29
TCGA-44-6778-01	248	94	9	65	16	36	19
TCGA-44-6779-01	23	43	4	0	7	27	21
TCGA-44-7659-01	93	16	12	43	12	0	7
TCGA-44-7660-01	132	130	35	134	13	0	25
TCGA-44-7661-01	153	76	74	17	13	0	9
TCGA-44-7662-01	365	90	76	89	37	39	19
TCGA-44-7667-01	275	159	9	8	21	70	37
TCGA-44-7669-01	280	108	8	105	37	0	23
TCGA-44-7670-01	821	122	173	12	58	111	37
TCGA-44-7671-01	115	97	13	24	24	0	18
TCGA-44-7672-01	89	49	9	10	11	23	6
TCGA-44-8117-01	629	99	42	75	26	12	47
TCGA-44-8119-01	419	135	17	56	32	50	64
TCGA-44-8120-01	496	90	29	45	24	34	27
TCGA-44-A479-01	273	0	23	23	13	21	24
TCGA-44-A47A-01	37	97	104	0	9	0	24
TCGA-44-A47B-01	7	8	0	0	6	17	22
TCGA-44-A47F-01	10	22	14	0	12	32	23
TCGA-44-A47G-01	15	21	20	13	13	6	13
TCGA-44-A4SS-01	269	116	69	82	33	6	19
TCGA-44-A4SU-01	70	34	3	24	14	14	28
TCGA-49-4486-01	22	24	129	18	15	0	5
TCGA-49-4487-01	203	85	66	46	18	9	5
TCGA-49-4488-01	224	0	26	22	7	76	12
TCGA-49-4490-01	0	2	19	17	5	1	24
TCGA-49-4494-01	103	88	11	0	9	3	18
TCGA-49-4501-01	0	0	10	0	6	22	34
TCGA-49-4505-01	117	46	14	1	2	58	36
TCGA-49-4506-01	69	0	4	39	7	4	17
TCGA-49-4507-01	67	58	43	0	19	41	21
TCGA-49-4510-01	19	4	6	29	4	0	4
TCGA-49-4512-01	0	18	4	0	5	11	17
TCGA-49-4514-01	157	28	115	13	35	40	25
TCGA-49-6742-01	9	0	125	0	27	168	25
TCGA-49-6743-01	348	28	209	142	67	125	26
TCGA-49-6744-01	162	84	6	10	20	2	1
TCGA-49-6745-01	0	0	85	0	23	26	36
TCGA-49-6761-01	57	0	79	1	15	69	25
TCGA-49-6767-01	377	26	43	100	22	0	26
TCGA-49-AAQV-01	1	20	42	14	0	0	11
TCGA-49-AAR0-01	72	9	21	24	19	10	21
TCGA-49-AAR2-01	330	87	13	18	24	2	14
TCGA-49-AAR3-01	66	28	15	35	5	3	19
TCGA-49-AAR4-01	362	132	101	0	60	57	0
TCGA-49-AAR9-01	508	199	15	1	39	23	23
TCGA-49-AARE-01	1140	49	103	172	87	65	55
TCGA-49-AARN-01	65	0	5	0	34	828	0
TCGA-49-AARO-01	565	97	36	0	14	26	0
TCGA-49-AARQ-01	540	129	89	3	47	67	14
TCGA-49-AARR-01	0	1	0	0	0	0	2
TCGA-4B-A93V-01	71	36	6	18	13	18	9
TCGA-50-5044-01	2	3	124	23	7	7	5
TCGA-50-5045-01	289	5	25	42	6	2	1
TCGA-50-5049-01	635	160	35	131	43	0	0
TCGA-50-5051-01	69	33	7	0	4	7	19
TCGA-50-5055-01	0	10	4	0	0	1	7
TCGA-50-5066-01	139	96	19	30	18	41	2
TCGA-50-5068-01	33	40	6	9	11	0	19
TCGA-50-5072-01	86	24	14	16	19	37	7
TCGA-50-5930-01	1022	119	29	96	44	21	28
TCGA-50-5931-01	201	51	24	68	16	0	21
TCGA-50-5932-01	62	13	0	0	13	0	2
TCGA-50-5933-01	298	159	39	9	56	33	38
TCGA-50-5935-01	0	8	57	13	12	20	13
TCGA-50-5936-01	16	6	56	0	4	55	9
TCGA-50-5939-01	0	8	15	6	13	48	14
TCGA-50-5941-01	217	155	38	26	19	16	11
TCGA-50-5942-01	14	32	0	1	4	13	7
TCGA-50-5944-01	5	34	9	0	7	4	25
TCGA-50-5946-01	394	77	165	83	28	28	41
TCGA-50-6590-01	537	165	215	107	49	4	7
TCGA-50-6591-01	0	30	1	0	15	7	13
TCGA-50-6592-01	93	86	59	55	24	29	10
TCGA-50-6593-01	200	49	9	64	23	28	17
TCGA-50-6594-01	389	83	54	54	20	23	11
TCGA-50-6595-01	15	19	27	12	27	8	10
TCGA-50-6597-01	0	3	19	0	12	26	18
TCGA-50-6673-01	0	16	4	19	6	0	17
TCGA-50-7109-01	144	97	5	19	19	3	21
TCGA-50-8457-01	22	8	5	11	11	0	10
TCGA-50-8459-01	53	20	3	13	6	8	16
TCGA-50-8460-01	0	2	2	0	4	18	10
TCGA-53-7624-01	508	111	159	72	61	71	30
TCGA-53-7626-01	275	77	48	40	7	0	3
TCGA-53-7813-01	107	19	1	34	8	0	17
TCGA-53-A4EZ-01	427	109	31	23	45	12	27
TCGA-55-1592-01	205	147	56	141	48	63	31
TCGA-55-1594-01	38	43	78	3	15	29	25
TCGA-55-1595-01	210	92	12	44	11	25	13
TCGA-55-1596-01	82	15	3	88	28	0	18
TCGA-55-5899-01	280	3	115	33	29	68	21
TCGA-55-6543-01	0	2	3	3	2	0	15
TCGA-55-6642-01	93	26	6	7	12	4	7
TCGA-55-6712-01	23	19	106	8	9	9	22
TCGA-55-6968-01	96	20	434	0	23	77	5
TCGA-55-6969-01	220	148	10	58	28	50	0
TCGA-55-6970-01	97	36	8	28	9	21	10
TCGA-55-6971-01	29	37	2	17	9	12	2
TCGA-55-6972-01	56	0	108	0	42	128	8
TCGA-55-6975-01	28	19	13	15	1	8	16
TCGA-55-6978-01	0	18	0	0	1	4	12
TCGA-55-6979-01	37	80	55	0	0	0	0
TCGA-55-6980-01	0	9	0	0	4	0	3
TCGA-55-6981-01	0	23	6	6	6	0	22
TCGA-55-6982-01	8	0	209	0	15	41	14
TCGA-55-6983-01	63	1	4	23	13	10	20
TCGA-55-6984-01	0	19	0	0	6	0	2
TCGA-55-6985-01	346	143	2	29	48	0	16
TCGA-55-6986-01	0	6	0	7	7	0	5
TCGA-55-6987-01	77	48	95	18	2	0	14
TCGA-55-7227-01	92	26	9	29	12	20	16
TCGA-55-7281-01	304	80	41	61	56	0	15
TCGA-55-7283-01	80	52	59	0	22	26	52
TCGA-55-7284-01	0	11	0	0	11	0	35
TCGA-55-7570-01	133	177	100	37	16	0	4
TCGA-55-7573-01	11	18	5	3	7	17	2
TCGA-55-7574-01	57	90	146	0	29	0	0
TCGA-55-7576-01	223	91	19	54	24	44	44
TCGA-55-7724-01	39	55	36	76	14	23	34
TCGA-55-7725-01	71	35	0	17	3	19	9
TCGA-55-7726-01	5	28	82	0	0	0	26
TCGA-55-7727-01	98	0	94	0	43	60	22
TCGA-55-7728-01	71	12	2	4	13	0	19
TCGA-55-7815-01	84	56	7	0	11	6	18
TCGA-55-7816-01	0	1	0	0	0	0	1
TCGA-55-7903-01	68	3	22	12	13	35	35
TCGA-55-7907-01	809	286	235	10	41	47	25
TCGA-55-7910-01	208	107	10	0	13	6	24
TCGA-55-7911-01	124	87	20	15	23	0	9
TCGA-55-7913-01	233	55	44	30	24	12	37
TCGA-55-7914-01	94	12	27	35	10	0	36
TCGA-55-7994-01	1176	292	88	176	80	15	63
TCGA-55-7995-01	360	167	94	44	51	96	10
TCGA-55-8085-01	92	14	111	0	9	73	29
TCGA-55-8087-01	0	0	6	5	10	0	16
TCGA-55-8089-01	639	214	412	0	53	197	31
TCGA-55-8090-01	47	15	2	27	11	0	11
TCGA-55-8091-01	0	11	0	0	3	2	19
TCGA-55-8092-01	279	0	116	0	74	194	62
TCGA-55-8094-01	310	71	11	33	12	95	25
TCGA-55-8096-01	66	69	12	0	13	4	15
TCGA-55-8097-01	58	0	14	12	11	0	44
TCGA-55-8203-01	323	124	5	12	17	8	41
TCGA-55-8204-01	50	49	82	23	28	18	20
TCGA-55-8205-01	237	75	210	94	14	0	18
TCGA-55-8206-01	0	6	4	0	0	16	12
TCGA-55-8207-01	210	54	16	56	15	0	36
TCGA-55-8208-01	71	29	192	64	39	40	9
TCGA-55-8299-01	148	25	9	39	19	24	9
TCGA-55-8301-01	182	20	32	86	20	0	22
TCGA-55-8302-01	507	207	17	36	61	0	17
TCGA-55-8505-01	0	8	15	3	5	3	14
TCGA-55-8506-01	996	311	10	79	98	32	581
TCGA-55-8507-01	847	79	37	117	82	0	51
TCGA-55-8508-01	102	38	11	0	10	39	27
TCGA-55-8510-01	248	52	33	25	26	0	8
TCGA-55-8511-01	378	45	68	0	42	143	37
TCGA-55-8512-01	15	13	4	6	5	5	3
TCGA-55-8513-01	0	0	0	0	2	0	6
TCGA-55-8514-01	202	80	4	0	36	0	29
TCGA-55-8614-01	39	107	34	66	11	0	41
TCGA-55-8615-01	40	65	0	17	10	17	13
TCGA-55-8616-01	427	72	19	15	25	0	45
TCGA-55-8619-01	0	8	1	0	0	0	18
TCGA-55-8620-01	351	90	16	61	46	0	51
TCGA-55-8621-01	39	0	9	23	8	0	10
TCGA-55-A48X-01	314	72	28	11	49	1	8
TCGA-55-A48Y-01	0	0	315	0	25	82	22
TCGA-55-A48Z-01	9	11	2	0	8	16	22
TCGA-55-A490-01	1091	228	115	36	40	106	27
TCGA-55-A491-01	271	40	35	66	30	0	24
TCGA-55-A492-01	163	66	11	42	26	24	23
TCGA-55-A493-01	124	1	73	5	16	97	24
TCGA-55-A494-01	144	67	16	0	13	7	48
TCGA-55-A4DF-01	138	5	602	0	80	118	40
TCGA-55-A4DG-01	564	127	32	77	19	0	25
TCGA-55-A57B-01	1	10	6	0	4	10	18
TCGA-62-8394-01	9	55	49	32	4	6	18
TCGA-62-8395-01	0	20	17	9	13	0	27
TCGA-62-8397-01	4	0	0	0	2	15	11
TCGA-62-8398-01	32	10	6	0	5	31	19
TCGA-62-8399-01	217	80	245	31	0	42	46
TCGA-62-8402-01	0	32	3	0	11	5	22
TCGA-62-A46O-01	585	91	158	116	53	49	40
TCGA-62-A46P-01	222	68	6	9	7	7	34
TCGA-62-A46R-01	71	3	22	16	13	54	30
TCGA-62-A46S-01	69	4	9	0	21	27	29
TCGA-62-A46U-01	7	13	7	0	4	3	18
TCGA-62-A46V-01	0	16	2	0	8	21	24
TCGA-62-A46Y-01	0	20	0	0	3	6	10
TCGA-62-A470-01	39	46	10	5	14	0	33
TCGA-62-A471-01	0	0	64	10	14	43	17
TCGA-62-A472-01	14	19	1	3	15	11	9
TCGA-64-1676-01	482	138	19	40	27	7	27
TCGA-64-1679-01	330	172	45	0	17	46	4
TCGA-64-1680-01	0	23	25	0	1	11	16
TCGA-64-1681-01	0	18	25	6	10	41	6
TCGA-64-5774-01	117	0	8	19	5	0	27
TCGA-64-5775-01	415	35	23	46	34	0	36
TCGA-64-5778-01	327	92	31	33	21	55	20
TCGA-64-5779-01	302	22	16	31	14	8	44
TCGA-64-5781-01	730	277	128	0	76	184	10
TCGA-64-5815-01	100	75	1	0	14	9	14
TCGA-67-3770-01	148	43	4	43	18	4	13
TCGA-67-3771-01	461	175	356	175	97	27	29
TCGA-67-3773-01	65	4	0	11	14	15	16
TCGA-67-3774-01	41	52	3	20	13	20	1
TCGA-67-4679-01	180	120	11	0	22	5	14
TCGA-67-6215-01	0	0	0	0	0	135	2
TCGA-67-6216-01	1	2	14	8	10	0	10
TCGA-67-6217-01	118	18	5	3	19	45	26
TCGA-69-7760-01	5	9	3	13	4	31	23
TCGA-69-7761-01	4	11	0	0	0	15	6
TCGA-69-7763-01	23	15	0	0	6	21	35
TCGA-69-7764-01	27	26	5	23	6	12	17
TCGA-69-7765-01	459	57	67	51	43	64	6
TCGA-69-7973-01	196	38	9	0	12	28	26
TCGA-69-7974-01	326	201	32	17	31	6	27
TCGA-69-7978-01	334	143	223	34	11	0	21
TCGA-69-7979-01	1336	226	111	9	64	0	54
TCGA-69-7980-01	475	119	205	118	36	0	18
TCGA-69-8253-01	89	37	28	0	7	34	14
TCGA-69-8254-01	11	46	0	4	11	10	15
TCGA-69-8255-01	114	33	36	54	19	80	29
TCGA-69-A59K-01	403	60	42	0	16	69	47
TCGA-71-6725-01	0	10	4	0	12	8	39
TCGA-71-8520-01	21	2	21	8	6	8	39
TCGA-73-4658-01	132	0	143	0	20	121	32
TCGA-73-4659-01	107	126	7	0	15	0	7
TCGA-73-4662-01	128	71	15	12	13	18	11
TCGA-73-4666-01	251	80	24	42	12	37	25
TCGA-73-4668-01	351	174	16	52	13	0	23
TCGA-73-4670-01	219	0	16	77	42	64	23
TCGA-73-4675-01	16	6	6	40	2	0	14
TCGA-73-4676-01	15	18	0	39	8	17	15
TCGA-73-4677-01	137	88	7	0	21	36	15
TCGA-73-7498-01	55	49	0	2	14	4	15
TCGA-73-7499-01	0	36	19	3	8	0	17
TCGA-73-A9RS-01	770	217	68	0	39	70	8
TCGA-75-5122-01	38	46	29	1	21	4	28
TCGA-75-5125-01	43	63	46	30	10	3	15
TCGA-75-5126-01	338	113	196	9	17	94	14
TCGA-75-5146-01	144	28	7	19	9	31	1
TCGA-75-5147-01	0	7	11	1	1	11	16
TCGA-75-6203-01	0	11	0	0	1	0	7
TCGA-75-6205-01	0	19	7	6	4	18	6
TCGA-75-6206-01	32	38	17	10	8	0	4
TCGA-75-6207-01	8	15	16	16	10	0	19
TCGA-75-6211-01	246	83	23	53	15	0	22
TCGA-75-6212-01	0	5	1	1	7	1	6
TCGA-75-6214-01	386	144	193	33	64	49	30
TCGA-75-7025-01	0	0	5	0	5	10	18
TCGA-75-7027-01	156	84	5	18	23	8	9
TCGA-75-7030-01	0	9	0	0	1	1	7
TCGA-75-7031-01	78	81	22	38	18	3	19
TCGA-78-7145-01	107	86	16	0	16	0	12
TCGA-78-7146-01	176	64	118	5	30	40	31
TCGA-78-7147-01	122	114	41	32	29	63	26
TCGA-78-7148-01	120	38	5	62	26	8	15
TCGA-78-7149-01	29	16	94	13	18	17	13
TCGA-78-7150-01	117	35	156	50	42	81	28
TCGA-78-7152-01	75	5	100	26	25	10	14
TCGA-78-7153-01	8	72	24	0	11	15	26
TCGA-78-7154-01	37	17	116	36	22	49	51
TCGA-78-7155-01	1076	215	131	178	50	156	32
TCGA-78-7156-01	122	0	151	0	41	76	27
TCGA-78-7158-01	113	46	39	1	12	59	14
TCGA-78-7159-01	205	67	8	21	5	45	29
TCGA-78-7160-01	0	31	4	13	6	0	3
TCGA-78-7161-01	123	1	15	48	10	14	25
TCGA-78-7162-01	18	39	16	5	11	8	4
TCGA-78-7163-01	2	8	1	0	3	4	9
TCGA-78-7166-01	187	0	5	25	21	26	11
TCGA-78-7167-01	49	11	39	1	8	21	25
TCGA-78-7220-01	520	123	101	51	90	136	25
TCGA-78-7535-01	82	17	1	48	10	50	12
TCGA-78-7536-01	392	137	0	36	21	128	24
TCGA-78-7537-01	62	30	14	17	14	24	8
TCGA-78-7539-01	111	56	336	53	11	0	38
TCGA-78-7540-01	0	10	3	0	4	1	18
TCGA-78-7542-01	292	0	26	0	32	99	28
TCGA-78-7633-01	70	19	8	18	10	0	10
TCGA-78-8640-01	358	171	135	82	31	91	46
TCGA-78-8648-01	9	0	0	0	2	0	5
TCGA-78-8655-01	70	0	6	17	17	0	22
TCGA-78-8660-01	75	108	35	0	20	54	12
TCGA-78-8662-01	801	200	91	183	74	53	38
TCGA-80-5607-01	0	0	102	0	3	47	6
TCGA-80-5608-01	80	95	10	0	2	1	11
TCGA-80-5611-01	50	72	8	73	23	8	13
TCGA-83-5908-01	91	89	102	2	0	0	11
TCGA-86-6562-01	5	17	25	2	3	7	15
TCGA-86-6851-01	605	178	139	145	22	0	5
TCGA-86-7701-01	104	63	2	20	6	32	21
TCGA-86-7711-01	77	51	55	41	7	20	21
TCGA-86-7713-01	91	36	4	16	30	0	9
TCGA-86-7714-01	26	22	1	22	7	5	8
TCGA-86-7953-01	7	17	6	13	0	14	8
TCGA-86-7954-01	96	25	46	39	21	27	36
TCGA-86-7955-01	149	49	26	64	24	51	14
TCGA-86-8054-01	124	53	12	13	10	47	16
TCGA-86-8055-01	0	25	2	0	1	17	18
TCGA-86-8056-01	53	0	158	0	30	81	18
TCGA-86-8073-01	1278	166	101	106	67	103	24
TCGA-86-8074-01	11	7	3	10	10	26	12
TCGA-86-8075-01	0	27	5	5	4	2	19
TCGA-86-8076-01	13	17	25	2	7	0	20
TCGA-86-8278-01	0	0	98	0	2	28	16
TCGA-86-8279-01	426	0	23	130	11	13	33
TCGA-86-8280-01	3	19	0	7	15	0	11
TCGA-86-8281-01	187	2	44	49	17	0	38
TCGA-86-8358-01	777	340	31	80	72	26	50
TCGA-86-8359-01	97	34	7	0	14	33	15
TCGA-86-8585-01	318	150	130	84	15	0	13
TCGA-86-8668-01	0	10	1	0	1	15	18
TCGA-86-8669-01	43	65	9	16	18	0	19
TCGA-86-8671-01	0	9	11	7	7	3	10
TCGA-86-8672-01	165	62	37	0	31	59	22
TCGA-86-8673-01	284	128	39	52	38	52	12
TCGA-86-8674-01	247	0	38	0	11	70	16
TCGA-86-A456-01	270	0	29	63	38	34	18
TCGA-86-A4JF-01	272	0	139	603	99	17	516
TCGA-86-A4P7-01	0	38	27	3	3	0	13
TCGA-86-A4P8-01	0	1	0	0	1	0	0
TCGA-91-6828-01	186	71	31	2	11	13	22
TCGA-91-6829-01	346	199	48	118	51	29	14
TCGA-91-6830-01	11	0	229	15	19	33	8
TCGA-91-6831-01	124	106	7	51	33	0	19
TCGA-91-6835-01	24	19	20	32	4	2	12
TCGA-91-6836-01	330	108	24	29	37	21	30
TCGA-91-6840-01	0	30	84	11	1	0	16
TCGA-91-6847-01	0	40	16	7	6	5	31
TCGA-91-6848-01	308	169	108	114	31	1	10
TCGA-91-6849-01	53	42	2	0	10	30	4
TCGA-91-7771-01	78	36	18	51	27	33	8
TCGA-91-8496-01	0	22	3	0	4	0	12
TCGA-91-8497-01	5	25	1	0	15	0	10
TCGA-91-8499-01	125	42	104	34	21	41	28
TCGA-91-A4BC-01	352	78	28	39	18	12	36
TCGA-91-A4BD-01	0	0	2	6	0	7	12
TCGA-93-7347-01	74	19	11	19	9	1	10
TCGA-93-7348-01	39	0	14	21	10	24	25
TCGA-93-8067-01	28	0	458	0	34	135	19
TCGA-93-A4JN-01	2	31	10	0	5	31	19
TCGA-93-A4JO-01	4	10	14	20	7	0	10
TCGA-93-A4JP-01	6	0	21	0	4	36	15
TCGA-93-A4JQ-01	0	35	63	38	0	0	9
TCGA-95-7039-01	947	141	64	165	69	111	45
TCGA-95-7043-01	876	244	63	24	71	0	41
TCGA-95-7562-01	336	68	8	6	21	0	22
TCGA-95-7567-01	319	0	9	469	31	0	315
TCGA-95-7944-01	7	7	224	0	25	42	2
TCGA-95-7947-01	167	12	222	73	55	109	27
TCGA-95-7948-01	0	0	142	0	3	22	16
TCGA-95-8039-01	26	0	20	11	9	26	26
TCGA-95-8494-01	0	0	54	0	6	43	30
TCGA-95-A4VK-01	178	68	4	0	25	16	27
TCGA-95-A4VN-01	345	149	43	0	13	32	9
TCGA-95-A4VP-01	81	17	2	38	10	0	13
TCGA-97-7546-01	220	22	15	65	16	0	14
TCGA-97-7547-01	86	44	64	1	15	0	16
TCGA-97-7552-01	0	5	0	9	4	9	20
TCGA-97-7553-01	12	18	1	0	8	0	12
TCGA-97-7554-01	346	48	17	69	50	0	29
TCGA-97-7937-01	360	48	34	56	22	0	44
TCGA-97-7938-01	292	64	57	54	14	0	24
TCGA-97-7941-01	54	2	17	8	4	17	19
TCGA-97-8171-01	1	28	0	7	8	0	23
TCGA-97-8172-01	160	69	0	20	26	19	37
TCGA-97-8174-01	94	37	31	9	8	0	34
TCGA-97-8175-01	0	23	0	0	6	9	3
TCGA-97-8176-01	38	32	49	7	15	38	18
TCGA-97-8177-01	1	0	5	6	6	17	12
TCGA-97-8179-01	117	52	12	15	10	0	2
TCGA-97-8547-01	1	0	14	0	4	27	24
TCGA-97-8552-01	6	2	1	1	5	3	11
TCGA-97-A4LX-01	96	70	3	25	1	24	0
TCGA-97-A4M0-01	241	63	71	63	18	33	11
TCGA-97-A4M1-01	3	13	11	0	1	8	19
TCGA-97-A4M2-01	5	9	8	2	4	0	4
TCGA-97-A4M3-01	143	20	28	6	6	30	17
TCGA-97-A4M5-01	0	0	114	0	10	60	6
TCGA-97-A4M6-01	0	4	3	6	2	18	9
TCGA-97-A4M7-01	279	5	16	36	10	18	20
TCGA-99-7458-01	340	73	11	90	49	0	14
TCGA-99-8025-01	208	61	153	47	31	46	53
TCGA-99-8028-01	375	56	12	76	9	0	14
TCGA-99-8032-01	276	122	34	0	17	7	36
TCGA-99-8033-01	79	82	7	0	12	28	15
TCGA-99-AA5R-01	47	8	0	12	6	0	0
TCGA-J2-8192-01	0	39	6	1	15	5	24
TCGA-J2-8194-01	46	75	1	6	20	21	21
TCGA-J2-A4AD-01	65	104	167	63	0	0	18
TCGA-J2-A4AE-01	0	26	13	3	2	5	13
TCGA-J2-A4AG-01	46	29	8	3	5	0	23
TCGA-L4-A4E5-01	276	24	8	41	21	38	11
TCGA-L4-A4E6-01	6	9	5	0	0	0	0
TCGA-L9-A443-01	140	88	11	22	6	36	4
TCGA-L9-A444-01	467	123	15	7	37	39	13
TCGA-L9-A50W-01	0	5	3	0	5	20	3
TCGA-L9-A5IP-01	221	18	19	47	14	19	14
TCGA-L9-A743-01	58	0	68	33	1	0	8
TCGA-L9-A7SV-01	1582	199	63	85	36	18	36
TCGA-L9-A8F4-01	497	247	61	61	40	56	9
TCGA-MN-A4N1-01	318	141	35	23	28	2	41
TCGA-MN-A4N4-01	1053	91	399	60	88	148	33
TCGA-MN-A4N5-01	316	38	42	60	14	70	22
TCGA-MP-A4SV-01	132	60	141	33	42	14	18
TCGA-MP-A4SW-01	3	22	10	0	11	5	34
TCGA-MP-A4SY-01	39	98	24	21	21	0	14
TCGA-MP-A4T2-01	15	5	28	30	16	5	12
TCGA-MP-A4T4-01	290	31	29	54	20	41	20
TCGA-MP-A4T6-01	0	24	21	17	14	0	17
TCGA-MP-A4T7-01	99	30	4	0	6	9	11
TCGA-MP-A4T8-01	64	1	5	31	11	24	13
TCGA-MP-A4T9-01	11	8	10	8	7	0	2
TCGA-MP-A4TA-01	190	99	32	85	14	7	27
TCGA-MP-A4TC-01	200	26	26	24	11	25	15
TCGA-MP-A4TD-01	35	33	2	7	6	4	14
TCGA-MP-A4TE-01	57	53	0	0	10	9	44
TCGA-MP-A4TF-01	323	84	23	58	34	11	13
TCGA-MP-A4TH-01	32	45	0	21	13	9	19
TCGA-MP-A4TI-01	26	0	124	0	7	143	13
TCGA-MP-A4TJ-01	29	38	1	24	2	9	12
TCGA-MP-A4TK-01	250	14	61	33	23	54	7
TCGA-MP-A5C7-01	27	7	2	28	8	3	21
TCGA-NJ-A4YF-01	533	125	26	36	37	12	12
TCGA-NJ-A4YG-01	54	19	42	10	9	33	31
TCGA-NJ-A4YI-01	341	40	24	57	23	41	33
TCGA-NJ-A4YP-01	67	0	347	0	44	232	1
TCGA-NJ-A4YQ-01	928	161	26	206	51	0	19
TCGA-NJ-A55A-01	73	43	8	10	0	7	6
TCGA-NJ-A55O-01	118	15	11	1	9	0	11
TCGA-NJ-A55R-01	172	66	10	35	24	11	5
TCGA-NJ-A7XG-01	1	28	0	0	0	0	13
TCGA-O1-A52J-01	125	4	12	39	12	0	19
TCGA-S2-AA1A-01	85	27	2	4	7	10	9
TCGA-18-3406-01	38	83	80	44	17	0	15
TCGA-18-3407-01	0	16	0	21	7	26	22
TCGA-18-3408-01	13	21	0	37	13	0	14
TCGA-18-3409-01	0	0	19	0	4157	91	0
TCGA-18-3410-01	23	94	83	39	1	0	7
TCGA-18-3411-01	69	152	19	56	34	30	38
TCGA-18-3412-01	3	91	21	0	3	19	10
TCGA-18-3414-01	84	62	72	68	29	36	31
TCGA-18-3415-01	24	52	57	33	23	32	14
TCGA-18-3416-01	107	190	48	12	8	0	23
TCGA-18-3417-01	110	50	21	62	14	63	32
TCGA-18-3421-01	66	107	52	69	31	46	14
TCGA-18-4083-01	144	207	38	30	18	17	19
TCGA-18-4721-01	47	51	5	32	15	48	27
TCGA-18-5592-01	151	82	28	38	22	16	27
TCGA-18-5595-01	0	0	126	0	43	129	21
TCGA-21-1070-01	405	96	28	91	21	30	16
TCGA-21-1071-01	56	15	22	48	20	33	23
TCGA-21-1076-01	188	76	53	63	18	0	9
TCGA-21-1077-01	88	6	56	58	15	48	24
TCGA-21-1078-01	0	6	57	4	0	16	14
TCGA-21-1081-01	43	54	11	63	12	21	57
TCGA-21-1082-01	199	60	159	40	0	0	35
TCGA-21-1083-01	420	227	126	102	25	0	16
TCGA-21-5782-01	118	141	129	32	0	51	14
TCGA-21-5783-01	117	155	98	45	47	5	62
TCGA-21-5784-01	77	75	21	39	16	30	2
TCGA-21-5786-01	235	145	17	43	21	0	23
TCGA-21-5787-01	281	75	43	21	20	45	23
TCGA-21-A5DI-01	15	36	30	68	13	0	10
TCGA-22-0940-01	45	58	15	46	25	65	13
TCGA-22-0944-01	46	19	18	20	17	28	16
TCGA-22-1000-01	16	39	25	17	18	0	7
TCGA-22-1002-01	153	7	11	97	11	0	18
TCGA-22-1005-01	143	70	25	53	17	30	8
TCGA-22-1011-01	0	29	82	9	0	0	13
TCGA-22-1012-01	119	82	42	58	16	0	31
TCGA-22-1016-01	217	112	36	42	28	0	14
TCGA-22-4591-01	39	93	1	39	34	27	36
TCGA-22-4593-01	69	0	27	36	26	28	45
TCGA-22-4594-01	230	110	18	35	13	0	33
TCGA-22-4595-01	137	82	79	54	28	0	22
TCGA-22-4596-01	60	0	5	42	20	16	31
TCGA-22-4599-01	143	127	6	114	38	1	20
TCGA-22-4601-01	38	64	28	28	12	52	12
TCGA-22-4604-01	38	120	16	33	28	30	41
TCGA-22-4605-01	19	25	3	20	7	30	9
TCGA-22-4607-01	0	22	26	20	7	7	2
TCGA-22-4609-01	66	78	7	66	6	24	4
TCGA-22-4613-01	304	215	19	145	43	41	15
TCGA-22-5471-01	83	62	26	64	42	7	14
TCGA-22-5472-01	333	105	0	0	0	68	0
TCGA-22-5473-01	291	134	321	87	68	46	62
TCGA-22-5474-01	12	14	48	14	2	5	14
TCGA-22-5477-01	13	22	123	17	0	24	23
TCGA-22-5478-01	68	56	2	62	8	1	27
TCGA-22-5479-01	78	108	179	97	50	79	52
TCGA-22-5480-01	54	65	15	42	13	0	13
TCGA-22-5481-01	103	116	20	62	17	29	23
TCGA-22-5482-01	62	30	8	38	18	43	11
TCGA-22-5483-01	88	72	19	35	18	49	19
TCGA-22-5485-01	98	29	1	72	15	17	23
TCGA-22-5489-01	139	0	41	76	14	12	25
TCGA-22-5491-01	62	23	174	0	15	110	35
TCGA-22-5492-01	105	23	11	109	15	9	18
TCGA-22-A5C4-01	172	92	27	55	31	0	60
TCGA-33-4532-01	149	45	76	95	43	41	48
TCGA-33-4533-01	123	14	37	63	40	84	13
TCGA-33-4538-01	15	85	17	33	23	29	24
TCGA-33-4547-01	0	65	156	0	6	0	22
TCGA-33-4566-01	1158	210	91	65	41	51	22
TCGA-33-4582-01	35	82	25	0	22	53	33
TCGA-33-4583-01	412	63	52	143	35	0	38
TCGA-33-4586-01	166	123	15	86	12	35	21
TCGA-33-4587-01	84	56	52	0	34	40	21
TCGA-33-4589-01	0	18	46	0	26	20	28
TCGA-33-6737-01	197	47	260	16	24	0	19
TCGA-33-6738-01	131	103	70	84	19	0	17
TCGA-33-A4WN-01	36	44	84	34	12	29	18
TCGA-33-A5GW-01	26	77	97	31	10	0	8
TCGA-33-AAS8-01	84	104	24	31	16	0	29
TCGA-33-AASB-01	254	76	26	0	13	78	10
TCGA-33-AASD-01	226	46	26	109	25	0	24
TCGA-33-AASI-01	196	105	100	42	21	15	21
TCGA-33-AASJ-01	36	0	106	29	24	8	25
TCGA-33-AASL-01	128	94	66	69	16	0	8
TCGA-34-2596-01	86	75	70	66	20	0	14
TCGA-34-2600-01	89	43	279	48	23	51	38
TCGA-34-2604-01	353	191	16	64	32	67	37
TCGA-34-2605-01	160	92	121	38	8	39	20
TCGA-34-2608-01	52	9	33	55	14	5	23
TCGA-34-2609-01	117	98	5	36	12	8	29
TCGA-34-5231-01	278	176	92	207	32	0	49
TCGA-34-5232-01	50	94	14	0	25	26	46
TCGA-34-5234-01	100	15	0	75	17	0	14
TCGA-34-5236-01	84	75	31	54	14	0	11
TCGA-34-5239-01	148	26	17	30	15	47	26
TCGA-34-5240-01	77	14	28	15	21	42	21
TCGA-34-5241-01	83	55	28	57	17	0	17
TCGA-34-5927-01	68	83	43	37	15	47	31
TCGA-34-5928-01	60	56	226	64	14	0	36
TCGA-34-5929-01	87	67	76	23	0	16	11
TCGA-34-7107-01	40	91	36	36	21	65	33
TCGA-34-8454-01	248	22	374	56	0	0	11
TCGA-34-8455-01	363	176	21	31	20	0	3
TCGA-34-8456-01	4	13	4	8	6	10	4
TCGA-34-A5IX-01	116	41	26	80	18	33	38
TCGA-37-3783-01	79	0	285	84	16	0	34
TCGA-37-3789-01	75	86	151	31	8	0	16
TCGA-37-3792-01	599	204	95	161	33	17	12
TCGA-37-4129-01	0	0	0	4	0	0	2
TCGA-37-4130-01	859	275	32	110	27	55	61
TCGA-37-4132-01	169	95	16	61	36	0	8
TCGA-37-4133-01	71	74	31	46	12	53	76
TCGA-37-4135-01	114	158	19	61	18	0	20
TCGA-37-4141-01	184	111	21	37	18	0	34
TCGA-37-5819-01	445	265	30	0	35	101	50
TCGA-37-A5EL-01	202	156	65	26	32	16	34
TCGA-37-A5EM-01	159	70	37	110	36	0	20
TCGA-37-A5EN-01	49	119	20	34	16	33	28
TCGA-39-5011-01	507	124	73	0	30	48	11
TCGA-39-5016-01	166	115	21	37	57	23	62
TCGA-39-5019-01	45	86	12	32	14	17	20
TCGA-39-5021-01	66	30	15	33	14	28	11
TCGA-39-5022-01	19	28	162	37	0	0	7
TCGA-39-5024-01	7	46	91	86	19	0	16
TCGA-39-5028-01	35	0	124	33	6	0	24
TCGA-39-5029-01	31	0	35	72	20	0	24
TCGA-39-5030-01	49	0	71	10	2	0	145
TCGA-39-5031-01	99	0	546	0	37	116	19
TCGA-39-5034-01	478	127	38	76	28	0	32
TCGA-39-5035-01	16	48	69	4	20	14	29
TCGA-39-5036-01	110	29	34	85	20	10	40
TCGA-39-5037-01	92	24	18	70	23	33	39
TCGA-39-5039-01	68	32	4	56	24	0	25
TCGA-39-5040-01	329	105	31	58	31	6	31
TCGA-43-2576-01	349	114	21	81	29	58	3
TCGA-43-2578-01	197	110	19	49	17	39	0
TCGA-43-2581-01	808	167	29	76	38	0	22
TCGA-43-3394-01	67	0	11	78	6	0	12
TCGA-43-3920-01	60	136	90	17	13	13	5
TCGA-43-5668-01	460	155	20	70	33	43	43
TCGA-43-5670-01	0	52	82	15	1	8	12
TCGA-43-6143-01	130	97	40	86	13	15	20
TCGA-43-6647-01	77	23	20	53	10	0	17
TCGA-43-6770-01	49	77	29	68	5	25	18
TCGA-43-6771-01	134	51	7	7	13	28	15
TCGA-43-6773-01	0	22	13	20	14	0	7
TCGA-43-7656-01	169	120	16	84	19	0	21
TCGA-43-7657-01	46	38	11	38	6	0	25
TCGA-43-7658-01	84	45	18	23	36	29	27
TCGA-43-8115-01	76	6	25	103	15	0	33
TCGA-43-8116-01	162	87	79	81	16	0	34
TCGA-43-8118-01	390	63	163	93	23	32	30
TCGA-43-A474-01	189	120	27	28	24	24	63
TCGA-43-A475-01	129	48	34	50	17	0	27
TCGA-43-A56U-01	93	39	132	41	1	0	13
TCGA-43-A56V-01	130	35	20	55	13	13	10
TCGA-46-3765-01	48	60	50	0	19	99	16
TCGA-46-3767-01	76	19	12	49	8	0	3
TCGA-46-3768-01	90	112	37	77	23	10	3
TCGA-46-3769-01	507	109	328	109	21	40	32
TCGA-46-6025-01	22	55	51	41	9	32	23
TCGA-46-6026-01	62	13	43	25	24	57	40
TCGA-51-4079-01	203	35	65	52	28	99	28
TCGA-51-4080-01	135	130	11	34	12	10	20
TCGA-51-4081-01	75	69	9	53	17	13	12
TCGA-51-6867-01	281	162	110	176	32	0	21
TCGA-52-7622-01	118	46	8	127	10	12	17
TCGA-52-7809-01	32	106	64	8	24	46	28
TCGA-52-7810-01	100	104	264	54	3	0	10
TCGA-52-7811-01	54	50	12	46	14	0	11
TCGA-52-7812-01	161	75	42	29	27	24	13
TCGA-56-1622-01	128	34	8	46	18	23	30
TCGA-56-5897-01	15	13	47	45	0	0	6
TCGA-56-5898-01	53	51	16	23	14	17	8
TCGA-56-6545-01	98	94	71	22	12	53	16
TCGA-56-6546-01	165	117	8	67	32	10	17
TCGA-56-7221-01	99	107	79	34	25	6	16
TCGA-56-7222-01	163	113	42	114	25	13	19
TCGA-56-7223-01	62	118	21	68	38	44	22
TCGA-56-7579-01	92	35	53	94	28	0	15
TCGA-56-7580-01	40	67	12	36	3	0	13
TCGA-56-7582-01	12	121	5	6	15	25	20
TCGA-56-7730-01	184	112	11	72	37	0	46
TCGA-56-7731-01	151	107	34	113	8	18	12
TCGA-56-7822-01	106	67	182	64	15	0	33
TCGA-56-7823-01	156	59	17	71	29	0	22
TCGA-56-8082-01	88	33	18	62	30	0	50
TCGA-56-8083-01	82	48	2	19	11	18	19
TCGA-56-8201-01	73	14	30	54	6	5	17
TCGA-56-8304-01	122	48	23	78	25	0	8
TCGA-56-8305-01	226	52	37	100	29	24	22
TCGA-56-8307-01	255	115	29	80	19	0	27
TCGA-56-8308-01	185	48	38	88	33	0	43
TCGA-56-8309-01	54	5	13	68	8	0	13
TCGA-56-8503-01	19	46	109	29	5	0	1
TCGA-56-8504-01	121	67	6	62	21	0	14
TCGA-56-8622-01	90	34	25	38	20	55	30
TCGA-56-8624-01	49	18	45	19	6	0	21
TCGA-56-8625-01	162	25	216	33	36	71	63
TCGA-56-8626-01	97	77	46	53	20	0	29
TCGA-56-8628-01	240	115	3	96	23	30	9
TCGA-56-8629-01	86	99	25	11	11	23	23
TCGA-56-A49D-01	77	52	94	97	15	0	41
TCGA-56-A4BW-01	78	59	83	49	6	0	15
TCGA-56-A4BY-01	38	54	3	38	9	34	12
TCGA-56-A4ZJ-01	64	2	9	50	13	0	6
TCGA-56-A4ZK-01	36	149	35	49	11	7	9
TCGA-56-A5DS-01	69	0	57	53	28	28	28
TCGA-56-A62T-01	327	136	33	45	42	11	36
TCGA-58-8386-01	77	69	25	75	17	28	23
TCGA-58-8387-01	30	44	75	24	11	21	29
TCGA-58-8388-01	85	39	15	56	14	0	17
TCGA-58-8391-01	101	185	9	66	30	12	26
TCGA-58-8393-01	14	0	266	0	49	0	12
TCGA-58-A46J-01	75	47	24	44	11	0	16
TCGA-58-A46K-01	15	0	99	38	4	19	20
TCGA-58-A46L-01	90	101	34	8	8	19	20
TCGA-58-A46M-01	176	13	46	79	51	104	63
TCGA-58-A46N-01	67	81	8	32	19	39	18
TCGA-60-2695-01	84	67	24	57	17	0	23
TCGA-60-2697-01	12	0	0	0	0	0	2
TCGA-60-2698-01	210	191	855	79	37	0	23
TCGA-60-2703-01	120	72	55	66	14	18	21
TCGA-60-2704-01	56	19	40	75	22	0	40
TCGA-60-2707-01	38	0	41	42	8	0	12
TCGA-60-2708-01	63	44	49	48	10	0	44
TCGA-60-2709-01	66	53	11	49	15	12	5
TCGA-60-2710-01	46	65	8	48	17	39	31
TCGA-60-2711-01	37	72	16	8	11	0	13
TCGA-60-2712-01	29	0	19	15	6	26	17
TCGA-60-2713-01	75	103	42	53	35	0	16
TCGA-60-2714-01	647	86	121	94	25	40	87
TCGA-60-2715-01	18	19	15	31	9	31	37
TCGA-60-2716-01	0	2	3	0	2	0	15
TCGA-60-2719-01	79	9	19	88	12	23	50
TCGA-60-2720-01	158	144	159	61	2	0	0
TCGA-60-2721-01	0	66	137	39	14	0	14
TCGA-60-2722-01	101	60	65	109	29	7	21
TCGA-60-2723-01	118	135	9	48	22	5	17
TCGA-60-2724-01	249	14	15	116	36	0	15
TCGA-60-2725-01	47	79	15	44	1	0	3
TCGA-60-2726-01	91	121	45	61	20	65	25
TCGA-63-5128-01	113	96	17	77	24	35	13
TCGA-63-5131-01	90	91	67	72	21	29	24
TCGA-63-6202-01	245	35	19	51	21	12	33
TCGA-63-7020-01	87	37	13	67	8	4	11
TCGA-63-7021-01	78	41	23	105	14	38	9
TCGA-63-7022-01	69	33	26	74	16	7	14
TCGA-63-7023-01	70	0	16	72	7	0	18
TCGA-63-A5M9-01	22	5	11	26	16	22	33
TCGA-63-A5MB-01	123	113	36	65	33	2	43
TCGA-63-A5MG-01	33	40	11	31	4	0	21
TCGA-63-A5MH-01	34	46	112	64	13	0	14
TCGA-63-A5MI-01	19	84	72	58	11	0	23
TCGA-63-A5MJ-01	58	61	7	62	17	0	38
TCGA-63-A5ML-01	106	49	30	48	25	16	32
TCGA-63-A5MM-01	68	0	27	0	0	0	1315
TCGA-63-A5MN-01	0	0	5	0	3	26	14
TCGA-63-A5MP-01	39	93	0	21	23	17	41
TCGA-63-A5MR-01	42	0	74	13	20	57	19
TCGA-63-A5MS-01	128	74	138	114	13	0	21
TCGA-63-A5MT-01	57	30	104	81	0	0	26
TCGA-63-A5MU-01	50	38	61	46	25	20	33
TCGA-63-A5MV-01	47	1	12	16	10	51	16
TCGA-63-A5MW-01	109	203	59	42	28	102	43
TCGA-63-A5MY-01	65	81	20	17	9	9	16
TCGA-66-2727-01	106	12	27	71	15	0	20
TCGA-66-2734-01	127	18	2	57	14	21	10
TCGA-66-2742-01	86	38	4	92	3	25	32
TCGA-66-2744-01	104	26	39	53	14	0	14
TCGA-66-2754-01	37	109	30	41	39	60	30
TCGA-66-2755-01	126	53	6	77	12	7	8
TCGA-66-2756-01	318	120	23	93	19	36	24
TCGA-66-2757-01	130	91	22	53	11	6	5
TCGA-66-2758-01	52	189	111	54	8	0	12
TCGA-66-2759-01	125	138	109	78	35	0	62
TCGA-66-2763-01	210	110	46	72	28	0	28
TCGA-66-2765-01	11	44	6	15	10	12	14
TCGA-66-2766-01	148	0	123	34	27	140	35
TCGA-66-2767-01	144	102	33	54	32	8	41
TCGA-66-2769-01	65	203	55	100	6	0	22
TCGA-66-2770-01	107	54	14	33	25	48	37
TCGA-66-2771-01	73	36	93	54	11	45	15
TCGA-66-2773-01	56	3	462	0	57	141	39
TCGA-66-2777-01	27	65	15	32	33	15	25
TCGA-66-2778-01	0	38	76	23	10	20	18
TCGA-66-2780-01	23	91	22	24	11	0	8
TCGA-66-2781-01	32	62	20	4	7	36	6
TCGA-66-2782-01	183	82	76	71	40	0	14
TCGA-66-2783-01	105	36	39	65	39	1	23
TCGA-66-2785-01	94	317	951	105	0	0	0
TCGA-66-2786-01	40	54	75	69	11	8	26
TCGA-66-2787-01	251	161	35	57	23	41	4
TCGA-66-2788-01	79	82	49	18	15	6	7
TCGA-66-2789-01	109	155	37	98	24	0	13
TCGA-66-2791-01	61	112	76	84	26	0	23
TCGA-66-2792-01	17	89	3	7	20	15	26
TCGA-66-2793-01	108	117	7	105	21	0	26
TCGA-66-2794-01	28	49	69	14	9	0	34
TCGA-66-2795-01	131	87	27	31	26	22	39
TCGA-66-2800-01	101	20	10	45	26	18	38
TCGA-68-7755-01	97	110	20	29	28	14	40
TCGA-68-7756-01	51	22	7	6	4	10	18
TCGA-68-7757-01	213	43	10	57	5	23	27
TCGA-68-8250-01	129	77	22	112	17	0	19
TCGA-68-8251-01	3	107	156	0	21	0	104
TCGA-68-A59J-01	162	104	113	50	20	2	17
TCGA-6A-AB49-01	241	134	26	53	20	4	14
TCGA-70-6722-01	234	36	32	0	26	22	13
TCGA-70-6723-01	27	39	1	32	18	2	21
TCGA-77-6842-01	149	115	48	111	13	0	24
TCGA-77-6843-01	25	66	35	66	10	0	22
TCGA-77-6844-01	69	52	32	50	27	0	16
TCGA-77-6845-01	79	87	27	67	20	5	7
TCGA-77-7139-01	59	19	13	41	20	60	24
TCGA-77-7140-01	22	108	47	26	13	0	13
TCGA-77-7141-01	133	249	392	76	0	0	22
TCGA-77-7142-01	118	33	41	46	30	0	63
TCGA-77-7335-01	48	76	83	43	13	0	29
TCGA-77-7337-01	96	113	43	90	30	33	20
TCGA-77-7338-01	23	46	51	27	0	0	24
TCGA-77-7463-01	236	64	42	101	24	0	21
TCGA-77-7465-01	136	196	15	59	35	14	27
TCGA-77-8007-01	24	33	8	4	6	25	19
TCGA-77-8008-01	75	47	0	42	16	28	12
TCGA-77-8009-01	29	12	20	24	28	73	26
TCGA-77-8128-01	144	49	22	60	17	46	40
TCGA-77-8130-01	60	40	6	53	17	14	36
TCGA-77-8131-01	12	30	15	18	4	0	8
TCGA-77-8133-01	206	73	13	75	44	21	39
TCGA-77-8136-01	90	105	331	27	0	0	10
TCGA-77-8138-01	29	32	5	36	11	0	13
TCGA-77-8139-01	75	66	31	45	13	0	33
TCGA-77-8140-01	115	134	79	42	12	67	8
TCGA-77-8143-01	47	52	13	40	9	0	22
TCGA-77-8144-01	167	122	36	66	33	36	22
TCGA-77-8145-01	10	51	21	38	11	0	19
TCGA-77-8146-01	54	71	12	28	24	4	11
TCGA-77-8148-01	69	100	8	43	35	22	52
TCGA-77-8150-01	37	62	10	3	3	7	27
TCGA-77-8153-01	66	23	14	87	10	0	22
TCGA-77-8154-01	52	81	12	4	21	61	25
TCGA-77-8156-01	107	37	11	56	27	0	33
TCGA-77-A5FZ-01	1	0	0	0	0	0	0
TCGA-77-A5G1-01	64	39	11	32	8	39	8
TCGA-77-A5G3-01	310	166	108	71	69	0	52
TCGA-77-A5G6-01	273	226	26	3	22	33	31
TCGA-77-A5G7-01	21	0	11	49	4	28	15
TCGA-77-A5G8-01	69	86	9	54	32	0	28
TCGA-77-A5GA-01	44	41	12	19	18	25	35
TCGA-77-A5GB-01	7	20	88	21	14	2	19
TCGA-77-A5GF-01	42	35	26	14	14	0	15
TCGA-77-A5GH-01	85	45	78	59	24	26	26
TCGA-79-5596-01	84	70	4	53	19	4	17
TCGA-85-6175-01	0	16	4	0	7	8	19
TCGA-85-6560-01	133	115	43	153	18	0	56
TCGA-85-6561-01	66	77	53	39	17	43	10
TCGA-85-6798-01	75	76	45	101	11	0	33
TCGA-85-7696-01	44	71	30	32	37	16	33
TCGA-85-7697-01	110	31	33	75	35	35	23
TCGA-85-7698-01	20	25	25	51	17	12	17
TCGA-85-7699-01	37	95	13	49	8	14	27
TCGA-85-7710-01	34	40	54	52	14	32	18
TCGA-85-7843-01	56	82	57	70	8	0	20
TCGA-85-7844-01	70	18	0	84	17	0	27
TCGA-85-7950-01	144	0	59	70	16	19	20
TCGA-85-8048-01	46	13	15	37	15	1	25
TCGA-85-8049-01	80	29	16	27	19	67	29
TCGA-85-8052-01	27	9	5	46	16	28	25
TCGA-85-8070-01	77	79	31	45	8	16	21
TCGA-85-8071-01	182	91	30	81	29	40	29
TCGA-85-8072-01	32	70	9	41	15	30	30
TCGA-85-8276-01	80	66	33	133	23	0	16
TCGA-85-8277-01	41	84	36	0	30	83	27
TCGA-85-8287-01	73	82	34	76	14	19	19
TCGA-85-8288-01	54	80	13	42	20	46	50
TCGA-85-8350-01	191	7	40	42	33	60	27
TCGA-85-8351-01	42	7	15	73	5	12	33
TCGA-85-8352-01	117	90	47	40	21	0	12
TCGA-85-8353-01	58	23	8	74	14	27	18
TCGA-85-8354-01	37	74	80	40	11	2	27
TCGA-85-8355-01	48	123	5	16	20	60	10
TCGA-85-8479-01	16	34	5	28	21	12	32
TCGA-85-8481-01	177	17	25	124	18	1	26
TCGA-85-8580-01	131	47	7	97	21	13	26
TCGA-85-8582-01	233	74	24	24	16	0	23
TCGA-85-8584-01	166	65	31	14	18	25	11
TCGA-85-8664-01	93	78	33	39	11	1	26
TCGA-85-8666-01	83	95	30	42	24	14	8
TCGA-85-A4CL-01	15	0	705	0	86	210	18
TCGA-85-A4CN-01	59	46	5	54	9	45	21
TCGA-85-A4JB-01	235	141	27	122	39	16	6
TCGA-85-A4JC-01	72	75	101	49	20	0	8
TCGA-85-A4PA-01	3	0	0	0	0	0	10
TCGA-85-A4QQ-01	44	13	232	77	13	0	17
TCGA-85-A4QR-01	41	16	45	95	17	18	47
TCGA-85-A50M-01	32	15	12	0	8	22	15
TCGA-85-A50Z-01	260	89	59	138	18	0	7
TCGA-85-A510-01	92	59	1	0	17	0	16
TCGA-85-A511-01	122	27	30	39	13	25	8
TCGA-85-A512-01	42	26	37	59	11	19	6
TCGA-85-A513-01	0	14	1	0	6	0	7
TCGA-85-A53L-01	59	161	7	0	6	0	11
TCGA-85-A5B5-01	166	166	7	52	19	43	13
TCGA-90-7766-01	19	25	17	12	3	44	15
TCGA-90-7767-01	34	13	11	13	11	41	15
TCGA-90-7769-01	285	107	29	70	47	55	36
TCGA-90-7964-01	197	91	127	53	49	59	19
TCGA-90-A4ED-01	0	0	0	0	2735	0	5
TCGA-90-A4EE-01	98	22	145	73	47	43	25
TCGA-90-A59Q-01	218	71	5	5	15	17	23
TCGA-92-7340-01	115	174	148	70	15	0	35
TCGA-92-7341-01	44	5	11	57	18	25	55
TCGA-92-8063-01	152	156	15	87	25	0	5
TCGA-92-8064-01	75	72	6	41	31	19	29
TCGA-92-8065-01	0	0	261	0	28	53	14
TCGA-94-7033-01	0	75	53	2	5	0	21
TCGA-94-7557-01	0	11	55	30	25	0	18
TCGA-94-7943-01	32	5	110	0	41	48	17
TCGA-94-8035-01	86	1	41	45	16	35	27
TCGA-94-8490-01	142	0	35	604	33	0	320
TCGA-94-8491-01	128	325	127	75	10	0	14
TCGA-94-A4VJ-01	232	99	43	80	21	6	31
TCGA-94-A5I4-01	85	94	16	46	19	27	26
TCGA-94-A5I6-01	84	9	20	59	17	0	25
TCGA-96-7544-01	142	125	86	110	6	0	29
TCGA-96-7545-01	22	20	9	52	13	20	13
TCGA-96-8169-01	25	109	6	44	14	0	16
TCGA-96-8170-01	124	11	95	75	11	0	15
TCGA-96-A4JK-01	212	137	93	41	46	58	47
TCGA-96-A4JL-01	0	10	4	0	14	2	42
TCGA-98-7454-01	89	71	38	8	17	29	9
TCGA-98-8020-01	0	44	44	0	0	7	23
TCGA-98-8021-01	94	0	853	0	81	245	17
TCGA-98-8022-01	35	127	56	52	7	0	30
TCGA-98-8023-01	68	68	11	65	22	6	11
TCGA-98-A538-01	337	228	114	45	38	64	16
TCGA-98-A539-01	82	33	41	36	24	0	12
TCGA-98-A53A-01	184	18	24	97	23	24	21
TCGA-98-A53B-01	18	52	27	63	11	6	13
TCGA-98-A53C-01	0	0	0	4	0	0	0
TCGA-98-A53H-01	28	3	1	3	2	0	0
TCGA-98-A53I-01	108	177	37	31	31	75	30
TCGA-98-A53J-01	11	9	23	0	14	72	15
TCGA-J1-A4AH-01	34	29	56	27	21	49	18
TCGA-L3-A4E7-01	47	19	3	32	4	4	17
TCGA-L3-A524-01	177	110	12	92	14	6	23
TCGA-LA-A446-01	149	110	45	8	37	48	22
TCGA-LA-A7SW-01	0	22	38	29	0	8	26
TCGA-MF-A522-01	35	0	370	0	60	254	37
TCGA-NC-A5HD-01	182	203	41	109	24	0	7
TCGA-NC-A5HE-01	117	4	25	71	20	0	16
TCGA-NC-A5HF-01	106	116	29	38	2	0	24
TCGA-NC-A5HG-01	65	282	127	59	149	79	25
TCGA-NC-A5HH-01	137	121	14	71	35	34	24
TCGA-NC-A5HI-01	213	91	81	28	10	96	25
TCGA-NC-A5HJ-01	278	113	24	52	19	0	19
TCGA-NC-A5HK-01	151	89	15	34	11	24	18
TCGA-NC-A5HL-01	42	70	15	24	22	68	29
TCGA-NC-A5HM-01	88	139	22	57	25	11	12
TCGA-NC-A5HN-01	174	248	16	115	88	70	29
TCGA-NC-A5HO-01	86	60	24	109	15	0	14
TCGA-NC-A5HP-01	211	117	70	58	22	16	16
TCGA-NC-A5HQ-01	150	112	27	51	29	23	36
TCGA-NC-A5HR-01	127	167	11	47	21	29	7
TCGA-NC-A5HT-01	176	89	20	48	46	4	31
TCGA-NK-A5CR-01	139	53	31	82	42	16	19
TCGA-NK-A5CT-01	145	55	78	61	16	23	29
TCGA-NK-A5CX-01	115	44	4	34	7	0	11
TCGA-NK-A5D1-01	20	43	19	32	21	1	24
TCGA-NK-A7XE-01	0	0	86	2	10	25	9
TCGA-O2-A52N-01	254	138	85	109	22	0	27
TCGA-O2-A52Q-01	693	135	212	26	41	80	38
TCGA-O2-A52S-01	136	105	109	24	37	31	29
TCGA-O2-A52V-01	132	49	12	39	26	55	19
TCGA-O2-A52W-01	40	0	12	41	14	0	23
TCGA-O2-A5IB-01	121	65	13	97	18	0	0
TCGA-XC-AA0X-01	60	0	20	76	20	38	17
