NMF_Replicate	L1	L1 %	L2	L2 %	KL Divergence	Correlation	Convergence Iterations
1	261.38	85.856	53.002	65.021	0.766	0.708	40000.0
2	261.993	86.394	53.588	65.859	0.771	0.7	20000.0
3	263.941	86.011	53.8	65.483	0.77	0.702	20000.0
4	260.429	86.073	52.821	65.398	0.774	0.704	40000.0
5	263.082	86.159	53.509	65.563	0.77	0.702	30000.0
6	261.5	86.251	53.116	65.773	0.773	0.7	20000.0
7	263.138	86.331	53.341	65.659	0.775	0.7	30000.0
8	262.527	86.274	53.339	65.322	0.77	0.704	20000.0
9	263.443	86.195	53.572	65.529	0.77	0.702	20000.0
10	262.203	86.165	53.368	65.216	0.768	0.704	20000.0
11	261.662	86.639	53.4	65.738	0.773	0.699	20000.0
12	262.576	86.089	53.241	65.479	0.762	0.702	20000.0
13	262.855	86.111	53.422	65.465	0.764	0.704	20000.0
14	263.629	86.207	53.659	65.321	0.765	0.705	30000.0
15	263.065	86.363	53.695	65.638	0.771	0.702	30000.0
16	262.764	86.176	53.477	65.894	0.775	0.699	20000.0
17	263.336	86.01	53.497	65.384	0.764	0.705	30000.0
18	263.698	86.11	53.501	65.281	0.773	0.702	20000.0
19	262.276	86.451	53.855	65.761	0.772	0.701	20000.0
20	261.981	86.249	53.371	65.588	0.771	0.702	20000.0
21	261.446	85.813	53.04	65.274	0.764	0.704	20000.0
22	263.112	86.751	53.333	65.829	0.778	0.699	20000.0
23	262.933	86.386	53.431	65.221	0.772	0.703	20000.0
24	263.83	86.194	53.509	65.591	0.765	0.702	20000.0
25	263.347	86.331	53.336	65.544	0.774	0.703	30000.0
26	262.178	85.842	53.199	65.068	0.765	0.707	20000.0
27	262.938	86.247	53.546	65.72	0.769	0.701	30000.0
28	261.117	85.949	53.246	65.382	0.765	0.704	20000.0
29	263.623	86.343	53.66	65.378	0.771	0.703	20000.0
30	262.596	85.858	53.651	65.348	0.762	0.703	20000.0
31	262.285	86.058	53.36	65.366	0.767	0.703	20000.0
32	263.125	86.157	53.576	65.021	0.766	0.707	20000.0
33	261.213	85.765	52.99	64.919	0.768	0.707	20000.0
34	262.736	86.026	53.502	65.389	0.768	0.704	20000.0
35	264.532	86.289	53.729	65.383	0.766	0.702	20000.0
36	262.726	86.276	53.404	65.526	0.779	0.699	20000.0
37	265.393	87.099	54.181	66.4	0.785	0.692	20000.0
38	261.929	85.931	53.016	65.501	0.765	0.703	20000.0
39	264.194	86.121	53.789	65.613	0.773	0.699	20000.0
40	262.712	85.927	53.41	65.097	0.764	0.706	20000.0
41	262.156	86.409	53.61	65.741	0.778	0.697	20000.0
42	262.949	86.276	53.434	65.745	0.767	0.701	20000.0
43	262.775	86.511	53.351	65.775	0.763	0.702	20000.0
44	263.271	86.375	53.707	65.903	0.768	0.699	20000.0
45	262.429	86.148	53.386	65.494	0.767	0.703	30000.0
46	263.362	86.046	53.6	65.5	0.769	0.702	20000.0
47	262.059	86.008	53.651	65.254	0.763	0.707	20000.0
48	263.479	86.348	53.658	65.363	0.775	0.702	20000.0
49	263.221	86.327	53.624	65.522	0.766	0.704	20000.0
50	263.053	86.673	53.469	66.033	0.779	0.697	20000.0
51	261.969	85.878	53.367	65.077	0.766	0.707	40000.0
52	263.14	86.61	53.735	66.084	0.769	0.698	40000.0
53	263.57	86.216	53.156	64.969	0.772	0.706	30000.0
54	263.184	86.283	53.39	65.475	0.777	0.702	20000.0
55	262.654	86.049	53.642	65.225	0.765	0.705	30000.0
56	263.064	85.874	53.651	65.493	0.766	0.702	30000.0
57	262.414	86.471	53.585	65.582	0.782	0.699	20000.0
58	263.355	86.231	53.623	65.695	0.768	0.7	20000.0
59	263.536	86.278	53.717	65.484	0.774	0.702	30000.0
60	263.741	85.906	53.693	65.541	0.76	0.704	20000.0
61	262.591	86.154	53.486	65.54	0.764	0.702	30000.0
62	263.179	86.284	53.843	65.818	0.773	0.698	30000.0
63	264.72	86.041	53.623	65.615	0.77	0.702	20000.0
64	263.111	86.203	53.784	65.612	0.768	0.702	30000.0
65	262.954	85.911	53.654	65.108	0.777	0.706	20000.0
66	263.905	87.015	53.68	66.205	0.788	0.693	40000.0
67	262.0	86.076	53.527	65.964	0.775	0.699	20000.0
68	262.296	86.183	53.133	65.127	0.767	0.706	30000.0
69	262.929	86.336	53.759	65.553	0.774	0.701	20000.0
70	262.608	86.125	53.501	65.391	0.769	0.705	20000.0
71	262.864	86.004	53.262	65.528	0.763	0.702	20000.0
72	263.475	86.549	53.453	65.815	0.775	0.699	40000.0
73	262.52	86.023	53.255	64.845	0.767	0.707	20000.0
74	262.075	86.038	53.402	65.21	0.766	0.703	20000.0
75	261.517	85.88	53.018	65.106	0.77	0.706	20000.0
76	262.771	86.082	53.536	65.396	0.759	0.706	20000.0
77	263.748	86.318	54.064	65.575	0.763	0.704	30000.0
78	263.467	86.139	53.573	65.322	0.764	0.704	20000.0
79	262.094	85.877	53.302	65.094	0.771	0.707	20000.0
80	261.867	85.841	53.096	65.112	0.76	0.705	20000.0
81	263.191	86.245	53.684	65.346	0.766	0.704	20000.0
82	263.46	86.257	53.419	65.328	0.763	0.705	20000.0
83	262.913	86.126	53.737	65.377	0.769	0.703	20000.0
84	263.291	86.875	53.568	66.134	0.773	0.696	20000.0
85	264.443	87.001	53.865	66.463	0.785	0.693	20000.0
86	262.123	85.995	53.131	65.369	0.768	0.704	20000.0
87	261.237	86.014	52.874	65.249	0.769	0.703	20000.0
88	261.961	86.241	53.094	65.545	0.766	0.702	30000.0
89	261.688	86.021	53.326	65.281	0.77	0.704	20000.0
90	263.356	86.258	53.914	65.741	0.773	0.701	20000.0
91	261.787	86.028	53.336	65.296	0.771	0.704	20000.0
92	261.135	86.008	53.235	65.163	0.778	0.703	20000.0
93	262.463	86.328	53.372	65.545	0.774	0.703	20000.0
94	263.565	86.38	53.303	65.547	0.767	0.703	20000.0
95	261.521	85.94	53.066	65.318	0.767	0.703	30000.0
96	262.725	86.087	53.336	65.454	0.765	0.705	30000.0
97	262.7	86.058	53.551	65.516	0.772	0.703	20000.0
98	263.628	86.162	53.664	65.438	0.773	0.702	20000.0
99	262.238	86.315	53.167	65.55	0.782	0.7	20000.0
100	261.469	85.94	53.19	65.482	0.765	0.704	20000.0
