MutationType	SBS96A	SBS96B	SBS96C	SBS96D	SBS96E	SBS96F	SBS96G	SBS96H
A[C>A]A	0.0023154822305514245	0.0012937710156478016	0.0	0.0024260752421469078	0.02647959493100643	0.00014388062935722702	0.0005546811758863157	0.00041058234368392734
A[C>A]C	0.0013997996763282573	0.0023365854113944805	0.0003709531103959307	0.0060801749397069215	0.02365677123889327	0.0008455203010817058	0.00013068554642813978	0.0010694030643207952
A[C>A]G	0.0006781475071329624	0.00022925322040464474	8.967549646513362e-05	0.00040712006476383066	0.006662797301542014	0.0002794032762878085	0.000791846125559914	0.00014078496831643861
A[C>A]T	0.0002900932661353038	0.001564739096811536	0.0011981956526869908	0.010212908163666726	0.01200642852112651	0.000225220429208548	0.0003965257605702277	0.0031002990930574016
A[C>G]A	9.29531417023328e-05	0.0011405923182610423	0.0005730221108751721	0.0011541869759045652	0.013380841948091984	0.0005587098659120216	0.0001694910395421445	0.0
A[C>G]C	0.0002688726578526257	0.002602036658208817	0.0	7.692929240874946e-05	0.013303112890571355	0.0013220738580275793	0.0009306194155942649	0.0002034979591917363
A[C>G]G	0.0005971048664702354	0.00010293161802252371	3.5993906521980533e-10	0.00010104942218744917	0.007123793261125683	3.726580416696379e-06	0.0003359699169425312	0.00010685415594662296
A[C>G]T	0.0013877315775607712	0.0017517013135147862	0.0004710383810743224	0.0003750557539427746	0.015756668346002697	0.0012962819920721814	0.0001109209961941815	0.0
A[C>T]A	0.013488152967765928	0.026614961810410023	0.00383122286919388	0.027900007953867316	0.00958853222313337	0.006636174578379723	0.005502705159597099	7.886556977609871e-05
A[C>T]C	0.00813097295933403	0.015468208019156009	0.008553469367325307	0.02694835051894188	0.012071455550612882	0.008355434616096318	0.0027356854832032694	0.0034131728508509694
A[C>T]G	0.27024238646030424	0.03387309805722907	0.05590543633326888	0.10351605504751206	0.012594657839508727	0.04028366021346301	0.0050309593899874015	0.012548757256008685
A[C>T]T	0.002387762420548825	0.015377356710378081	0.0014612695567757328	0.024281740207225084	0.013313308076467365	0.0030888678069459275	0.0033565796801121907	0.003234456459758803
A[T>A]A	7.757018541569849e-06	0.0	3.9681350044702414e-05	0.0004774000248380617	0.00474857336608693	0.009109337222762406	0.0006205088828392036	0.0002173358000936787
A[T>A]C	2.3827761615393684e-05	0.0	0.0037417245632968845	0.0009294287172421	0.005711889844387769	0.024298743531107902	0.0015840650758400443	0.00019226463929953753
A[T>A]G	0.0005165841104440006	0.0008178431269698194	0.00010036567594037926	0.0006938707440895086	0.012114976663142443	0.0012916159669111949	0.0010864427746582806	0.00024604720652860124
A[T>A]T	0.001596908640676702	0.0045571528846630825	0.0032912978617241607	0.001582957153368625	0.006854447792284191	0.006038052199874073	0.0025068699452094733	0.0007018678939130041
A[T>C]A	0.0023985930089839885	0.012767779715359211	0.001025308587936741	0.006232918849855195	0.008036001798463985	0.028228300511837005	0.0007322828373071389	0.005818662173114717
A[T>C]C	0.0020562852355942595	0.016789355794899166	0.0026890222034126054	0.0031802821547535134	0.005238925939192995	0.018093281304463745	0.005571090374141932	0.009298186940141022
A[T>C]G	0.004185187617031261	0.06474658574908972	0.00010527269723709765	0.0008448885743473511	0.0040043785982562165	0.02363126409240067	0.003255777741433121	0.003826891186181456
A[T>C]T	0.0031685898057185113	0.00434605111629935	0.0002301357698021178	0.0019761803374785812	0.016459107240661977	0.01675846699625254	0.002800735683995299	0.004440361708402634
A[T>G]A	4.772776266690926e-05	0.0002954452483663772	1.4121212007012218e-06	0.0002585711261946244	0.003240589880151674	0.0004869724085165217	0.0025453638087492435	0.0003787862150784349
A[T>G]C	0.0005595437328884145	0.0010597597110609059	0.00010051264034932053	0.0005732713560109914	0.002410291926789796	0.0032918220479041336	0.005172286187298596	0.004700706501025707
A[T>G]G	0.0002526868833501794	0.001050723546068184	0.00020242108097590973	0.00015173788413449073	0.005068813993129879	0.0015595039288746192	0.002590274771209806	0.0016752458934206516
A[T>G]T	0.000769800902598945	3.340415111959661e-05	0.0003262900075729647	0.00156411003190442	0.00015934554343639107	0.0010867841216008855	0.02894574634730816	0.017225547647103667
C[C>A]A	0.002045386929385131	0.02221313176676631	0.0016780351660418092	0.007519162285025232	0.01969253838993609	0.0004998418289733308	0.001664633294349187	0.0017342541430843993
C[C>A]C	0.001525164585705582	0.05400527961552143	0.002338780806037448	0.0051397332083433864	0.008966152714565396	0.0004487014631740749	0.0011654489770444342	0.000547723280574246
C[C>A]G	0.004085902755905408	0.019284378392621874	0.0021353211943642234	0.0032419463861151597	0.0038479240075685083	0.0017817718807782513	0.0	0.0002589592240201455
C[C>A]T	7.364824909927847e-09	0.12034323662519456	0.007048546825458289	0.05757463756008519	0.0	0.00017106042321202608	0.0	0.002943370505128797
C[C>G]A	5.366186496695838e-05	6.624419496006339e-05	3.230133049925144e-11	0.00021053585463105763	0.015641044089570642	0.0002073541855790495	0.0008595968471109217	0.0
C[C>G]C	0.0003420934893614458	0.0001494026775064583	0.00028807315862650285	8.845728213517034e-05	0.01222072304226458	0.00010815893721201064	0.0003462692853821103	0.0
C[C>G]G	0.00016863198064356766	0.00046594633948473076	0.0003481723170625628	0.00020693805028638935	0.007190476302057504	0.0002831256821446004	0.0004573825550324528	0.0
C[C>G]T	0.0005937418418579909	9.701824093099277e-05	0.00016608481343961758	7.90517265045665e-05	0.019610196445137264	0.00028730159889505557	4.7818796147538475e-05	1.357078005526091e-10
C[C>T]A	0.010498733287677168	0.006052799966419116	0.0013300166418775934	0.017332166228443385	0.0319563483260572	0.0029379467372200453	0.008970262324437499	0.0007085746216580446
C[C>T]C	0.005325500802719034	0.007620940744091058	0.0011569923262413795	0.049331607297062874	0.014973722446302417	0.009228802435100079	0.0050145741214510054	0.0015776750127406557
C[C>T]G	0.2615263696014881	0.03419070201078813	0.030692395705264063	0.1534968189895153	0.0017353407960349065	0.03466208717785776	0.005389977076774812	0.004557686818516231
C[C>T]T	0.00816686179023236	0.006514193315379089	0.0036117964959703386	0.03465264538303017	0.023788704965263606	0.003611246169166407	0.006309812581166625	0.003450608821585774
C[T>A]A	0.00028317792215382554	4.159851923759561e-06	0.00011201319264728227	5.910261239478132e-05	0.0057582122180610896	0.0006212769030025811	0.00115589178603841	0.00012345576644293032
C[T>A]C	5.04928502778057e-05	0.0042509649973362686	0.0015187126443198667	0.0013211822898830405	0.007877138196490704	0.004711104319430888	0.013246906772255897	8.570167219659197e-06
C[T>A]G	0.001341218134984956	0.0010322797776462097	0.0002680997005836616	4.980330440957914e-05	0.014527283245697617	0.002623486531665549	0.008192964238114655	7.713888728176243e-05
C[T>A]T	0.00042803465363874696	0.0019256515624544335	0.0	0.00016585367768278927	0.011077364115044475	0.0007843633106676862	0.039355204068124296	0.00023604901918588438
C[T>C]A	0.0018469879469921579	0.013555016717873514	3.8750482999603265e-05	0.0021378268807166023	0.003473425341071561	0.025254432540386916	0.00643088185461238	0.0006853225167651545
C[T>C]C	0.0006093597895790026	0.02260404703207314	0.0008439291058426587	0.004864746959938202	0.006143791917711496	0.009645780827850104	0.04961724806576967	0.002143426189722959
C[T>C]G	0.002772178997503257	0.09802224088460207	0.0006424567882329768	0.00024596476789984223	0.0013083120986752306	0.023795273918658495	0.033949294090271	0.0007180643110916662
C[T>C]T	0.0007560556927273865	0.01342451446224004	4.47806940837836e-05	0.0029319374583459444	0.007083809883333743	0.019758969815447926	0.12315590113401413	0.0008637069301039446
C[T>G]A	0.00011517926605165484	0.0013236879279429558	0.00012593744866713067	2.476107492839219e-05	0.003250296126352623	0.0007809236903995043	0.002014891173603246	0.0025790363713167606
C[T>G]C	0.0005669373211276262	0.013573765326291322	0.0006974795404812539	2.378912860907097e-05	0.004074711671564728	0.0005192652114861794	0.019909856133162974	0.0034353729500435294
C[T>G]G	9.261261740903137e-05	0.021118454355746507	0.00023281960867045371	2.2388360812328755e-05	0.007797796651721001	0.0009925920197929373	0.01360020567663014	0.0053369078831747175
C[T>G]T	6.018271403370079e-05	0.004347579653629054	0.0014180343184864341	0.0029358241794261632	0.0	0.0006157655457843703	0.31648879408836367	0.023968643955886364
G[C>A]A	0.0038728657667525114	0.0009982460450555664	0.00149550438283768	0.008318179166526534	0.03428036415018141	0.00016557587587158197	0.0025210646947380153	0.001434487641290616
G[C>A]C	0.0007324489392438117	0.004058886889833957	0.009536835351027548	0.004583102784090442	0.019294444313272832	0.0028790977841708807	0.0004141006644022127	0.0010240641632685765
G[C>A]G	0.0030994870496215297	0.0025979564389854216	0.0011358827075673616	0.0018095880870168913	0.007396789477206766	0.00034076254339197474	0.0007883415039577812	0.0004285930286778239
G[C>A]T	4.724187747342512e-05	0.006000345304782968	0.02621952794492245	0.024775514733046292	0.012661018129438161	0.001779617425285065	2.802596928649634e-47	0.00532740862458013
G[C>G]A	0.00017295262780763033	0.0008999697972467402	0.000165571781437035	0.0016518240161713037	0.009629261628724635	0.0006458236144499097	0.0012901110898383195	8.071589503288124e-05
G[C>G]C	0.0031633507303195072	0.004314072994529852	0.0004431770668702484	0.0006183036959302512	0.010417939312756062	0.003434825479052961	5.907888780165571e-06	5.961243487945467e-05
G[C>G]G	0.0007007851900056395	0.00038476708751012723	5.081126808192949e-10	7.874142496564928e-05	0.004397375197149813	1.1842340991279342e-05	0.00013557199732439074	1.2101795743291178e-09
G[C>G]T	0.0005320909978217969	0.0016882760885710013	0.0003471674330285168	3.3815000297181544e-05	0.014622818082571029	0.000901003581839177	0.0002063897355401423	0.0005394976172101451
G[C>T]A	0.009291401293012314	0.05838049655780196	0.03343869680538773	0.05207297870889306	0.0032234281598357483	0.015562681145966054	0.0010046647128365293	0.0013552422154003807
G[C>T]C	0.0004142100090257372	0.07003465693444014	0.13560632333159447	0.011951167429460839	0.0001879962381189415	0.03781508717685938	0.0008150228684962713	0.023262425675056875
G[C>T]G	0.20273405864834784	0.006546166374208955	0.49946318566799164	0.01558279711049182	0.00023215080162330537	0.00033324088911130796	0.006261835671434568	0.05823753344768193
G[C>T]T	0.00027530183392016	0.04587536565959453	0.06518189929425716	0.022379570245102513	0.004303666955674999	0.01691970326937735	0.0009711322736620787	0.03326091906055808
G[T>A]A	0.0002636948403687711	0.00013472060094500194	0.00021455145498293859	4.0372217668647184e-05	0.0051169221755117174	0.004096035042311996	2.4337188497156602e-05	0.00040856227264157496
G[T>A]C	4.0713066191528924e-05	0.0010251519401617553	0.0019578345894115047	0.0006243797847076849	0.006445699988398701	0.016740829180926085	0.002760271292645484	7.478612278646324e-06
G[T>A]G	0.00012747047719014636	0.00018073294679652463	0.00016908318802506982	0.0008011288036624364	0.006406528460793197	0.0036631659942213445	0.0018096299773606005	0.0
G[T>A]T	0.0003769965405378173	0.001105541425895441	0.0014665315074671526	7.054979076553377e-05	0.005175252559129148	0.0037176627898588776	0.007661815504543483	4.794753207534086e-05
G[T>C]A	0.0	0.013629362466163001	0.006821940225781873	0.001976861893668627	1.8195988715774547e-10	0.1404060733318329	0.0	0.018697361685335635
G[T>C]C	0.0	0.0030605933118339405	0.02404390376061201	0.0	8.729391736324032e-06	0.06559655249118805	0.006697946407366544	0.036601806096732616
G[T>C]G	7.392706966058427e-05	0.03965562297031283	0.006729317177087068	0.0006391265618225966	0.0	0.0847136715054512	0.005375753112020903	0.01131011082790792
G[T>C]T	0.0018650503461215334	0.001022444409832147	0.0005223504812744977	0.0019057109670256621	0.00018828859900415392	0.08799576692283154	0.007914537345059217	0.02154699180275202
G[T>G]A	9.719419933389872e-05	0.00016408876188506839	0.00015443904499989002	0.00011941333855872926	0.003971992821898311	0.0006795607017556904	0.0010478806426908705	0.0021325129037722945
G[T>G]C	0.00015647348782343146	0.00095366857436602	0.0022629195626359434	0.0002636050653381972	0.0035583814966958015	0.0010580961473129946	0.00857320441864431	0.00426990061532706
G[T>G]G	2.0043648255523294e-05	0.0018376007446204313	0.0019117666548117995	4.666945664212108e-05	0.00719527892768383	0.0014680051960749552	0.003955025303876028	0.002288052175717894
G[T>G]T	3.7022707426785926e-05	0.0004091924576713481	0.004860451812855899	8.401833183597773e-06	0.003518768467460518	0.0028100926167098804	0.06960585247725248	0.005795077949296683
T[C>A]A	0.001688603928705561	0.0003688286583928857	0.0006227246192247549	0.0010100476893048595	0.023751831986010073	5.757804324314719e-05	0.0015233684060331142	0.024371888879686596
T[C>A]C	0.001925472590805434	0.0027585046720923854	0.0004285056130902376	0.020316078858450055	0.025971974823623897	0.0001907107428269228	0.0004673561746297139	0.004150764271616936
T[C>A]G	0.0006130334506997315	0.0012199556816631229	0.0011520946999371518	0.001817083450878272	0.010395114924758673	1.6294367010232237e-05	0.0008692845865152777	0.0009162828340777196
T[C>A]T	2.2578162912623156e-05	0.003307849984510917	0.000745312331150883	0.0380543218411276	0.00022127701641854223	0.00012824311171243607	4.7051255080061695e-05	0.17598491311073303
T[C>G]A	2.339406149610035e-05	0.0	4.6961192983481226e-05	0.00024413787715475975	0.03432734258472919	0.0003262760762692607	0.00039714513164959444	6.265431284901979e-10
T[C>G]C	0.0008580026295476279	0.0009262627431780857	6.907949573360383e-06	0.0001456767815972171	0.024170148633420468	0.0004768392751793726	0.0005146884830048748	0.00012467582397221122
T[C>G]G	0.0	0.0	0.000197450171899618	0.00015697987868179553	0.008080996521748603	6.563317327163532e-05	0.0007638461980891975	0.00016949726830716827
T[C>G]T	1.401298464324817e-47	0.0002228228287276579	0.00011446170082017204	0.00037574820671267163	0.05337445799261332	0.0008699214435910108	0.0005924905717262242	0.0005262362019857391
T[C>T]A	0.0014101439631485845	0.0016932376654127314	0.0038658979575848205	0.025578546952456236	0.062248753663152454	0.007397738536819815	0.009343296182341873	0.004823105584364384
T[C>T]C	0.0025487061383361533	0.001033732895980677	0.005722005438383348	0.05829887656494975	0.03340780037920922	0.009154708790592849	0.008408629762707278	0.016769430357962845
T[C>T]G	0.13410891979932785	0.003381366398338971	0.016522407170850784	0.06795954716042615	0.0011630311856582	0.020078427121043206	9.889477586924044e-05	0.24253406897187232
T[C>T]T	0.0004784652538182854	0.0004773713950999081	0.0007944638497428968	0.04161883618682623	0.03208293071016669	0.005405764046590775	0.006991402411367744	0.0363232565112412
T[T>A]A	0.0017499602207681165	0.0003660306518804646	0.00011140567590700812	0.00015860188193585147	0.006429998711682856	0.003366887349402532	0.000551043001578364	0.00030932293655496407
T[T>A]C	0.00023980763835425024	2.0118213433306666e-05	0.0003604331755559542	0.0018793128736092513	0.008098216420039534	0.0038153487909585236	0.0031902805593563245	8.17217954318039e-05
T[T>A]G	1.777691508323187e-05	0.0007844928023405373	6.561335485457676e-06	0.00019080046298839193	0.006113419672474265	0.0008772401038186217	0.0019428491065627896	0.00038275396706012545
T[T>A]T	0.0005034294972392672	0.001111397069726081	0.00014311136655578593	0.00042245347895914165	0.008815877977758646	0.000488402176370073	0.007409611553885043	0.001391107453382574
T[T>C]A	0.0007291882844342809	0.004639471300820332	0.0004995334639897979	0.005132600866490975	0.002917668848294852	0.03428723452612758	0.0020745087993418567	0.00423358799656853
T[T>C]C	0.0011093042629308106	0.010159646491520107	0.002395713597943541	0.004762517245115293	0.002753938359528547	0.029887296445667743	0.010657706530764699	0.011843420639634132
T[T>C]G	0.0027320683261996236	0.02416629741899669	0.000511162135755967	0.004389111511409282	0.0007859677461760839	0.022737228441983462	0.007704985747113824	0.0027359230350703003
T[T>C]T	0.0005802133523479824	0.0024143229573382998	9.680084973865632e-05	0.009664176942314952	0.004828226044043049	0.023159557227045297	0.007674779184162617	0.007465679915621876
T[T>G]A	0.00012643036725762613	7.700955330619763e-05	5.875078024473624e-05	0.0003141790639347164	0.003863318705698475	0.00013847085190718644	0.001439571485589113	0.005691090349573642
T[T>G]C	9.29086262203782e-06	0.0001320397770996351	0.00017383787180733635	0.0011752239631459816	0.002834508965606801	0.0015979663215694017	0.011215667957440018	0.01332776783965528
T[T>G]G	0.0003129743852605316	0.0007763253201119369	0.0002296673731143528	0.0003811738869990222	0.009149459139443934	0.0004925949790049345	0.0026474859978770837	0.0029941580921877178
T[T>G]T	0.0	4.643007400773058e-09	1.6340679565018945e-09	2.8044198430166034e-09	4.256952357422966e-08	5.1517895356312236e-06	0.04883171860128641	0.0857499149441719
