MutationType	SBS96A	SBS96B	SBS96C	SBS96D	SBS96E	SBS96F	SBS96G	SBS96H
A[C>A]A	1.05E-04	1.20E-04	0.00E+00	5.28E-04	1.85E-04	2.56E-05	6.37E-05	2.73E-05
A[C>A]C	9.15E-05	1.30E-04	4.19E-05	4.21E-04	1.77E-04	6.44E-05	3.28E-05	4.20E-05
A[C>A]G	3.79E-05	3.54E-05	1.09E-05	1.04E-04	1.03E-04	2.78E-05	5.55E-05	1.48E-05
A[C>A]T	4.60E-05	1.24E-04	8.44E-05	2.09E-04	1.22E-04	3.24E-05	5.03E-05	8.53E-05
A[C>G]A	1.79E-05	6.09E-05	4.82E-05	8.74E-05	2.04E-04	4.96E-05	3.01E-05	0.00E+00
A[C>G]C	4.60E-05	8.56E-05	0.00E+00	3.16E-05	2.30E-04	5.88E-05	5.98E-05	1.65E-05
A[C>G]G	2.49E-05	2.29E-05	2.16E-10	4.69E-05	1.13E-04	2.45E-06	3.68E-05	1.14E-05
A[C>G]T	9.03E-05	1.25E-04	3.95E-05	8.51E-05	2.34E-04	5.90E-05	3.44E-05	0.00E+00
A[C>T]A	2.54E-04	4.09E-04	1.50E-04	4.75E-04	3.10E-04	2.09E-04	1.33E-04	2.09E-05
A[C>T]C	2.72E-04	4.66E-04	1.95E-04	4.50E-04	3.43E-04	1.87E-04	1.16E-04	8.97E-05
A[C>T]G	7.60E-04	2.00E-03	1.08E-03	2.08E-03	5.69E-04	1.17E-03	2.54E-04	2.84E-04
A[C>T]T	1.95E-04	3.22E-04	1.22E-04	4.35E-04	3.32E-04	1.34E-04	1.17E-04	8.69E-05
A[T>A]A	6.02E-06	0.00E+00	1.05E-05	1.13E-04	9.28E-05	1.12E-04	4.91E-05	2.07E-05
A[T>A]C	1.66E-05	0.00E+00	1.07E-04	2.25E-04	1.23E-04	2.08E-04	8.70E-05	2.72E-05
A[T>A]G	5.12E-05	7.47E-05	1.63E-05	1.33E-04	1.69E-04	6.26E-05	7.30E-05	2.10E-05
A[T>A]T	1.11E-04	2.05E-04	1.15E-04	1.42E-04	1.37E-04	1.43E-04	9.07E-05	4.29E-05
A[T>C]A	1.62E-04	3.02E-04	9.38E-05	3.12E-04	2.13E-04	2.75E-04	5.99E-05	1.02E-04
A[T>C]C	1.77E-04	3.54E-04	1.33E-04	2.58E-04	1.78E-04	1.89E-04	1.26E-04	1.37E-04
A[T>C]G	3.35E-04	1.17E-03	3.23E-05	1.68E-04	2.01E-04	4.60E-04	1.24E-04	1.09E-04
A[T>C]T	1.54E-04	2.66E-04	3.90E-05	3.12E-04	1.91E-04	1.80E-04	1.00E-04	1.03E-04
A[T>G]A	1.03E-05	2.81E-05	1.41E-06	6.60E-05	6.63E-05	3.13E-05	7.77E-05	2.51E-05
A[T>G]C	4.14E-05	8.44E-05	2.79E-05	1.08E-04	6.92E-05	8.20E-05	8.86E-05	9.84E-05
A[T>G]G	2.95E-05	6.80E-05	2.63E-05	7.52E-05	9.40E-05	5.95E-05	7.86E-05	5.46E-05
A[T>G]T	4.38E-05	2.13E-05	3.50E-05	1.10E-04	3.45E-05	5.35E-05	1.84E-04	1.85E-04
C[C>A]A	1.45E-04	2.99E-04	9.99E-05	4.67E-04	2.41E-04	7.01E-05	9.14E-05	6.16E-05
C[C>A]C	2.12E-04	5.53E-04	1.74E-04	4.12E-04	2.66E-04	1.02E-04	6.74E-05	5.56E-05
C[C>A]G	1.67E-04	3.19E-04	9.94E-05	1.91E-04	1.40E-04	1.16E-04	0.00E+00	2.83E-05
C[C>A]T	7.36E-09	1.82E-03	4.75E-04	3.06E-03	0.00E+00	6.16E-05	0.00E+00	1.67E-04
C[C>G]A	9.92E-06	1.33E-05	3.23E-11	4.37E-05	2.63E-04	2.10E-05	5.51E-05	0.00E+00
C[C>G]C	2.77E-05	2.25E-05	1.96E-05	4.69E-05	2.15E-04	1.47E-05	3.55E-05	0.00E+00
C[C>G]G	2.34E-05	4.06E-05	2.96E-05	4.77E-05	1.19E-04	2.78E-05	3.99E-05	0.00E+00
C[C>G]T	3.92E-05	2.26E-05	1.63E-05	5.68E-05	3.70E-04	2.34E-05	1.51E-05	1.36E-10
C[C>T]A	2.12E-04	3.11E-04	9.42E-05	1.01E-03	4.57E-04	1.42E-04	1.73E-04	4.74E-05
C[C>T]C	2.68E-04	5.93E-04	1.55E-04	8.80E-04	6.81E-04	2.27E-04	1.49E-04	1.18E-04
C[C>T]G	9.11E-04	2.08E-03	1.20E-03	3.18E-03	3.49E-04	1.08E-03	2.68E-04	3.32E-04
C[C>T]T	2.23E-04	3.97E-04	1.67E-04	8.02E-04	4.68E-04	1.54E-04	1.73E-04	1.02E-04
C[T>A]A	2.27E-05	2.77E-06	1.25E-05	2.47E-05	1.09E-04	3.89E-05	5.51E-05	1.26E-05
C[T>A]C	1.86E-05	9.88E-05	7.91E-05	1.22E-04	1.63E-04	1.16E-04	1.56E-04	4.47E-06
C[T>A]G	7.45E-05	1.01E-04	2.93E-05	1.33E-05	3.01E-04	7.81E-05	1.23E-04	1.13E-05
C[T>A]T	5.37E-05	1.07E-04	0.00E+00	8.08E-05	1.98E-04	5.99E-05	2.22E-04	2.37E-05
C[T>C]A	1.22E-04	3.01E-04	1.39E-05	1.56E-04	1.28E-04	2.32E-04	1.26E-04	4.51E-05
C[T>C]C	9.36E-05	2.93E-04	8.75E-05	2.51E-04	1.81E-04	1.59E-04	2.92E-04	7.44E-05
C[T>C]G	4.26E-04	1.65E-03	1.11E-04	1.61E-04	1.88E-04	6.30E-04	2.69E-04	8.53E-05
C[T>C]T	1.11E-04	2.98E-04	1.63E-05	2.47E-04	2.25E-04	2.37E-04	3.92E-04	6.97E-05
C[T>G]A	2.28E-05	5.84E-05	1.56E-05	1.71E-05	7.73E-05	4.86E-05	8.19E-05	6.31E-05
C[T>G]C	8.87E-05	2.45E-04	4.92E-05	1.14E-05	1.35E-04	6.83E-05	1.59E-04	7.32E-05
C[T>G]G	3.53E-05	3.08E-04	3.44E-05	1.39E-05	1.90E-04	1.08E-04	1.59E-04	1.04E-04
C[T>G]T	3.45E-05	2.50E-04	8.33E-05	1.95E-04	0.00E+00	1.20E-04	7.51E-04	2.42E-04
G[C>A]A	1.27E-04	1.29E-04	7.55E-05	1.17E-03	5.43E-04	2.91E-05	1.16E-04	5.01E-05
G[C>A]C	8.96E-05	1.71E-04	1.88E-04	3.28E-04	2.36E-04	1.03E-04	5.68E-05	7.26E-05
G[C>A]G	1.05E-04	1.47E-04	7.32E-05	3.24E-04	1.76E-04	4.78E-05	7.03E-05	2.94E-05
G[C>A]T	1.67E-05	3.93E-04	3.15E-04	5.18E-04	3.18E-04	1.39E-04	2.80E-47	1.67E-04
G[C>G]A	2.72E-05	5.93E-05	2.57E-05	1.29E-04	1.16E-04	5.08E-05	6.02E-05	1.10E-05
G[C>G]C	1.35E-04	1.99E-04	3.78E-05	8.90E-05	1.71E-04	8.39E-05	3.25E-06	9.94E-06
G[C>G]G	3.47E-05	3.76E-05	3.72E-10	4.13E-05	8.62E-05	5.22E-06	2.40E-05	4.15E-10
G[C>G]T	5.36E-05	9.14E-05	3.10E-05	1.25E-05	2.68E-04	5.62E-05	3.16E-05	3.25E-05
G[C>T]A	3.55E-04	1.04E-03	4.36E-04	1.43E-03	2.58E-04	3.68E-04	8.18E-05	1.57E-04
G[C>T]C	1.76E-04	1.30E-03	1.09E-03	1.42E-03	5.58E-05	5.66E-04	1.05E-04	7.62E-04
G[C>T]G	1.29E-03	2.15E-03	2.23E-03	2.90E-03	1.04E-04	2.34E-04	3.78E-04	2.92E-03
G[C>T]T	1.02E-04	8.27E-04	6.10E-04	1.13E-03	2.69E-04	3.70E-04	9.46E-05	3.78E-04
G[T>A]A	2.56E-05	2.80E-05	2.57E-05	1.49E-05	1.21E-04	7.02E-05	7.61E-06	2.47E-05
G[T>A]C	1.63E-05	9.84E-05	9.20E-05	1.04E-04	1.39E-04	2.12E-04	8.46E-05	3.18E-06
G[T>A]G	1.97E-05	3.06E-05	2.25E-05	8.01E-05	1.05E-04	7.78E-05	7.24E-05	0.00E+00
G[T>A]T	4.31E-05	8.99E-05	5.61E-05	2.90E-05	1.30E-04	9.01E-05	1.10E-04	1.04E-05
G[T>C]A	0.00E+00	5.66E-04	2.92E-04	2.97E-04	1.82E-10	9.59E-04	0.00E+00	2.57E-04
G[T>C]C	0.00E+00	3.16E-04	2.90E-04	0.00E+00	8.64E-06	4.26E-04	1.25E-04	2.82E-04
G[T>C]G	4.66E-05	5.76E-04	2.56E-04	1.65E-04	0.00E+00	4.89E-04	1.31E-04	1.61E-04
G[T>C]T	1.55E-04	2.04E-04	7.84E-05	2.10E-04	5.22E-05	5.96E-04	1.67E-04	2.25E-04
G[T>G]A	1.52E-05	2.39E-05	1.80E-05	3.25E-05	7.50E-05	3.87E-05	6.74E-05	5.39E-05
G[T>G]C	3.18E-05	8.44E-05	9.85E-05	5.19E-05	9.57E-05	7.13E-05	1.13E-04	7.54E-05
G[T>G]G	9.93E-06	1.02E-04	9.68E-05	3.31E-05	1.29E-04	7.39E-05	1.00E-04	6.60E-05
G[T>G]T	1.50E-05	1.11E-04	1.14E-04	5.01E-06	1.65E-04	1.01E-04	3.47E-04	9.58E-05
T[C>A]A	7.76E-05	6.60E-05	4.82E-05	3.05E-04	2.77E-04	1.46E-05	8.60E-05	2.14E-04
T[C>A]C	1.34E-04	2.09E-04	7.35E-05	5.22E-04	2.61E-04	4.22E-05	6.31E-05	9.53E-05
T[C>A]G	6.40E-05	8.59E-05	5.73E-05	3.74E-04	2.20E-04	8.06E-06	6.30E-05	3.87E-05
T[C>A]T	1.62E-05	5.28E-04	1.37E-04	1.69E-03	9.88E-05	3.62E-05	2.61E-05	1.43E-03
T[C>G]A	7.87E-06	0.00E+00	7.25E-06	1.80E-04	4.87E-04	2.39E-05	3.71E-05	2.80E-10
T[C>G]C	5.64E-05	7.89E-05	6.91E-06	8.57E-05	4.00E-04	3.69E-05	3.83E-05	1.33E-05
T[C>G]G	0.00E+00	0.00E+00	1.45E-05	5.52E-05	1.50E-04	8.45E-06	4.88E-05	1.28E-05
T[C>G]T	1.40E-47	3.59E-05	1.82E-05	2.08E-04	8.01E-04	5.17E-05	6.70E-05	2.67E-05
T[C>T]A	1.27E-04	2.27E-04	1.48E-04	1.62E-03	7.12E-04	1.61E-04	1.71E-04	9.81E-05
T[C>T]C	1.87E-04	2.86E-04	2.93E-04	1.52E-03	9.60E-04	1.95E-04	2.37E-04	2.14E-04
T[C>T]G	5.60E-04	8.09E-04	5.69E-04	1.95E-03	2.38E-04	5.73E-04	4.65E-05	1.37E-03
T[C>T]T	7.93E-05	1.36E-04	1.40E-04	1.62E-03	1.07E-03	1.58E-04	1.84E-04	3.74E-04
T[T>A]A	4.87E-05	6.67E-05	2.15E-05	8.20E-05	1.31E-04	7.47E-05	4.67E-05	2.17E-05
T[T>A]C	2.75E-05	1.01E-05	3.97E-05	2.03E-04	1.04E-04	8.99E-05	8.31E-05	1.09E-05
T[T>A]G	7.98E-06	4.19E-05	5.77E-06	3.42E-05	1.26E-04	4.51E-05	7.11E-05	2.52E-05
T[T>A]T	4.60E-05	8.32E-05	1.79E-05	5.35E-05	1.65E-04	4.10E-05	1.15E-04	4.87E-05
T[T>C]A	9.73E-05	2.18E-04	7.12E-05	2.20E-04	1.30E-04	3.10E-04	8.99E-05	1.03E-04
T[T>C]C	1.09E-04	2.28E-04	1.32E-04	2.26E-04	1.33E-04	2.75E-04	1.32E-04	1.64E-04
T[T>C]G	1.71E-04	3.85E-04	6.59E-05	2.34E-04	9.82E-05	2.22E-04	1.18E-04	7.41E-05
T[T>C]T	6.98E-05	1.85E-04	3.32E-05	2.44E-04	1.54E-04	2.26E-04	1.41E-04	1.23E-04
T[T>G]A	1.56E-05	1.43E-05	8.47E-06	9.55E-05	9.84E-05	1.84E-05	8.26E-05	9.56E-05
T[T>G]C	6.63E-06	2.57E-05	2.54E-05	9.17E-05	9.32E-05	5.86E-05	1.34E-04	1.70E-04
T[T>G]G	3.65E-05	5.68E-05	2.78E-05	1.18E-04	1.48E-04	3.84E-05	8.77E-05	6.51E-05
T[T>G]T	0.00E+00	4.64E-09	9.75E-10	1.28E-09	1.13E-08	2.25E-06	2.72E-04	6.08E-04
