MutationType	DBS78A	DBS78B	DBS78C	DBS78D	DBS78E	DBS78F	DBS78G	DBS78H	DBS78I	DBS78J
AC>CA	3.17E-04	3.48E-04	1.93E-03	7.00E-04	1.70E-03	9.92E-04	1.18E-03	1.22E-03	2.66E-03	2.08E-03
AC>CG	8.15E-04	7.84E-04	1.27E-07	1.27E-04	1.70E-04	7.98E-05	1.99E-04	2.42E-04	3.35E-07	5.00E-04
AC>CT	1.29E-04	1.12E-03	5.87E-04	4.28E-04	1.11E-03	8.44E-04	1.26E-03	1.16E-03	1.41E-03	1.28E-03
AC>GA	7.65E-08	3.20E-04	5.73E-04	2.40E-03	2.28E-03	2.45E-03	1.21E-03	1.46E-03	1.79E-03	1.48E-03
AC>GG	6.08E-08	6.70E-04	1.80E-04	1.20E-07	1.39E-07	5.97E-04	4.21E-04	3.69E-04	3.85E-04	3.56E-03
AC>GT	6.86E-08	2.42E-07	2.43E-04	2.54E-04	1.11E-03	4.45E-04	3.99E-04	3.68E-04	1.70E-04	1.22E-03
AC>TA	9.36E-08	2.25E-03	6.14E-04	9.38E-04	4.15E-04	3.25E-03	3.04E-03	4.79E-03	1.19E-03	3.78E-03
AC>TG	7.01E-08	1.80E-07	9.59E-04	6.21E-04	1.61E-03	9.40E-04	9.02E-04	2.32E-07	8.14E-04	9.25E-04
AC>TT	1.01E-03	1.06E-03	9.15E-04	4.23E-04	1.55E-03	9.24E-04	7.94E-04	1.00E-03	2.61E-03	1.36E-03
AT>CA	5.48E-08	6.80E-04	1.53E-04	5.67E-05	4.72E-04	1.04E-03	7.13E-04	2.35E-03	9.41E-04	3.03E-03
AT>CC	6.43E-08	1.43E-07	1.26E-07	1.18E-07	1.96E-07	1.65E-07	1.31E-07	2.06E-07	3.64E-07	2.79E-07
AT>CG	6.43E-08	1.43E-07	1.26E-07	1.18E-07	1.96E-07	1.65E-07	1.31E-07	2.06E-07	3.64E-07	2.79E-07
AT>GA	8.89E-08	4.73E-04	1.50E-03	3.78E-04	9.90E-04	9.60E-04	1.17E-03	1.12E-03	1.34E-03	1.63E-03
AT>GC	6.43E-08	1.43E-07	1.26E-07	1.18E-07	1.96E-07	1.65E-07	1.31E-07	2.06E-07	3.64E-07	2.79E-07
AT>TA	9.61E-08	9.07E-04	1.09E-03	1.52E-04	4.18E-04	5.66E-04	3.02E-04	6.53E-04	4.41E-04	2.94E-04
CC>AA	1.78E-03	6.19E-03	8.14E-03	7.67E-03	7.93E-03	1.05E-02	4.82E-03	3.03E-03	4.26E-03	5.65E-03
CC>AG	9.26E-04	1.76E-03	2.96E-03	1.91E-03	2.64E-03	3.17E-03	5.45E-03	2.24E-03	3.38E-03	2.55E-03
CC>AT	1.83E-03	1.80E-03	4.15E-03	4.65E-03	4.80E-03	2.63E-03	4.00E-03	2.66E-03	4.61E-03	4.52E-03
CC>GA	6.96E-08	2.22E-03	2.58E-03	1.30E-03	2.45E-03	1.35E-03	2.99E-03	1.94E-03	2.36E-03	4.66E-03
CC>GG	5.86E-08	9.77E-04	1.78E-04	2.46E-04	6.98E-07	1.45E-04	1.28E-03	6.45E-04	3.33E-04	2.99E-04
CC>GT	2.05E-03	1.46E-03	1.66E-03	2.42E-03	3.32E-03	3.91E-03	1.83E-03	4.40E-03	1.12E-02	5.40E-03
CC>TA	2.06E-03	3.31E-04	1.18E-03	2.30E-03	1.14E-03	1.01E-03	2.73E-03	1.30E-03	1.75E-03	3.17E-04
CC>TG	7.19E-04	9.08E-04	2.52E-04	1.01E-03	3.26E-04	3.52E-04	5.88E-04	1.77E-04	1.60E-04	2.53E-07
CC>TT	4.89E-03	1.72E-03	4.41E-03	1.67E-03	3.98E-03	1.87E-03	2.20E-03	6.02E-03	7.92E-03	2.54E-03
CG>AT	7.40E-08	1.81E-04	1.23E-04	8.47E-05	4.73E-04	5.30E-04	2.44E-04	5.95E-04	1.36E-04	2.59E-04
CG>GC	6.43E-08	1.43E-07	1.26E-07	1.18E-07	1.96E-07	1.65E-07	1.31E-07	2.06E-07	3.64E-07	2.79E-07
CG>GT	7.00E-05	6.50E-04	1.46E-04	1.20E-03	1.53E-03	2.34E-04	1.04E-03	1.35E-03	1.86E-03	1.98E-03
CG>TA	5.39E-04	6.60E-04	6.73E-04	4.16E-04	6.07E-04	1.05E-03	1.55E-03	1.93E-03	1.81E-03	6.03E-03
CG>TC	6.43E-08	1.43E-07	1.26E-07	1.18E-07	1.96E-07	1.65E-07	1.31E-07	2.06E-07	3.64E-07	2.79E-07
CG>TT	6.43E-08	1.43E-07	1.26E-07	1.18E-07	1.96E-07	1.65E-07	1.31E-07	2.06E-07	3.64E-07	2.79E-07
CT>AA	1.02E-03	9.63E-04	1.46E-03	2.23E-03	3.43E-03	4.19E-03	3.39E-03	4.18E-03	3.59E-03	2.85E-03
CT>AC	9.76E-08	3.53E-04	9.72E-04	1.20E-03	3.88E-04	6.98E-04	2.08E-04	5.37E-04	3.56E-04	1.29E-04
CT>AG	2.02E-07	2.08E-03	1.88E-03	1.83E-04	1.43E-03	9.31E-04	3.49E-03	6.65E-03	1.02E-03	1.83E-03
CT>GA	9.79E-08	1.59E-03	8.81E-04	3.10E-04	3.61E-04	7.77E-04	4.24E-04	8.42E-04	5.64E-04	3.77E-04
CT>GC	9.20E-04	9.44E-04	8.13E-04	6.36E-05	3.46E-04	1.41E-04	1.59E-03	9.33E-04	1.09E-03	1.91E-03
CT>GG	7.97E-04	1.04E-03	1.08E-03	1.49E-04	7.68E-04	3.40E-04	4.25E-04	2.20E-04	1.58E-03	9.05E-04
CT>TA	2.59E-03	1.16E-03	1.57E-03	2.12E-03	2.28E-03	2.09E-03	2.82E-03	4.64E-03	4.07E-03	5.15E-03
CT>TC	6.93E-04	4.11E-04	8.63E-04	1.12E-03	2.07E-04	3.51E-03	3.25E-03	6.31E-04	3.10E-03	2.93E-03
CT>TG	3.14E-04	1.40E-03	6.61E-04	2.77E-04	1.48E-03	1.36E-03	1.12E-03	2.05E-03	1.47E-03	7.78E-03
GC>AA	1.52E-03	2.34E-03	3.84E-03	3.18E-03	4.85E-03	5.99E-03	2.81E-03	7.08E-03	5.02E-03	4.58E-03
GC>AG	1.44E-03	7.69E-04	2.78E-03	3.28E-03	1.89E-03	1.14E-03	3.39E-03	4.43E-03	2.30E-03	2.99E-03
GC>AT	4.47E-08	5.31E-04	1.85E-03	3.19E-04	1.97E-03	8.85E-04	3.91E-03	2.31E-03	3.02E-03	2.47E-03
GC>CA	8.73E-04	2.08E-03	3.83E-04	7.38E-04	1.11E-03	8.38E-04	6.12E-04	1.42E-03	2.95E-03	4.11E-03
GC>CG	6.43E-08	1.43E-07	1.26E-07	1.18E-07	1.96E-07	1.65E-07	1.31E-07	2.06E-07	3.64E-07	2.79E-07
GC>TA	2.84E-04	8.98E-04	3.47E-04	1.50E-03	4.02E-04	1.59E-04	3.79E-04	1.05E-03	9.55E-04	2.13E-03
TA>AT	6.30E-04	8.79E-04	1.22E-03	5.24E-04	1.73E-03	1.65E-03	2.16E-03	1.48E-03	2.64E-03	5.89E-03
TA>CG	5.75E-08	1.08E-03	1.23E-07	1.27E-04	1.70E-04	5.13E-04	9.28E-04	5.29E-04	7.42E-04	3.39E-03
TA>CT	6.97E-08	2.32E-03	1.43E-03	6.37E-04	1.76E-03	9.14E-04	1.99E-03	2.15E-03	4.58E-03	3.45E-03
TA>GC	6.43E-08	1.43E-07	1.26E-07	1.18E-07	1.96E-07	1.65E-07	1.31E-07	2.06E-07	3.64E-07	2.79E-07
TA>GG	5.92E-08	6.27E-04	1.20E-07	1.07E-07	1.02E-04	5.54E-04	1.89E-04	8.36E-04	2.85E-04	3.39E-03
TA>GT	2.64E-04	8.56E-08	9.46E-04	2.02E-03	2.32E-03	7.95E-04	1.22E-03	1.38E-03	1.89E-03	2.08E-03
TC>AA	1.18E-03	5.61E-03	2.10E-03	3.33E-03	5.89E-03	7.30E-03	7.05E-03	8.14E-03	6.63E-03	5.28E-03
TC>AG	2.34E-03	1.07E-03	3.96E-04	2.26E-03	1.73E-03	3.27E-03	4.31E-03	2.73E-03	2.46E-03	2.02E-03
TC>AT	4.19E-03	1.83E-03	2.41E-03	2.72E-03	3.33E-03	3.09E-03	4.18E-03	7.53E-03	4.97E-03	4.30E-03
TC>CA	7.40E-04	2.61E-03	1.22E-03	2.86E-03	4.89E-03	3.88E-03	1.95E-03	4.91E-03	3.84E-03	2.05E-03
TC>CG	3.45E-04	1.57E-03	6.44E-04	1.57E-03	6.50E-04	2.51E-04	8.10E-04	7.21E-04	1.57E-03	1.48E-03
TC>CT	1.64E-03	1.29E-03	2.13E-03	1.82E-03	2.22E-03	1.79E-03	7.77E-04	1.03E-03	2.13E-03	1.61E-03
TC>GA	2.43E-07	1.16E-03	2.50E-03	1.66E-03	2.03E-03	2.53E-03	1.93E-03	4.56E-03	1.68E-03	1.57E-03
TC>GG	7.65E-04	1.05E-03	9.00E-04	1.53E-04	1.70E-04	1.80E-04	2.64E-04	4.34E-04	1.63E-04	2.85E-04
TC>GT	1.08E-03	7.22E-04	7.90E-04	5.48E-04	1.52E-03	1.98E-03	4.97E-04	1.47E-03	3.57E-03	5.28E-03
TG>AA	9.78E-08	1.62E-03	1.02E-03	1.18E-03	3.38E-04	4.69E-04	8.98E-04	7.07E-04	4.44E-04	6.82E-04
TG>AC	9.46E-08	1.52E-07	1.13E-03	7.59E-05	2.11E-07	5.23E-05	1.42E-04	4.18E-04	3.54E-07	2.99E-07
TG>AT	4.93E-08	2.83E-03	1.59E-03	2.64E-03	2.61E-03	1.63E-03	3.03E-03	2.12E-03	4.24E-03	2.87E-03
TG>CA	9.01E-04	2.94E-03	1.82E-03	1.32E-03	2.83E-03	5.46E-03	3.86E-03	2.24E-03	3.54E-03	6.53E-03
TG>CC	9.00E-04	5.75E-04	8.69E-04	7.08E-04	2.03E-03	1.05E-03	1.96E-03	4.93E-03	3.71E-03	4.63E-03
TG>CT	4.49E-04	3.68E-03	3.03E-03	2.32E-03	5.18E-03	2.21E-03	7.12E-03	5.99E-03	5.45E-03	9.54E-03
TG>GA	7.62E-05	1.11E-03	4.66E-04	1.52E-07	3.53E-04	2.95E-04	2.63E-04	2.26E-07	1.80E-03	1.19E-03
TG>GC	1.08E-04	1.08E-03	5.31E-04	9.11E-08	2.18E-04	5.84E-04	5.72E-04	2.08E-03	1.20E-03	1.81E-03
TG>GT	1.34E-03	1.53E-03	6.64E-04	1.46E-03	1.35E-03	6.09E-04	2.13E-03	1.76E-03	2.49E-03	2.10E-03
TT>AA	1.07E-03	2.91E-03	1.49E-04	1.30E-03	8.38E-04	6.14E-04	1.53E-03	1.36E-03	5.01E-03	3.26E-03
TT>AC	6.70E-08	1.04E-03	1.28E-07	1.27E-07	1.65E-07	1.57E-07	1.79E-04	1.94E-07	2.13E-04	2.15E-04
TT>AG	5.58E-08	5.43E-04	1.22E-03	6.80E-04	1.10E-03	1.18E-03	1.14E-03	7.47E-04	3.66E-03	2.05E-03
TT>CA	7.45E-04	1.42E-07	1.31E-07	9.79E-08	1.79E-07	1.66E-07	1.47E-07	1.77E-04	3.72E-07	2.77E-07
TT>CC	7.52E-04	9.79E-08	9.78E-04	6.83E-05	1.74E-07	1.69E-04	1.03E-04	4.60E-04	3.40E-07	4.33E-07
TT>CG	7.00E-05	7.23E-04	5.95E-04	4.42E-04	1.10E-03	6.67E-04	1.24E-03	2.07E-03	2.66E-03	2.72E-03
TT>GA	6.43E-08	1.43E-07	1.26E-07	1.18E-07	1.96E-07	1.65E-07	1.31E-07	2.06E-07	3.64E-07	2.79E-07
TT>GC	2.89E-04	3.74E-04	4.60E-04	3.65E-04	8.21E-04	8.73E-04	1.55E-03	1.48E-03	1.43E-03	1.65E-03
TT>GG	6.72E-08	1.85E-07	3.95E-04	6.87E-04	6.77E-04	5.43E-04	3.07E-04	2.27E-07	2.44E-04	4.99E-04
