MutationType	DBS78A	DBS78B	DBS78C	DBS78D	DBS78E	DBS78F
AC>CA	6.19E-04	4.90E-04	1.77E-03	1.01E-03	1.54E-03	1.11E-03
AC>CG	5.48E-05	6.67E-04	1.16E-04	6.67E-04	2.63E-04	2.34E-04
AC>CT	5.81E-04	1.49E-04	1.03E-03	9.26E-04	1.46E-03	9.73E-04
AC>GA	1.72E-03	1.08E-04	2.24E-03	8.45E-04	9.19E-04	1.33E-03
AC>GG	5.66E-08	1.17E-04	4.16E-04	5.26E-04	1.51E-03	8.74E-04
AC>GT	2.43E-04	4.94E-08	7.52E-04	4.45E-04	5.76E-04	2.30E-04
AC>TA	5.60E-04	1.36E-04	1.38E-03	1.46E-03	2.51E-03	3.56E-03
AC>TG	5.67E-04	4.81E-08	9.98E-04	2.46E-04	9.68E-04	4.29E-04
AC>TT	3.68E-04	9.88E-04	1.14E-03	1.21E-03	1.11E-03	1.17E-03
AT>CA	3.10E-04	3.64E-04	5.09E-04	5.04E-04	1.21E-03	1.69E-03
AT>CC	5.04E-08	4.62E-08	1.67E-07	1.27E-07	2.12E-07	1.92E-07
AT>CG	5.04E-08	4.62E-08	1.67E-07	1.27E-07	2.12E-07	1.92E-07
AT>GA	7.16E-04	3.19E-04	1.05E-03	3.98E-04	1.07E-03	1.09E-03
AT>GC	5.04E-08	4.62E-08	1.67E-07	1.27E-07	2.12E-07	1.92E-07
AT>TA	7.12E-04	5.13E-08	5.72E-04	6.72E-04	4.30E-04	6.40E-04
CC>AA	6.17E-03	1.61E-03	8.67E-03	5.31E-03	5.06E-03	4.94E-03
CC>AG	2.29E-03	9.29E-04	3.46E-03	1.83E-03	4.25E-03	2.92E-03
CC>AT	3.84E-03	1.79E-03	4.22E-03	2.36E-03	3.42E-03	2.42E-03
CC>GA	1.94E-03	3.90E-04	1.47E-03	1.96E-03	3.14E-03	2.22E-03
CC>GG	2.60E-04	4.37E-08	4.78E-04	8.28E-04	6.58E-04	5.29E-04
CC>GT	1.11E-03	2.46E-03	2.95E-03	2.31E-03	4.54E-03	4.64E-03
CC>TA	1.40E-03	1.99E-03	1.50E-03	7.39E-04	1.28E-03	1.62E-03
CC>TG	4.51E-04	7.70E-04	5.68E-04	7.64E-04	4.87E-04	4.16E-04
CC>TT	3.00E-03	4.02E-03	2.88E-03	1.59E-03	2.30E-03	3.77E-03
CG>AT	1.11E-04	4.91E-08	2.11E-04	2.18E-04	2.38E-04	6.13E-04
CG>GC	5.04E-08	4.62E-08	1.67E-07	1.27E-07	2.12E-07	1.92E-07
CG>GT	6.67E-04	2.70E-04	6.73E-04	3.62E-04	1.53E-03	7.01E-04
CG>TA	2.65E-04	6.57E-04	2.31E-03	7.60E-04	2.19E-03	2.19E-03
CG>TC	5.04E-08	4.62E-08	1.67E-07	1.27E-07	2.12E-07	1.92E-07
CG>TT	5.04E-08	4.62E-08	1.67E-07	1.27E-07	2.12E-07	1.92E-07
CT>AA	2.07E-03	1.01E-03	2.83E-03	1.70E-03	3.26E-03	2.98E-03
CT>AC	6.85E-04	4.96E-08	7.71E-04	1.81E-04	1.50E-04	6.25E-04
CT>AG	1.39E-03	1.50E-04	2.24E-03	1.97E-03	3.56E-03	3.22E-03
CT>GA	5.96E-04	5.31E-08	6.46E-04	1.25E-03	4.98E-04	6.83E-04
CT>GC	2.14E-04	1.01E-03	6.76E-04	7.61E-04	1.11E-03	7.48E-04
CT>GG	6.27E-04	7.31E-04	4.86E-04	1.14E-03	6.40E-04	6.52E-04
CT>TA	1.13E-03	2.45E-03	1.97E-03	1.18E-03	2.25E-03	2.28E-03
CT>TC	6.38E-04	9.30E-04	1.68E-03	1.28E-03	7.78E-04	2.08E-03
CT>TG	4.69E-04	3.77E-04	1.49E-03	1.34E-03	2.45E-03	2.67E-03
GC>AA	3.25E-03	1.58E-03	4.16E-03	2.93E-03	2.95E-03	5.50E-03
GC>AG	2.08E-03	1.39E-03	2.49E-03	1.26E-03	2.53E-03	3.30E-03
GC>AT	1.25E-03	4.67E-04	1.97E-03	1.36E-03	3.47E-03	2.11E-03
GC>CA	2.76E-04	9.94E-04	7.98E-04	2.00E-03	1.31E-03	2.08E-03
GC>CG	5.04E-08	4.62E-08	1.67E-07	1.27E-07	2.12E-07	1.92E-07
GC>TA	5.73E-04	2.39E-04	9.76E-04	9.11E-04	6.20E-04	7.08E-04
TA>AT	6.97E-04	5.85E-04	1.79E-03	1.32E-03	1.81E-03	2.51E-03
TA>CG	5.39E-08	1.75E-04	5.94E-04	9.60E-04	6.88E-04	9.90E-04
TA>CT	5.34E-04	5.41E-04	2.10E-03	2.08E-03	2.90E-03	2.81E-03
TA>GC	5.04E-08	4.62E-08	1.67E-07	1.27E-07	2.12E-07	1.92E-07
TA>GG	4.20E-05	5.03E-08	5.27E-04	4.17E-04	9.09E-04	1.06E-03
TA>GT	1.08E-03	2.76E-04	1.32E-03	7.40E-04	2.02E-03	1.07E-03
TC>AA	2.57E-03	1.10E-03	4.50E-03	4.52E-03	4.79E-03	7.08E-03
TC>AG	1.32E-03	2.37E-03	2.58E-03	1.28E-03	3.08E-03	2.27E-03
TC>AT	2.23E-03	4.15E-03	3.33E-03	2.38E-03	3.40E-03	5.51E-03
TC>CA	1.91E-03	6.48E-04	2.87E-03	3.03E-03	2.16E-03	3.76E-03
TC>CG	8.71E-04	5.06E-04	8.47E-04	1.37E-03	6.99E-04	8.05E-04
TC>CT	1.79E-03	1.50E-03	1.70E-03	1.22E-03	1.35E-03	5.40E-04
TC>GA	2.10E-03	2.13E-04	2.03E-03	1.73E-03	1.77E-03	3.26E-03
TC>GG	5.31E-04	6.27E-04	3.27E-04	7.41E-04	3.81E-04	4.04E-04
TC>GT	5.03E-04	1.03E-03	1.76E-03	1.19E-03	2.20E-03	2.66E-03
TG>AA	7.80E-04	4.21E-08	7.32E-04	1.21E-03	7.28E-04	5.31E-04
TG>AC	5.68E-04	6.31E-08	4.26E-04	3.03E-05	2.47E-07	1.97E-07
TG>AT	1.69E-03	2.68E-08	1.90E-03	2.60E-03	2.53E-03	2.42E-03
TG>CA	1.52E-03	9.55E-04	2.95E-03	2.89E-03	3.53E-03	3.93E-03
TG>CC	4.78E-04	8.86E-04	1.84E-03	1.38E-03	2.77E-03	2.69E-03
TG>CT	2.71E-03	1.60E-04	3.72E-03	3.75E-03	6.20E-03	3.98E-03
TG>GA	1.54E-04	1.61E-04	3.52E-04	9.93E-04	5.66E-04	8.38E-04
TG>GC	5.47E-05	1.92E-04	1.04E-03	1.15E-03	1.00E-03	1.26E-03
TG>GT	6.75E-04	1.30E-03	1.25E-03	1.27E-03	2.08E-03	1.45E-03
TT>AA	4.54E-04	1.08E-03	1.26E-03	2.66E-03	2.33E-03	2.11E-03
TT>AC	5.22E-08	5.00E-08	1.66E-07	7.52E-04	3.55E-04	1.99E-04
TT>AG	4.86E-04	2.22E-04	1.29E-03	1.11E-03	1.84E-03	2.28E-03
TT>CA	6.10E-08	6.12E-04	1.43E-07	1.24E-07	2.08E-07	1.86E-07
TT>CC	5.10E-04	6.36E-04	5.52E-04	1.01E-04	1.09E-04	2.30E-04
TT>CG	1.24E-04	2.76E-04	8.14E-04	8.14E-04	1.58E-03	8.65E-04
TT>GA	5.04E-08	4.62E-08	1.67E-07	1.27E-07	2.12E-07	1.92E-07
TT>GC	1.77E-04	4.66E-04	6.44E-04	2.07E-04	1.75E-03	7.59E-04
TT>GG	3.54E-04	5.20E-08	3.59E-04	1.37E-04	4.83E-04	3.10E-04
