NMF_Replicate	L1	L1 %	L2	L2 %	KL Divergence	Correlation	Convergence Iterations
1	143.826	72.186	25.704	51.404	0.599	0.751	40000.0
2	143.443	71.855	25.371	51.143	0.598	0.751	40000.0
3	141.91	70.688	25.358	50.585	0.595	0.758	40000.0
4	141.519	70.644	25.232	50.505	0.591	0.759	30000.0
5	144.1	72.267	25.899	51.011	0.585	0.754	40000.0
6	143.573	71.412	25.418	50.886	0.594	0.755	40000.0
7	145.161	72.361	26.023	51.598	0.596	0.748	70000.0
8	143.655	71.802	25.381	51.063	0.597	0.753	30000.0
9	141.831	70.957	25.278	50.567	0.593	0.759	30000.0
10	143.221	71.482	25.282	50.867	0.598	0.754	30000.0
11	144.218	72.226	25.949	51.01	0.588	0.754	40000.0
12	142.503	70.916	25.429	50.685	0.597	0.757	30000.0
13	143.299	71.329	25.412	50.707	0.594	0.758	60000.0
14	144.357	72.244	25.461	51.455	0.601	0.752	30000.0
15	141.763	70.411	25.261	50.341	0.589	0.761	40000.0
16	142.517	71.057	25.398	50.719	0.597	0.758	40000.0
17	145.156	72.478	25.698	51.602	0.603	0.751	40000.0
18	142.198	70.825	25.394	50.551	0.597	0.758	60000.0
19	143.719	71.078	25.328	50.848	0.601	0.759	40000.0
20	143.273	70.905	25.263	50.733	0.601	0.759	40000.0
21	143.731	72.051	25.722	51.417	0.599	0.75	50000.0
22	142.071	70.712	25.309	50.56	0.594	0.758	30000.0
23	143.75	71.692	25.399	50.915	0.598	0.753	80000.0
24	144.148	72.11	25.843	50.83	0.582	0.757	30000.0
25	143.91	71.967	25.618	50.915	0.6	0.753	60000.0
26	143.638	71.804	25.36	51.041	0.598	0.752	40000.0
27	144.299	72.171	26.02	51.039	0.583	0.755	40000.0
28	143.769	71.578	25.531	50.877	0.594	0.755	30000.0
29	143.437	71.609	25.446	51.006	0.596	0.753	70000.0
30	143.614	71.523	25.574	50.95	0.601	0.753	40000.0
31	143.134	71.364	25.199	50.762	0.595	0.756	30000.0
32	144.037	72.233	25.918	51.1	0.584	0.754	20000.0
33	144.463	72.363	25.606	51.311	0.604	0.753	60000.0
34	143.514	71.631	25.392	50.805	0.597	0.755	60000.0
35	143.4	71.081	25.412	50.669	0.592	0.758	30000.0
36	143.631	72.145	25.733	51.371	0.597	0.752	40000.0
37	142.279	70.909	25.446	50.6	0.593	0.758	30000.0
38	143.527	71.451	25.46	50.879	0.597	0.755	30000.0
39	142.308	70.893	25.41	50.66	0.593	0.759	20000.0
40	142.719	70.915	25.529	50.64	0.595	0.759	40000.0
41	144.582	72.355	25.475	51.456	0.603	0.752	30000.0
42	143.557	71.653	25.465	50.9	0.6	0.754	40000.0
43	145.061	72.659	25.454	51.562	0.606	0.751	40000.0
44	143.535	71.664	25.396	50.974	0.598	0.754	40000.0
45	144.184	72.173	25.976	50.926	0.583	0.756	30000.0
46	143.143	71.417	25.353	50.859	0.594	0.755	30000.0
47	144.344	72.117	26.015	51.045	0.58	0.754	60000.0
48	142.071	70.791	25.269	50.483	0.593	0.76	60000.0
49	144.419	72.017	26.026	50.921	0.582	0.756	30000.0
50	143.125	71.36	25.329	50.933	0.592	0.754	60000.0
51	144.176	72.118	25.993	51.007	0.584	0.754	40000.0
52	144.601	72.517	25.431	51.538	0.606	0.751	80000.0
53	143.871	72.22	25.767	51.409	0.6	0.752	40000.0
54	142.83	70.561	25.215	50.473	0.595	0.762	70000.0
55	143.645	71.587	25.672	50.879	0.595	0.756	30000.0
56	141.882	70.676	25.366	50.494	0.59	0.761	40000.0
57	144.774	71.975	26.162	50.951	0.58	0.756	40000.0
58	144.208	71.934	25.65	51.179	0.6	0.755	40000.0
59	143.962	70.636	25.6	50.318	0.597	0.764	40000.0
60	143.434	72.25	25.61	51.43	0.598	0.75	20000.0
61	143.889	71.799	25.562	51.11	0.6	0.752	50000.0
62	143.021	71.37	25.268	50.721	0.593	0.756	30000.0
63	144.788	72.139	26.21	51.035	0.583	0.756	40000.0
64	142.889	71.393	25.284	50.786	0.595	0.755	30000.0
65	143.32	71.655	25.315	50.952	0.6	0.752	40000.0
66	143.396	71.497	25.309	50.959	0.594	0.755	30000.0
67	145.854	72.977	26.158	51.398	0.592	0.754	40000.0
68	143.751	71.723	25.464	51.096	0.596	0.753	40000.0
69	143.103	71.254	25.322	50.677	0.595	0.757	50000.0
70	144.545	71.942	26.011	50.952	0.582	0.756	50000.0
71	143.484	71.518	25.398	50.821	0.594	0.755	50000.0
72	143.874	71.602	25.499	50.9	0.596	0.755	30000.0
73	142.081	70.893	25.419	50.61	0.595	0.759	50000.0
74	143.865	72.141	25.722	51.427	0.596	0.751	60000.0
75	144.079	72.009	25.944	50.849	0.582	0.757	40000.0
76	144.094	72.027	25.991	50.956	0.582	0.755	20000.0
77	143.467	71.416	25.396	50.942	0.596	0.755	60000.0
78	143.593	71.528	25.346	50.929	0.594	0.754	50000.0
79	143.605	70.808	25.367	50.754	0.597	0.76	50000.0
80	144.786	72.305	25.597	51.453	0.602	0.753	30000.0
81	143.176	71.45	25.329	50.851	0.594	0.756	40000.0
82	143.23	71.545	25.271	50.924	0.594	0.754	40000.0
83	142.195	70.829	25.368	50.544	0.593	0.759	60000.0
84	144.097	71.89	25.497	51.12	0.598	0.752	60000.0
85	143.368	71.556	25.386	50.953	0.595	0.754	40000.0
86	142.694	71.288	25.221	50.7	0.594	0.757	30000.0
87	144.008	71.866	25.628	51.156	0.598	0.755	40000.0
88	144.008	72.229	25.79	51.475	0.6	0.75	90000.0
89	141.868	71.003	25.313	50.544	0.596	0.759	50000.0
90	142.99	71.491	25.359	50.833	0.597	0.755	40000.0
91	142.998	70.543	25.361	50.293	0.599	0.765	30000.0
92	143.499	71.647	25.307	50.832	0.594	0.755	50000.0
93	143.182	71.407	25.317	50.814	0.594	0.756	80000.0
94	144.755	72.382	26.098	51.158	0.585	0.753	30000.0
95	143.749	71.664	25.462	50.957	0.596	0.754	20000.0
96	144.403	72.048	25.985	50.972	0.582	0.755	30000.0
97	142.127	70.848	25.436	50.528	0.593	0.76	30000.0
98	143.672	71.74	25.423	51.053	0.596	0.753	50000.0
99	141.946	70.886	25.38	50.654	0.596	0.757	20000.0
100	144.496	72.323	25.49	51.446	0.602	0.752	30000.0
