Samples	SBS96A	SBS96B	SBS96C	SBS96D	SBS96E
TCGA-05-4244-01	156	55	13	30	6
TCGA-05-4249-01	232	62	35	32	24
TCGA-05-4250-01	229	79	58	30	38
TCGA-05-4382-01	1732	10	233	68	67
TCGA-05-4384-01	81	38	12	18	15
TCGA-05-4389-01	82	49	101	48	16
TCGA-05-4390-01	538	63	11	40	42
TCGA-05-4395-01	151	27	112	25	33
TCGA-05-4396-01	196	60	21	30	27
TCGA-05-4397-01	515	242	186	35	41
TCGA-05-4398-01	544	161	115	67	41
TCGA-05-4402-01	5	34	108	6	2
TCGA-05-4403-01	64	40	5	40	19
TCGA-05-4405-01	300	76	29	46	31
TCGA-05-4410-01	863	227	175	39	44
TCGA-05-4415-01	172	42	6	16	14
TCGA-05-4417-01	236	77	12	21	6
TCGA-05-4418-01	181	73	15	23	42
TCGA-05-4420-01	245	58	19	27	22
TCGA-05-4422-01	11	3	21	9	10
TCGA-05-4424-01	605	88	133	39	36
TCGA-05-4425-01	0	0	0	45	8
TCGA-05-4426-01	7	19	7	20	2
TCGA-05-4427-01	824	240	84	44	58
TCGA-05-4430-01	231	55	22	22	11
TCGA-05-4432-01	442	192	32	39	48
TCGA-05-4433-01	0	0	0	45	0
TCGA-05-4434-01	1	23	11	13	11
TCGA-05-5420-01	48	26	4	22	16
TCGA-05-5423-01	111	16	20	33	7
TCGA-05-5425-01	452	157	43	33	34
TCGA-05-5428-01	259	0	147	25	44
TCGA-05-5429-01	1	2	6	32	3
TCGA-05-5715-01	15	2	100	33	1
TCGA-35-3615-01	62	0	52	19	13
TCGA-35-4122-01	145	165	50	23	29
TCGA-35-4123-01	258	55	14	22	20
TCGA-35-5375-01	249	155	55	44	20
TCGA-38-4625-01	580	0	148	0	37
TCGA-38-4626-01	248	39	21	3	14
TCGA-38-4627-01	7	7	3	11	8
TCGA-38-4628-01	40	48	21	31	9
TCGA-38-4629-01	156	86	42	31	35
TCGA-38-4630-01	26	4	74	42	19
TCGA-38-4631-01	681	164	26	20	36
TCGA-38-4632-01	385	150	36	27	57
TCGA-38-6178-01	21	27	12	15	16
TCGA-38-7271-01	52	12	46	5	1
TCGA-38-A44F-01	2	5	1	7	3
TCGA-44-2655-01	184	4	12	11	17
TCGA-44-2656-01	817	97	20	65	59
TCGA-44-2657-01	366	41	55	41	19
TCGA-44-2659-01	411	10	19	45	23
TCGA-44-2661-01	3	27	7	8	5
TCGA-44-2662-01	47	39	167	8	7
TCGA-44-2665-01	0	25	19	17	0
TCGA-44-2666-01	0	20	9	14	0
TCGA-44-2668-01	287	53	77	11	15
TCGA-44-3396-01	58	37	105	37	8
TCGA-44-3398-01	106	39	78	25	0
TCGA-44-3917-01	152	54	24	16	28
TCGA-44-3918-01	952	51	103	40	35
TCGA-44-3919-01	5	24	23	8	9
TCGA-44-4112-01	386	35	124	39	25
TCGA-44-5643-01	44	42	29	26	21
TCGA-44-5644-01	840	166	66	62	37
TCGA-44-5645-01	0	31	0	9	4
TCGA-44-6144-01	153	74	23	19	15
TCGA-44-6145-01	312	44	14	12	10
TCGA-44-6146-01	0	13	0	19	15
TCGA-44-6147-01	110	13	6	13	19
TCGA-44-6148-01	0	0	0	4	4
TCGA-44-6774-01	298	42	7	10	13
TCGA-44-6775-01	22	33	11	11	9
TCGA-44-6776-01	177	29	12	19	14
TCGA-44-6777-01	233	56	108	32	50
TCGA-44-6778-01	296	129	18	26	18
TCGA-44-6779-01	48	28	11	28	10
TCGA-44-7659-01	103	48	12	8	12
TCGA-44-7660-01	170	216	41	31	11
TCGA-44-7661-01	185	53	77	14	13
TCGA-44-7662-01	434	129	87	26	39
TCGA-44-7667-01	363	118	23	49	26
TCGA-44-7669-01	329	153	11	31	37
TCGA-44-7670-01	956	71	192	49	66
TCGA-44-7671-01	154	74	16	23	24
TCGA-44-7672-01	118	45	14	8	12
TCGA-44-8117-01	711	89	44	58	28
TCGA-44-8119-01	492	143	27	76	35
TCGA-44-8120-01	566	82	35	35	27
TCGA-44-A479-01	302	9	25	27	14
TCGA-44-A47A-01	68	54	109	31	9
TCGA-44-A47B-01	16	7	3	26	8
TCGA-44-A47F-01	26	22	21	30	14
TCGA-44-A47G-01	22	29	22	15	13
TCGA-44-A4SS-01	314	148	74	25	33
TCGA-44-A4SU-01	87	47	6	32	15
TCGA-49-4486-01	28	30	135	6	14
TCGA-49-4487-01	244	90	71	9	18
TCGA-49-4488-01	262	42	38	14	11
TCGA-49-4490-01	0	20	22	26	0
TCGA-49-4494-01	143	39	14	26	10
TCGA-49-4501-01	2	2	16	44	8
TCGA-49-4505-01	157	44	25	43	5
TCGA-49-4506-01	73	36	5	19	7
TCGA-49-4507-01	97	51	53	27	21
TCGA-49-4510-01	20	32	6	4	4
TCGA-49-4512-01	7	15	6	21	6
TCGA-49-4514-01	186	34	126	30	37
TCGA-49-6742-01	54	51	176	34	39
TCGA-49-6743-01	400	204	239	31	71
TCGA-49-6744-01	202	50	7	5	21
TCGA-49-6745-01	1	8	95	41	25
TCGA-49-6761-01	75	27	97	29	18
TCGA-49-6767-01	407	92	43	30	22
TCGA-49-AAQV-01	0	30	45	13	0
TCGA-49-AAR0-01	79	32	23	23	19
TCGA-49-AAR2-01	387	41	13	21	26
TCGA-49-AAR3-01	79	49	17	22	4
TCGA-49-AAR4-01	453	72	116	5	66
TCGA-49-AAR9-01	610	100	20	36	42
TCGA-49-AARE-01	1259	143	112	66	91
TCGA-49-AARN-01	309	367	168	0	88
TCGA-49-AARO-01	655	22	40	3	18
TCGA-49-AARQ-01	650	59	103	24	53
TCGA-49-AARR-01	0	0	0	3	0
TCGA-4B-A93V-01	94	41	10	12	14
TCGA-50-5044-01	2	28	129	6	6
TCGA-50-5045-01	313	25	24	2	6
TCGA-50-5049-01	732	188	38	2	44
TCGA-50-5051-01	89	13	9	23	5
TCGA-50-5055-01	0	8	5	9	0
TCGA-50-5066-01	186	104	29	6	20
TCGA-50-5068-01	44	32	7	23	12
TCGA-50-5072-01	112	39	21	10	21
TCGA-50-5930-01	1136	111	28	37	47
TCGA-50-5931-01	229	85	26	25	16
TCGA-50-5932-01	76	0	0	0	14
TCGA-50-5933-01	377	99	47	50	59
TCGA-50-5935-01	0	31	64	15	13
TCGA-50-5936-01	31	27	71	11	6
TCGA-50-5939-01	10	37	25	16	16
TCGA-50-5941-01	286	111	45	20	20
TCGA-50-5942-01	27	27	1	10	6
TCGA-50-5944-01	15	22	10	29	8
TCGA-50-5946-01	458	102	176	51	29
TCGA-50-6590-01	626	169	224	16	49
TCGA-50-6591-01	8	23	3	16	16
TCGA-50-6592-01	124	123	69	15	25
TCGA-50-6593-01	235	94	15	21	25
TCGA-50-6594-01	452	84	60	17	21
TCGA-50-6595-01	21	29	30	11	27
TCGA-50-6597-01	0	0	32	28	18
TCGA-50-6673-01	0	32	5	20	5
TCGA-50-7109-01	187	66	7	28	20
TCGA-50-8457-01	25	15	5	11	11
TCGA-50-8459-01	65	23	5	19	7
TCGA-50-8460-01	5	8	5	13	5
TCGA-53-7624-01	602	128	177	40	65
TCGA-53-7626-01	326	58	50	8	8
TCGA-53-7813-01	116	42	1	19	8
TCGA-53-A4EZ-01	495	63	33	36	47
TCGA-55-1592-01	270	260	73	39	49
TCGA-55-1594-01	57	43	86	29	16
TCGA-55-1595-01	263	94	19	19	12
TCGA-55-1596-01	90	92	5	20	27
TCGA-55-5899-01	318	46	129	24	32
TCGA-55-6543-01	0	0	5	20	0
TCGA-55-6642-01	111	16	6	10	12
TCGA-55-6712-01	28	23	112	25	8
TCGA-55-6968-01	126	30	467	8	24
TCGA-55-6969-01	288	173	22	0	31
TCGA-55-6970-01	120	54	12	13	10
TCGA-55-6971-01	43	46	6	4	9
TCGA-55-6972-01	110	11	151	15	55
TCGA-55-6975-01	34	31	15	19	1
TCGA-55-6978-01	0	21	0	14	0
TCGA-55-6979-01	66	46	60	0	0
TCGA-55-6980-01	0	9	0	3	4
TCGA-55-6981-01	5	21	6	24	7
TCGA-55-6982-01	16	7	231	17	16
TCGA-55-6983-01	72	21	5	22	14
TCGA-55-6984-01	6	11	1	3	6
TCGA-55-6985-01	421	84	3	25	51
TCGA-55-6986-01	0	11	0	6	8
TCGA-55-6987-01	96	39	100	17	2
TCGA-55-7227-01	110	50	13	19	12
TCGA-55-7281-01	348	89	42	21	57
TCGA-55-7283-01	103	37	66	61	24
TCGA-55-7284-01	0	0	0	44	13
TCGA-55-7570-01	195	136	108	12	16
TCGA-55-7573-01	23	20	9	3	8
TCGA-55-7574-01	87	48	154	4	29
TCGA-55-7576-01	275	115	29	53	27
TCGA-55-7724-01	59	121	44	39	14
TCGA-55-7725-01	94	40	4	12	4
TCGA-55-7726-01	0	0	102	39	0
TCGA-55-7727-01	124	11	109	26	47
TCGA-55-7728-01	81	3	1	23	13
TCGA-55-7815-01	106	31	9	24	12
TCGA-55-7816-01	0	0	0	2	0
TCGA-55-7903-01	81	23	28	41	15
TCGA-55-7907-01	980	130	253	45	45
TCGA-55-7910-01	258	50	12	33	15
TCGA-55-7911-01	158	60	22	14	24
TCGA-55-7913-01	268	51	47	44	25
TCGA-55-7914-01	103	35	27	39	10
TCGA-55-7994-01	1361	265	95	86	83
TCGA-55-7995-01	453	179	116	18	56
TCGA-55-8085-01	122	28	131	35	12
TCGA-55-8087-01	0	0	6	19	12
TCGA-55-8089-01	818	146	470	49	63
TCGA-55-8090-01	54	32	3	13	11
TCGA-55-8091-01	0	0	0	30	5
TCGA-55-8092-01	367	39	156	75	88
TCGA-55-8094-01	384	97	26	32	18
TCGA-55-8096-01	97	32	15	21	14
TCGA-55-8097-01	61	3	14	50	11
TCGA-55-8203-01	386	66	7	52	19
TCGA-55-8204-01	71	57	90	24	28
TCGA-55-8205-01	269	127	218	22	12
TCGA-55-8206-01	6	9	8	14	1
TCGA-55-8207-01	239	71	18	43	16
TCGA-55-8208-01	88	100	206	11	39
TCGA-55-8299-01	172	55	14	12	20
TCGA-55-8301-01	197	88	33	25	19
TCGA-55-8302-01	614	119	19	29	64
TCGA-55-8505-01	2	10	15	16	5
TCGA-55-8506-01	1155	167	12	667	106
TCGA-55-8507-01	916	121	33	60	83
TCGA-55-8508-01	132	32	18	33	12
TCGA-55-8510-01	289	31	33	12	27
TCGA-55-8511-01	469	53	93	47	51
TCGA-55-8512-01	22	15	5	4	5
TCGA-55-8513-01	0	0	0	6	2
TCGA-55-8514-01	249	23	3	38	38
TCGA-55-8614-01	66	133	39	49	11
TCGA-55-8615-01	65	64	5	17	11
TCGA-55-8616-01	486	19	17	54	27
TCGA-55-8619-01	2	2	1	21	1
TCGA-55-8620-01	394	98	16	60	47
TCGA-55-8621-01	43	18	9	11	8
TCGA-55-A48X-01	362	31	27	12	51
TCGA-55-A48Y-01	0	0	381	32	31
TCGA-55-A48Z-01	16	14	5	24	9
TCGA-55-A490-01	1291	123	135	46	48
TCGA-55-A491-01	295	77	36	28	30
TCGA-55-A492-01	202	78	17	30	28
TCGA-55-A493-01	157	43	93	27	20
TCGA-55-A494-01	183	19	19	59	15
TCGA-55-A4DF-01	178	22	652	47	84
TCGA-55-A4DG-01	642	115	32	35	20
TCGA-55-A57B-01	6	8	9	21	5
TCGA-62-8394-01	23	72	53	21	4
TCGA-62-8395-01	4	21	17	31	13
TCGA-62-8397-01	8	6	1	13	4
TCGA-62-8398-01	47	15	12	23	6
TCGA-62-8399-01	259	87	260	55	0
TCGA-62-8402-01	3	27	5	26	12
TCGA-62-A46O-01	665	150	172	50	55
TCGA-62-A46P-01	265	29	8	43	8
TCGA-62-A46R-01	86	40	32	35	16
TCGA-62-A46S-01	80	11	13	33	22
TCGA-62-A46U-01	12	6	8	21	5
TCGA-62-A46V-01	8	19	6	29	9
TCGA-62-A46Y-01	6	12	1	15	5
TCGA-62-A470-01	53	31	11	38	14
TCGA-62-A471-01	7	29	77	19	16
TCGA-62-A472-01	22	20	3	11	16
TCGA-64-1676-01	561	91	21	38	29
TCGA-64-1679-01	436	84	58	15	21
TCGA-64-1680-01	7	16	31	20	2
TCGA-64-1681-01	3	51	33	7	12
TCGA-64-5774-01	124	9	7	30	6
TCGA-64-5775-01	457	32	22	43	35
TCGA-64-5778-01	398	86	42	28	25
TCGA-64-5779-01	339	16	16	50	16
TCGA-64-5781-01	925	198	167	27	88
TCGA-64-5815-01	138	35	3	21	16
TCGA-67-3770-01	171	61	6	17	18
TCGA-67-3771-01	539	271	375	40	95
TCGA-67-3773-01	75	14	2	18	16
TCGA-67-3774-01	62	62	8	4	14
TCGA-67-4679-01	230	65	13	20	24
TCGA-67-6215-01	0	122	0	0	15
TCGA-67-6216-01	2	8	14	11	10
TCGA-67-6217-01	144	26	12	30	22
TCGA-69-7760-01	13	35	9	26	5
TCGA-69-7761-01	11	17	0	8	0
TCGA-69-7763-01	35	14	2	41	8
TCGA-69-7764-01	37	44	8	20	7
TCGA-69-7765-01	529	81	79	11	47
TCGA-69-7973-01	253	0	0	35	21
TCGA-69-7974-01	419	108	37	42	34
TCGA-69-7978-01	399	94	232	31	10
TCGA-69-7979-01	1508	41	107	74	70
TCGA-69-7980-01	545	152	213	26	35
TCGA-69-8253-01	117	29	36	18	9
TCGA-69-8254-01	26	39	0	19	13
TCGA-69-8255-01	147	110	52	33	23
TCGA-69-A59K-01	494	4	55	62	22
TCGA-71-6725-01	4	8	5	43	13
TCGA-71-8520-01	22	11	23	43	6
TCGA-73-4658-01	175	33	174	39	27
TCGA-73-4659-01	155	66	11	14	16
TCGA-73-4662-01	162	55	20	17	14
TCGA-73-4666-01	299	96	31	31	14
TCGA-73-4668-01	426	136	19	34	14
TCGA-73-4670-01	249	94	26	26	46
TCGA-73-4675-01	16	43	7	16	2
TCGA-73-4676-01	24	58	3	18	9
TCGA-73-4677-01	196	44	15	24	25
TCGA-73-7498-01	76	28	0	20	15
TCGA-73-7499-01	5	29	20	20	9
TCGA-73-A9RS-01	938	81	83	24	46
TCGA-75-5122-01	55	27	31	33	21
TCGA-75-5125-01	65	65	50	20	10
TCGA-75-5126-01	418	99	221	22	21
TCGA-75-5146-01	175	36	13	4	11
TCGA-75-5147-01	0	15	14	18	0
TCGA-75-6203-01	0	8	0	11	0
TCGA-75-6205-01	4	33	11	7	5
TCGA-75-6206-01	44	34	18	5	8
TCGA-75-6207-01	13	23	17	21	10
TCGA-75-6211-01	283	92	25	27	15
TCGA-75-6212-01	0	0	0	11	10
TCGA-75-6214-01	478	101	211	42	67
TCGA-75-7025-01	0	0	8	24	6
TCGA-75-7027-01	192	64	7	15	25
TCGA-75-7030-01	0	9	0	9	0
TCGA-75-7031-01	103	89	25	24	18
TCGA-78-7145-01	143	39	19	18	18
TCGA-78-7146-01	216	47	130	39	32
TCGA-78-7147-01	174	130	56	34	33
TCGA-78-7148-01	140	80	8	19	27
TCGA-78-7149-01	38	27	101	16	18
TCGA-78-7150-01	146	112	175	32	44
TCGA-78-7152-01	84	27	105	15	24
TCGA-78-7153-01	31	49	30	33	13
TCGA-78-7154-01	50	66	131	57	24
TCGA-78-7155-01	1262	306	163	49	58
TCGA-78-7156-01	160	0	176	34	47
TCGA-78-7158-01	153	43	53	20	15
TCGA-78-7159-01	256	62	17	37	8
TCGA-78-7160-01	4	36	5	5	7
TCGA-78-7161-01	133	49	17	27	10
TCGA-78-7162-01	30	34	18	7	12
TCGA-78-7163-01	4	8	2	10	3
TCGA-78-7166-01	209	21	8	14	23
TCGA-78-7167-01	58	15	44	28	9
TCGA-78-7220-01	631	154	128	34	99
TCGA-78-7535-01	101	85	9	13	12
TCGA-78-7536-01	496	158	20	35	29
TCGA-78-7537-01	81	45	19	9	15
TCGA-78-7539-01	132	70	351	44	8
TCGA-78-7540-01	3	1	4	24	4
TCGA-78-7542-01	352	9	41	35	40
TCGA-78-7633-01	83	21	9	12	10
TCGA-78-8640-01	448	215	158	59	34
TCGA-78-8648-01	9	0	0	5	2
TCGA-78-8655-01	75	7	6	26	18
TCGA-78-8660-01	126	88	48	19	23
TCGA-78-8662-01	922	286	105	51	76
TCGA-80-5607-01	8	1	133	10	6
TCGA-80-5608-01	117	50	13	17	2
TCGA-80-5611-01	69	126	13	17	22
TCGA-83-5908-01	122	49	107	17	0
TCGA-86-6562-01	11	15	27	17	4
TCGA-86-6851-01	712	197	147	16	22
TCGA-86-7701-01	138	69	8	26	7
TCGA-86-7711-01	97	81	62	25	7
TCGA-86-7713-01	112	27	4	12	31
TCGA-86-7714-01	33	38	3	10	7
TCGA-86-7953-01	14	32	10	9	0
TCGA-86-7954-01	115	60	52	41	22
TCGA-86-7955-01	182	115	37	18	25
TCGA-86-8054-01	156	66	21	20	12
TCGA-86-8055-01	5	26	6	23	3
TCGA-86-8056-01	79	18	185	23	35
TCGA-86-8073-01	1463	149	117	41	75
TCGA-86-8074-01	18	29	7	14	11
TCGA-86-8075-01	0	32	7	23	0
TCGA-86-8076-01	19	10	24	23	8
TCGA-86-8278-01	0	0	123	21	0
TCGA-86-8279-01	454	109	25	37	11
TCGA-86-8280-01	8	18	0	13	16
TCGA-86-8281-01	202	33	44	42	16
TCGA-86-8358-01	937	250	40	73	76
TCGA-86-8359-01	126	27	12	19	16
TCGA-86-8585-01	383	155	137	21	14
TCGA-86-8668-01	1	17	4	21	2
TCGA-86-8669-01	63	53	11	24	19
TCGA-86-8671-01	3	14	12	11	7
TCGA-86-8672-01	217	46	49	29	35
TCGA-86-8673-01	351	143	51	19	41
TCGA-86-8674-01	290	8	50	19	15
TCGA-86-A456-01	309	45	35	22	41
TCGA-86-A4JF-01	272	546	159	575	94
TCGA-86-A4P7-01	3	34	29	16	2
TCGA-86-A4P8-01	0	0	0	0	2
TCGA-91-6828-01	218	44	34	27	13
TCGA-91-6829-01	439	229	60	24	53
TCGA-91-6830-01	15	27	246	8	19
TCGA-91-6831-01	160	111	10	25	34
TCGA-91-6835-01	30	42	22	15	4
TCGA-91-6836-01	390	82	29	39	39
TCGA-91-6840-01	7	28	86	20	1
TCGA-91-6847-01	5	39	19	36	6
TCGA-91-6848-01	373	204	116	18	30
TCGA-91-6849-01	78	36	8	6	13
TCGA-91-7771-01	98	87	26	11	29
TCGA-91-8496-01	1	17	4	15	4
TCGA-91-8497-01	12	13	2	13	16
TCGA-91-8499-01	155	68	116	34	22
TCGA-91-A4BC-01	396	75	30	43	19
TCGA-91-A4BD-01	0	10	4	13	0
TCGA-93-7347-01	86	24	12	12	9
TCGA-93-7348-01	47	27	19	29	11
TCGA-93-8067-01	80	0	550	0	44
TCGA-93-A4JN-01	17	34	17	23	7
TCGA-93-A4JO-01	5	29	15	10	6
TCGA-93-A4JP-01	16	11	31	18	6
TCGA-93-A4JQ-01	0	68	66	11	0
TCGA-95-7039-01	1085	242	83	57	75
TCGA-95-7043-01	1029	88	64	62	76
TCGA-95-7562-01	384	18	7	30	22
TCGA-95-7567-01	348	376	20	368	31
TCGA-95-7944-01	19	11	247	4	26
TCGA-95-7947-01	204	124	249	30	58
TCGA-95-7948-01	0	0	163	20	0
TCGA-95-8039-01	33	23	24	28	10
TCGA-95-8494-01	0	0	80	43	10
TCGA-95-A4VK-01	219	29	7	35	28
TCGA-95-A4VN-01	426	80	51	18	16
TCGA-95-A4VP-01	90	44	3	14	10
TCGA-97-7546-01	242	62	15	17	16
TCGA-97-7547-01	103	22	66	20	15
TCGA-97-7552-01	0	19	0	23	5
TCGA-97-7553-01	19	7	1	16	8
TCGA-97-7554-01	380	77	17	35	50
TCGA-97-7937-01	406	50	34	52	22
TCGA-97-7938-01	339	62	59	31	14
TCGA-97-7941-01	60	15	20	21	5
TCGA-97-8171-01	8	23	1	27	8
TCGA-97-8172-01	197	58	1	46	29
TCGA-97-8174-01	110	23	32	39	9
TCGA-97-8175-01	8	18	2	5	8
TCGA-97-8176-01	59	42	58	22	16
TCGA-97-8177-01	3	17	8	13	6
TCGA-97-8179-01	139	40	13	5	11
TCGA-97-8547-01	9	6	21	28	6
TCGA-97-8552-01	6	5	1	12	5
TCGA-97-A4LX-01	133	71	10	3	2
TCGA-97-A4M0-01	285	99	81	16	19
TCGA-97-A4M1-01	12	1	15	25	2
TCGA-97-A4M2-01	7	6	10	5	4
TCGA-97-A4M3-01	170	18	34	21	7
TCGA-97-A4M5-01	0	0	171	0	19
TCGA-97-A4M6-01	1	20	7	11	3
TCGA-97-A4M7-01	303	29	18	23	11
TCGA-99-7458-01	388	107	12	20	50
TCGA-99-8025-01	250	87	166	63	33
TCGA-99-8028-01	419	83	13	18	9
TCGA-99-8032-01	331	60	37	46	18
TCGA-99-8033-01	118	55	14	22	14
TCGA-99-AA5R-01	52	15	0	0	6
TCGA-J2-8192-01	11	28	8	28	15
TCGA-J2-8194-01	78	54	7	28	23
TCGA-J2-A4AD-01	95	125	174	23	0
TCGA-J2-A4AE-01	1	28	15	16	2
TCGA-J2-A4AG-01	57	15	8	28	6
TCGA-L4-A4E5-01	310	58	14	14	23
TCGA-L4-A4E6-01	13	0	7	0	0
TCGA-L9-A443-01	189	81	19	10	8
TCGA-L9-A444-01	558	59	21	22	41
TCGA-L9-A50W-01	6	10	8	5	7
TCGA-L9-A5IP-01	246	51	23	17	15
TCGA-L9-A743-01	76	0	80	12	0
TCGA-L9-A7SV-01	1792	69	61	56	41
TCGA-L9-A8F4-01	626	204	76	21	44
TCGA-MN-A4N1-01	381	88	38	52	29
TCGA-MN-A4N4-01	1202	96	433	45	96
TCGA-MN-A4N5-01	370	93	55	27	17
TCGA-MP-A4SV-01	160	67	149	22	42
TCGA-MP-A4SW-01	11	10	12	40	12
TCGA-MP-A4SY-01	68	82	27	19	21
TCGA-MP-A4T2-01	19	32	30	14	16
TCGA-MP-A4T4-01	333	67	37	25	23
TCGA-MP-A4T6-01	2	34	23	20	14
TCGA-MP-A4T7-01	117	16	5	14	7
TCGA-MP-A4T8-01	78	35	9	15	12
TCGA-MP-A4T9-01	15	12	10	2	7
TCGA-MP-A4TA-01	231	137	37	35	14
TCGA-MP-A4TC-01	228	37	31	19	12
TCGA-MP-A4TD-01	46	28	4	17	6
TCGA-MP-A4TE-01	85	20	2	54	12
TCGA-MP-A4TF-01	369	98	26	18	35
TCGA-MP-A4TH-01	48	53	1	23	14
TCGA-MP-A4TI-01	84	6	182	24	17
TCGA-MP-A4TJ-01	43	50	4	16	2
TCGA-MP-A4TK-01	287	51	70	9	25
TCGA-MP-A5C7-01	32	30	3	23	8
TCGA-NJ-A4YF-01	618	74	28	21	40
TCGA-NJ-A4YG-01	71	32	49	35	11
TCGA-NJ-A4YI-01	396	65	31	41	26
TCGA-NJ-A4YP-01	165	0	462	0	64
TCGA-NJ-A4YQ-01	1053	227	28	31	52
TCGA-NJ-A55A-01	92	35	10	9	1
TCGA-NJ-A55O-01	137	0	14	14	0
TCGA-NJ-A55R-01	203	74	13	9	24
TCGA-NJ-A7XG-01	9	15	0	18	0
TCGA-O1-A52J-01	137	29	12	21	12
TCGA-S2-AA1A-01	105	15	4	11	9
TCGA-18-3406-01	61	95	85	20	16
TCGA-18-3407-01	6	51	3	24	8
TCGA-18-3408-01	18	51	0	16	13
TCGA-18-3409-01	0	0	0	0	4267
TCGA-18-3410-01	52	104	91	0	0
TCGA-18-3411-01	122	162	29	49	36
TCGA-18-3412-01	32	67	28	16	4
TCGA-18-3414-01	109	124	82	37	30
TCGA-18-3415-01	48	77	67	19	24
TCGA-18-3416-01	167	123	55	35	8
TCGA-18-3417-01	144	119	34	38	17
TCGA-18-3421-01	104	167	64	18	32
TCGA-18-4083-01	217	159	48	30	19
TCGA-18-4721-01	73	88	15	32	17
TCGA-18-5592-01	189	83	33	35	24
TCGA-18-5595-01	0	0	209	41	69
TCGA-21-1070-01	461	147	35	22	22
TCGA-21-1071-01	70	70	30	26	21
TCGA-21-1076-01	231	87	57	14	18
TCGA-21-1077-01	105	80	67	27	16
TCGA-21-1078-01	0	0	76	21	0
TCGA-21-1081-01	60	106	17	65	13
TCGA-21-1082-01	225	62	164	42	0
TCGA-21-1083-01	515	213	135	28	25
TCGA-21-5782-01	179	135	148	23	0
TCGA-21-5783-01	162	140	105	75	47
TCGA-21-5784-01	115	92	29	6	18
TCGA-21-5786-01	289	123	20	31	21
TCGA-21-5787-01	338	66	51	30	23
TCGA-21-A5DI-01	24	90	33	13	12
TCGA-22-0940-01	78	115	29	17	28
TCGA-22-0944-01	58	45	24	18	19
TCGA-22-1000-01	26	42	27	9	18
TCGA-22-1002-01	163	92	12	20	10
TCGA-22-1005-01	179	103	33	13	18
TCGA-22-1011-01	0	30	87	16	0
TCGA-22-1012-01	147	101	46	38	16
TCGA-22-1016-01	263	100	38	20	28
TCGA-22-4591-01	70	110	8	45	36
TCGA-22-4593-01	80	40	33	50	28
TCGA-22-4594-01	277	86	20	42	14
TCGA-22-4595-01	166	100	82	27	27
TCGA-22-4596-01	68	42	8	35	21
TCGA-22-4599-01	186	187	12	27	37
TCGA-22-4601-01	73	91	40	16	14
TCGA-22-4604-01	81	118	26	51	30
TCGA-22-4605-01	36	47	9	12	9
TCGA-22-4607-01	1	43	30	3	7
TCGA-22-4609-01	95	129	14	7	6
TCGA-22-4613-01	396	280	34	27	45
TCGA-22-5471-01	107	100	31	18	42
TCGA-22-5472-01	506	0	0	0	0
TCGA-22-5473-01	357	164	344	75	69
TCGA-22-5474-01	17	23	52	16	1
TCGA-22-5477-01	22	41	133	26	0
TCGA-22-5478-01	85	94	5	32	8
TCGA-22-5479-01	128	193	205	65	52
TCGA-22-5480-01	74	81	18	17	12
TCGA-22-5481-01	146	147	29	30	18
TCGA-22-5482-01	86	74	17	13	20
TCGA-22-5483-01	123	103	30	24	20
TCGA-22-5485-01	113	96	6	25	15
TCGA-22-5489-01	152	68	45	28	14
TCGA-22-5491-01	99	55	205	41	19
TCGA-22-5492-01	118	122	15	21	14
TCGA-22-A5C4-01	201	108	29	68	31
TCGA-33-4532-01	179	133	87	54	44
TCGA-33-4533-01	159	100	54	16	45
TCGA-33-4538-01	44	103	25	30	24
TCGA-33-4547-01	10	41	165	27	6
TCGA-33-4566-01	1328	127	99	37	47
TCGA-33-4582-01	70	78	37	40	25
TCGA-33-4583-01	454	156	54	45	34
TCGA-33-4586-01	222	167	26	30	13
TCGA-33-4587-01	116	45	62	27	37
TCGA-33-4589-01	3	14	55	36	30
TCGA-33-6737-01	224	25	268	23	23
TCGA-33-6738-01	162	146	75	23	18
TCGA-33-A4WN-01	56	71	96	22	12
TCGA-33-A5GW-01	49	76	101	13	10
TCGA-33-AAS8-01	118	90	27	36	17
TCGA-33-AASB-01	328	53	41	17	18
TCGA-33-AASD-01	248	127	29	28	24
TCGA-33-AASI-01	243	99	108	29	21
TCGA-33-AASJ-01	38	28	111	27	24
TCGA-33-AASL-01	166	115	72	13	15
TCGA-34-2596-01	107	114	74	17	19
TCGA-34-2600-01	115	91	299	44	22
TCGA-34-2604-01	455	187	31	51	36
TCGA-34-2605-01	204	104	134	27	9
TCGA-34-2608-01	55	62	36	25	13
TCGA-34-2609-01	160	88	8	36	13
TCGA-34-5231-01	342	300	102	61	29
TCGA-34-5232-01	88	61	21	57	28
TCGA-34-5234-01	114	73	1	17	16
TCGA-34-5236-01	107	99	34	15	14
TCGA-34-5239-01	176	60	25	31	17
TCGA-34-5240-01	97	35	37	26	23
TCGA-34-5241-01	105	81	32	22	17
TCGA-34-5927-01	106	106	56	39	17
TCGA-34-5928-01	73	96	234	41	12
TCGA-34-5929-01	115	66	83	16	0
TCGA-34-7107-01	80	125	52	41	24
TCGA-34-8454-01	302	0	409	0	0
TCGA-34-8455-01	438	119	23	12	22
TCGA-34-8456-01	10	21	6	5	7
TCGA-34-A5IX-01	143	114	34	43	18
TCGA-37-3783-01	78	79	293	36	12
TCGA-37-3789-01	103	78	158	21	7
TCGA-37-3792-01	698	264	104	22	33
TCGA-37-4129-01	0	4	0	2	0
TCGA-37-4130-01	1024	237	45	82	31
TCGA-37-4132-01	212	102	19	15	37
TCGA-37-4133-01	104	114	43	88	14
TCGA-37-4135-01	165	154	24	29	18
TCGA-37-4141-01	223	99	23	42	18
TCGA-37-5819-01	597	162	52	72	43
TCGA-37-A5EL-01	268	111	73	46	33
TCGA-37-A5EM-01	185	146	41	25	35
TCGA-37-A5EN-01	94	121	30	36	18
TCGA-39-5011-01	609	45	84	21	34
TCGA-39-5016-01	216	101	28	76	60
TCGA-39-5019-01	79	87	18	27	15
TCGA-39-5021-01	87	59	21	14	16
TCGA-39-5022-01	0	79	174	0	0
TCGA-39-5024-01	16	116	97	19	17
TCGA-39-5028-01	37	24	129	27	5
TCGA-39-5029-01	30	69	37	27	19
TCGA-39-5030-01	48	0	72	157	0
TCGA-39-5031-01	139	10	604	24	40
TCGA-39-5034-01	546	122	40	42	29
TCGA-39-5035-01	31	39	75	34	21
TCGA-39-5036-01	118	109	38	44	19
TCGA-39-5037-01	114	92	25	44	24
TCGA-39-5039-01	78	73	6	28	24
TCGA-39-5040-01	381	104	34	40	32
TCGA-43-2576-01	428	151	33	11	32
TCGA-43-2578-01	256	122	29	5	19
TCGA-43-2581-01	922	116	29	33	40
TCGA-43-3394-01	69	74	13	13	5
TCGA-43-3920-01	108	101	100	12	13
TCGA-43-5668-01	546	157	30	55	36
TCGA-43-5670-01	0	64	90	16	0
TCGA-43-6143-01	165	149	47	27	13
TCGA-43-6647-01	84	66	21	19	10
TCGA-43-6770-01	78	128	37	23	5
TCGA-43-6771-01	170	38	12	20	15
TCGA-43-6773-01	0	40	14	8	14
TCGA-43-7656-01	206	157	20	28	18
TCGA-43-7657-01	57	61	12	28	6
TCGA-43-7658-01	110	58	24	32	38
TCGA-43-8115-01	78	106	27	34	13
TCGA-43-8116-01	195	122	85	42	15
TCGA-43-8118-01	441	119	174	37	23
TCGA-43-A474-01	249	90	34	76	26
TCGA-43-A475-01	149	71	36	32	17
TCGA-43-A56U-01	110	69	140	0	0
TCGA-43-A56V-01	154	71	24	14	13
TCGA-46-3765-01	94	81	72	21	24
TCGA-46-3767-01	82	61	13	3	8
TCGA-46-3768-01	124	154	44	7	23
TCGA-46-3769-01	576	165	345	40	20
TCGA-46-6025-01	41	98	59	26	9
TCGA-46-6026-01	83	55	55	45	26
TCGA-51-4079-01	251	110	84	32	33
TCGA-51-4080-01	182	112	16	29	13
TCGA-51-4081-01	102	98	14	16	18
TCGA-51-6867-01	346	254	121	30	31
TCGA-52-7622-01	135	161	14	20	8
TCGA-52-7809-01	72	94	78	38	26
TCGA-52-7810-01	132	124	279	0	0
TCGA-52-7811-01	72	74	14	14	13
TCGA-52-7812-01	200	74	49	19	29
TCGA-56-1622-01	154	68	12	34	19
TCGA-56-5897-01	17	59	50	0	0
TCGA-56-5898-01	79	56	21	11	15
TCGA-56-6545-01	145	99	86	22	14
TCGA-56-6546-01	216	131	13	24	32
TCGA-56-7221-01	137	95	86	23	25
TCGA-56-7222-01	207	180	50	27	25
TCGA-56-7223-01	105	166	33	29	40
TCGA-56-7579-01	105	112	56	18	26
TCGA-56-7580-01	60	75	15	18	3
TCGA-56-7582-01	53	92	13	29	17
TCGA-56-7730-01	230	125	14	56	37
TCGA-56-7731-01	194	182	43	17	7
TCGA-56-7822-01	129	97	190	38	13
TCGA-56-7823-01	179	102	19	26	28
TCGA-56-8082-01	102	72	20	57	30
TCGA-56-8083-01	105	53	5	23	13
TCGA-56-8201-01	80	60	33	20	6
TCGA-56-8304-01	146	94	27	12	25
TCGA-56-8305-01	263	125	45	28	29
TCGA-56-8307-01	302	136	33	35	19
TCGA-56-8308-01	212	99	41	50	33
TCGA-56-8309-01	57	68	15	14	7
TCGA-56-8503-01	31	57	115	2	4
TCGA-56-8504-01	142	103	8	18	20
TCGA-56-8622-01	120	76	37	36	23
TCGA-56-8624-01	57	25	46	24	6
TCGA-56-8625-01	196	65	236	71	38
TCGA-56-8626-01	122	97	50	34	19
TCGA-56-8628-01	300	165	12	15	24
TCGA-56-8629-01	119	87	31	29	12
TCGA-56-A49D-01	91	126	99	46	14
TCGA-56-A4BW-01	102	75	88	20	5
TCGA-56-A4BY-01	63	87	11	16	11
TCGA-56-A4ZJ-01	65	52	10	5	12
TCGA-56-A4ZK-01	79	147	43	16	11
TCGA-56-A5DS-01	78	59	65	32	29
TCGA-56-A62T-01	395	109	37	46	43
TCGA-58-8386-01	108	126	34	29	17
TCGA-58-8387-01	48	58	82	34	12
TCGA-58-8388-01	98	79	17	19	13
TCGA-58-8391-01	158	187	17	36	31
TCGA-58-8393-01	0	0	290	0	51
TCGA-58-A46J-01	91	69	26	20	11
TCGA-58-A46K-01	18	45	107	22	3
TCGA-58-A46L-01	132	71	41	27	9
TCGA-58-A46M-01	212	127	66	71	56
TCGA-58-A46N-01	101	100	18	24	21
TCGA-60-2695-01	106	96	26	28	16
TCGA-60-2697-01	12	0	0	2	0
TCGA-60-2698-01	269	175	888	33	30
TCGA-60-2703-01	150	113	63	26	14
TCGA-60-2704-01	62	82	43	44	21
TCGA-60-2707-01	43	32	44	15	7
TCGA-60-2708-01	74	75	51	49	9
TCGA-60-2709-01	84	88	16	8	15
TCGA-60-2710-01	74	106	17	38	19
TCGA-60-2711-01	60	49	19	18	11
TCGA-60-2712-01	37	24	24	20	7
TCGA-60-2713-01	103	121	45	21	34
TCGA-60-2714-01	735	106	129	103	27
TCGA-60-2715-01	29	59	22	40	10
TCGA-60-2716-01	0	0	4	18	0
TCGA-60-2719-01	88	98	26	56	12
TCGA-60-2720-01	209	146	169	0	0
TCGA-60-2721-01	14	82	144	18	12
TCGA-60-2722-01	121	148	71	24	28
TCGA-60-2723-01	164	130	14	24	22
TCGA-60-2724-01	273	103	15	18	36
TCGA-60-2725-01	72	98	19	0	0
TCGA-60-2726-01	146	163	62	34	23
TCGA-63-5128-01	153	152	27	18	25
TCGA-63-5131-01	120	148	77	28	21
TCGA-63-6202-01	272	64	21	38	21
TCGA-63-7020-01	103	87	16	14	7
TCGA-63-7021-01	103	145	34	12	14
TCGA-63-7022-01	78	100	30	16	15
TCGA-63-7023-01	72	69	17	19	6
TCGA-63-A5M9-01	29	36	15	38	17
TCGA-63-A5MB-01	160	131	41	51	32
TCGA-63-A5MG-01	48	51	13	25	3
TCGA-63-A5MH-01	48	89	118	17	11
TCGA-63-A5MI-01	40	110	78	29	10
TCGA-63-A5MJ-01	76	97	9	44	17
TCGA-63-A5ML-01	128	81	35	37	25
TCGA-63-A5MM-01	0	0	0	1410	0
TCGA-63-A5MN-01	5	12	10	16	5
TCGA-63-A5MP-01	70	88	1	49	26
TCGA-63-A5MR-01	55	40	87	21	22
TCGA-63-A5MS-01	151	155	146	26	10
TCGA-63-A5MT-01	69	89	109	31	0
TCGA-63-A5MU-01	64	77	68	38	26
TCGA-63-A5MV-01	63	37	22	18	13
TCGA-63-A5MW-01	199	214	84	57	32
TCGA-63-A5MY-01	93	69	24	21	10
TCGA-66-2727-01	108	78	29	22	14
TCGA-66-2734-01	144	70	7	13	15
TCGA-66-2742-01	107	121	11	38	3
TCGA-66-2744-01	113	68	40	16	13
TCGA-66-2754-01	78	145	43	38	42
TCGA-66-2755-01	152	103	10	12	12
TCGA-66-2756-01	385	162	33	33	20
TCGA-66-2757-01	167	103	27	10	11
TCGA-66-2758-01	103	177	119	20	7
TCGA-66-2759-01	167	155	116	74	35
TCGA-66-2763-01	249	133	49	35	28
TCGA-66-2765-01	26	48	10	17	11
TCGA-66-2766-01	192	89	153	40	33
TCGA-66-2767-01	184	109	38	50	33
TCGA-66-2769-01	115	237	63	31	5
TCGA-66-2770-01	142	81	24	43	28
TCGA-66-2771-01	94	99	106	17	11
TCGA-66-2773-01	93	44	514	45	62
TCGA-66-2777-01	47	81	20	30	34
TCGA-66-2778-01	11	58	84	22	10
TCGA-66-2780-01	49	81	25	13	11
TCGA-66-2781-01	61	58	29	10	9
TCGA-66-2782-01	217	111	80	18	40
TCGA-66-2783-01	119	82	42	27	38
TCGA-66-2785-01	297	0	1170	0	0
TCGA-66-2786-01	56	106	80	31	10
TCGA-66-2787-01	325	165	46	11	25
TCGA-66-2788-01	110	65	53	12	16
TCGA-66-2789-01	158	190	44	21	23
TCGA-66-2791-01	92	151	84	30	25
TCGA-66-2792-01	42	72	8	33	22
TCGA-66-2793-01	143	177	12	32	20
TCGA-66-2794-01	43	40	72	39	9
TCGA-66-2795-01	167	88	33	47	28
TCGA-66-2800-01	112	63	14	42	27
TCGA-68-7755-01	137	96	26	49	30
TCGA-68-7756-01	63	20	9	22	4
TCGA-68-7757-01	246	79	14	33	6
TCGA-68-8250-01	151	160	26	23	16
TCGA-68-8251-01	38	26	173	131	23
TCGA-68-A59J-01	201	105	120	23	19
TCGA-6A-AB49-01	302	116	31	22	21
TCGA-70-6722-01	269	14	35	17	28
TCGA-70-6723-01	37	57	3	25	18
TCGA-77-6842-01	189	172	55	32	12
TCGA-77-6843-01	43	106	39	27	9
TCGA-77-6844-01	85	80	34	20	27
TCGA-77-6845-01	106	124	32	11	19
TCGA-77-7139-01	84	76	25	28	23
TCGA-77-7140-01	48	100	51	18	12
TCGA-77-7141-01	209	246	417	0	0
TCGA-77-7142-01	135	51	43	72	30
TCGA-77-7335-01	67	92	87	34	12
TCGA-77-7337-01	136	178	54	26	31
TCGA-77-7338-01	35	55	53	28	0
TCGA-77-7463-01	272	122	45	26	23
TCGA-77-7465-01	203	181	23	39	36
TCGA-77-8007-01	41	33	14	24	7
TCGA-77-8008-01	101	84	1	15	19
TCGA-77-8009-01	50	66	34	30	32
TCGA-77-8128-01	177	102	32	48	19
TCGA-77-8130-01	74	84	11	40	17
TCGA-77-8131-01	20	35	17	11	4
TCGA-77-8133-01	245	117	19	45	45
TCGA-77-8136-01	167	0	396	0	0
TCGA-77-8138-01	40	53	7	15	11
TCGA-77-8139-01	94	86	33	37	13
TCGA-77-8140-01	176	156	97	14	14
TCGA-77-8143-01	65	68	15	27	8
TCGA-77-8144-01	227	143	47	30	35
TCGA-77-8145-01	24	69	24	23	10
TCGA-77-8146-01	78	72	15	15	24
TCGA-77-8148-01	101	117	14	61	36
TCGA-77-8150-01	62	36	13	34	4
TCGA-77-8153-01	75	95	16	26	10
TCGA-77-8154-01	93	83	25	31	24
TCGA-77-8156-01	121	73	12	38	27
TCGA-77-A5FZ-01	1	0	0	0	0
TCGA-77-A5G1-01	87	75	20	10	9
TCGA-77-A5G3-01	379	149	115	64	69
TCGA-77-A5G6-01	366	142	37	45	24
TCGA-77-A5G7-01	27	63	17	16	5
TCGA-77-A5G8-01	100	98	12	35	33
TCGA-77-A5GA-01	63	51	18	42	20
TCGA-77-A5GB-01	12	32	92	22	13
TCGA-77-A5GF-01	51	37	27	17	14
TCGA-77-A5GH-01	108	93	87	31	24
TCGA-79-5596-01	109	94	8	21	19
TCGA-85-6175-01	6	8	7	25	8
TCGA-85-6560-01	166	222	49	65	16
TCGA-85-6561-01	103	104	65	15	18
TCGA-85-6798-01	92	153	49	37	10
TCGA-85-7696-01	68	81	36	40	38
TCGA-85-7697-01	131	105	42	27	37
TCGA-85-7698-01	27	77	29	18	16
TCGA-85-7699-01	65	116	20	34	8
TCGA-85-7710-01	51	92	65	22	14
TCGA-85-7843-01	79	120	62	25	7
TCGA-85-7844-01	77	90	2	30	17
TCGA-85-7950-01	155	69	65	23	16
TCGA-85-8048-01	51	42	16	28	15
TCGA-85-8049-01	107	77	28	33	22
TCGA-85-8052-01	35	66	11	27	17
TCGA-85-8070-01	107	98	37	27	8
TCGA-85-8071-01	227	148	40	36	31
TCGA-85-8072-01	56	101	17	37	16
TCGA-85-8276-01	100	172	38	20	21
TCGA-85-8277-01	88	88	55	35	35
TCGA-85-8287-01	104	133	42	24	14
TCGA-85-8288-01	91	108	24	60	22
TCGA-85-8350-01	218	66	50	30	36
TCGA-85-8351-01	49	77	20	36	5
TCGA-85-8352-01	144	96	50	16	21
TCGA-85-8353-01	73	100	15	20	14
TCGA-85-8354-01	58	85	85	33	10
TCGA-85-8355-01	98	125	19	17	23
TCGA-85-8479-01	26	55	8	37	22
TCGA-85-8481-01	195	118	29	30	16
TCGA-85-8580-01	152	128	11	30	21
TCGA-85-8582-01	269	56	25	28	16
TCGA-85-8584-01	207	51	37	16	19
TCGA-85-8664-01	115	86	37	32	11
TCGA-85-8666-01	122	98	37	14	25
TCGA-85-A4CL-01	0	0	917	0	117
TCGA-85-A4CN-01	86	100	16	26	11
TCGA-85-A4JB-01	293	206	35	13	39
TCGA-85-A4JC-01	95	91	108	12	19
TCGA-85-A4PA-01	3	0	0	10	0
TCGA-85-A4QQ-01	46	83	239	18	10
TCGA-85-A4QR-01	47	114	51	51	16
TCGA-85-A50M-01	45	13	17	19	10
TCGA-85-A50Z-01	299	179	65	11	17
TCGA-85-A510-01	123	22	1	21	18
TCGA-85-A511-01	142	61	36	11	14
TCGA-85-A512-01	54	86	43	7	10
TCGA-85-A513-01	0	13	0	8	7
TCGA-85-A53L-01	107	98	12	20	7
TCGA-85-A5B5-01	233	171	19	22	21
TCGA-90-7766-01	38	48	26	18	5
TCGA-90-7767-01	49	39	19	18	13
TCGA-90-7769-01	344	150	40	45	50
TCGA-90-7964-01	258	113	145	26	53
TCGA-90-A4ED-01	0	0	0	0	2740
TCGA-90-A4EE-01	114	105	159	28	47
TCGA-90-A59Q-01	262	39	8	29	16
TCGA-92-7340-01	167	171	159	47	13
TCGA-92-7341-01	52	67	16	61	19
TCGA-92-8063-01	203	181	20	12	24
TCGA-92-8064-01	103	92	11	35	32
TCGA-92-8065-01	6	12	291	18	29
TCGA-94-7033-01	11	56	56	27	6
TCGA-94-7557-01	2	36	56	20	25
TCGA-94-7943-01	45	21	125	19	43
TCGA-94-8035-01	96	60	49	29	17
TCGA-94-8490-01	132	559	52	362	29
TCGA-94-8491-01	218	284	140	28	9
TCGA-94-A4VJ-01	277	127	48	39	21
TCGA-94-A5I4-01	124	112	24	33	20
TCGA-94-A5I6-01	89	60	21	28	16
TCGA-96-7544-01	185	179	93	37	4
TCGA-96-7545-01	33	73	14	16	13
TCGA-96-8169-01	56	111	11	23	13
TCGA-96-8170-01	132	75	98	17	9
TCGA-96-A4JK-01	272	149	107	57	49
TCGA-96-A4JL-01	0	0	0	54	18
TCGA-98-7454-01	125	58	46	13	19
TCGA-98-8020-01	0	32	55	31	0
TCGA-98-8021-01	157	72	949	23	89
TCGA-98-8022-01	68	135	61	37	6
TCGA-98-8023-01	92	107	15	15	22
TCGA-98-A538-01	440	198	134	29	41
TCGA-98-A539-01	94	52	43	15	24
TCGA-98-A53A-01	205	109	30	24	23
TCGA-98-A53B-01	32	100	31	17	10
TCGA-98-A53C-01	0	4	0	0	0
TCGA-98-A53H-01	37	0	0	0	0
TCGA-98-A53I-01	185	171	56	42	35
TCGA-98-A53J-01	35	31	40	19	19
TCGA-J1-A4AH-01	52	70	68	21	23
TCGA-L3-A4E7-01	55	43	4	20	4
TCGA-L3-A524-01	219	155	17	29	14
TCGA-LA-A446-01	204	87	57	31	40
TCGA-LA-A7SW-01	0	53	41	29	0
TCGA-MF-A522-01	98	84	454	47	73
TCGA-NC-A5HD-01	248	229	49	16	24
TCGA-NC-A5HE-01	123	67	26	17	20
TCGA-NC-A5HF-01	146	103	33	31	2
TCGA-NC-A5HG-01	159	281	153	39	154
TCGA-NC-A5HH-01	180	165	24	31	36
TCGA-NC-A5HI-01	284	110	102	34	14
TCGA-NC-A5HJ-01	330	103	27	26	19
TCGA-NC-A5HK-01	191	94	21	24	12
TCGA-NC-A5HL-01	76	105	29	35	25
TCGA-NC-A5HM-01	136	144	29	20	25
TCGA-NC-A5HN-01	266	304	36	43	91
TCGA-NC-A5HO-01	105	144	28	17	14
TCGA-NC-A5HP-01	269	115	78	25	23
TCGA-NC-A5HQ-01	196	123	34	45	30
TCGA-NC-A5HR-01	189	161	21	15	23
TCGA-NC-A5HT-01	214	93	23	38	46
TCGA-NK-A5CR-01	161	121	36	22	42
TCGA-NK-A5CT-01	174	97	86	34	16
TCGA-NK-A5CX-01	137	52	5	14	7
TCGA-NK-A5D1-01	30	60	22	27	21
TCGA-NK-A7XE-01	1	6	101	12	12
TCGA-O2-A52N-01	310	178	91	35	21
TCGA-O2-A52Q-01	802	98	231	49	45
TCGA-O2-A52S-01	179	99	119	36	38
TCGA-O2-A52V-01	168	90	23	23	28
TCGA-O2-A52W-01	44	32	13	27	14
TCGA-O2-A5IB-01	146	132	17	2	17
TCGA-XC-AA0X-01	71	91	29	19	21
