Samples	SBS96A	SBS96B	SBS96C	SBS96D	SBS96E
TCGA-3M-AB46-01	34	84	35	19	26
TCGA-3M-AB47-01	24	82	0	8	27
TCGA-B7-5816-01	537	313	475	63	19
TCGA-B7-5818-01	19	177	75	168	55
TCGA-B7-A5TI-01	354	234	87	0	18
TCGA-B7-A5TJ-01	101	130	0	60	21
TCGA-B7-A5TK-01	12	57	1	0	0
TCGA-B7-A5TN-01	0	73	3	5	19
TCGA-BR-4183-01	10	51	1	4	4
TCGA-BR-4184-01	4137	0	0	0	0
TCGA-BR-4187-01	11	18	0	0	9
TCGA-BR-4188-01	21	79	0	3	0
TCGA-BR-4191-01	16	114	46	25	53
TCGA-BR-4201-01	680	503	273	0	41
TCGA-BR-4253-01	10	53	10	20	11
TCGA-BR-4255-01	8	47	9	2	8
TCGA-BR-4256-01	485	268	313	71	0
TCGA-BR-4257-01	465	328	356	21	63
TCGA-BR-4267-01	0	55	12	25	15
TCGA-BR-4279-01	4	31	7	0	19
TCGA-BR-4280-01	413	23	243	93	0
TCGA-BR-4292-01	631	786	66	0	13
TCGA-BR-4294-01	24	0	11	3	1
TCGA-BR-4357-01	0	119	42	125	33
TCGA-BR-4361-01	811	282	1792	0	56
TCGA-BR-4362-01	666	523	368	152	0
TCGA-BR-4363-01	239	181	144	10	12
TCGA-BR-4366-01	30	99	17	33	0
TCGA-BR-4368-01	663	471	300	0	0
TCGA-BR-4369-01	36	58	0	110	29
TCGA-BR-4370-01	525	583	59	0	55
TCGA-BR-4371-01	47	124	0	12	20
TCGA-BR-6452-01	2321	0	3420	224	162
TCGA-BR-6453-01	41	34	0	151	0
TCGA-BR-6454-01	19	67	24	42	27
TCGA-BR-6455-01	52	61	0	2	0
TCGA-BR-6456-01	0	31	12	3	1
TCGA-BR-6457-01	11	74	3	41	12
TCGA-BR-6458-01	37	45	0	290	3
TCGA-BR-6563-01	18	45	5	10	8
TCGA-BR-6564-01	6	18	0	0	17
TCGA-BR-6565-01	10	90	30	12	34
TCGA-BR-6566-01	562	147	262	55	22
TCGA-BR-6705-01	8	68	6	31	3
TCGA-BR-6706-01	17	23	25	165	13
TCGA-BR-6707-01	20	64	0	0	6
TCGA-BR-6709-01	20	0	12	15	6
TCGA-BR-6801-01	0	53	3	0	5
TCGA-BR-6802-01	427	0	67	17	13
TCGA-BR-6803-01	0	18	0	0	1
TCGA-BR-6852-01	739	104	235	60	34
TCGA-BR-7196-01	16	51	7	12	0
TCGA-BR-7197-01	27	99	0	82	16
TCGA-BR-7703-01	316	323	118	10	10
TCGA-BR-7704-01	0	184	45	182	38
TCGA-BR-7707-01	715	392	342	55	24
TCGA-BR-7715-01	36	76	6	25	24
TCGA-BR-7716-01	0	97	12	44	42
TCGA-BR-7717-01	36	90	7	39	6
TCGA-BR-7722-01	16	32	3	0	7
TCGA-BR-7723-01	6	91	25	86	0
TCGA-BR-7851-01	682	635	224	0	30
TCGA-BR-7901-01	9	105	22	79	14
TCGA-BR-7957-01	10	37	0	3	11
TCGA-BR-7958-01	18	96	14	67	13
TCGA-BR-7959-01	25	55	3	25	17
TCGA-BR-8058-01	0	25	18	12	5
TCGA-BR-8059-01	265	287	156	104	24
TCGA-BR-8060-01	0	114	41	126	0
TCGA-BR-8077-01	29	73	7	12	20
TCGA-BR-8078-01	827	424	282	22	49
TCGA-BR-8080-01	57	61	13	72	20
TCGA-BR-8081-01	534	324	138	13	13
TCGA-BR-8284-01	166	194	16	9	16
TCGA-BR-8285-01	21	73	0	22	4
TCGA-BR-8286-01	44	58	10	44	12
TCGA-BR-8289-01	25	72	21	103	18
TCGA-BR-8291-01	3	15	2	7	5
TCGA-BR-8295-01	12	15	4	18	8
TCGA-BR-8296-01	20	70	0	0	0
TCGA-BR-8297-01	58	55	19	159	0
TCGA-BR-8360-01	616	239	111	8	26
TCGA-BR-8361-01	774	614	291	23	38
TCGA-BR-8363-01	576	299	342	89	24
TCGA-BR-8364-01	0	16	6	1	2
TCGA-BR-8365-01	0	28	0	0	1
TCGA-BR-8366-01	43	30	22	103	12
TCGA-BR-8367-01	29	33	0	9	4
TCGA-BR-8368-01	470	511	92	0	0
TCGA-BR-8369-01	51	102	14	86	3
TCGA-BR-8370-01	34	96	1	11	0
TCGA-BR-8371-01	1	13	8	3	0
TCGA-BR-8372-01	506	206	671	29	32
TCGA-BR-8373-01	14	54	14	12	19
TCGA-BR-8380-01	22	53	0	6	10
TCGA-BR-8381-01	43	104	2	13	1
TCGA-BR-8382-01	507	348	144	22	4
TCGA-BR-8384-01	14	29	3	16	0
TCGA-BR-8483-01	55	69	1	23	6
TCGA-BR-8484-01	13	50	8	20	9
TCGA-BR-8485-01	9	24	31	315	9
TCGA-BR-8486-01	20	31	16	1	0
TCGA-BR-8487-01	1345	815	1033	0	0
TCGA-BR-8588-01	28	90	5	28	0
TCGA-BR-8589-01	0	0	87	1248	54
TCGA-BR-8590-01	13	57	5	80	0
TCGA-BR-8591-01	710	449	426	42	0
TCGA-BR-8592-01	7	32	2	0	2
TCGA-BR-8676-01	14	55	1	18	11
TCGA-BR-8677-01	0	72	3	0	9
TCGA-BR-8678-01	10	84	0	6	36
TCGA-BR-8679-01	69	101	0	28	2
TCGA-BR-8680-01	142	0	189	103	7378
TCGA-BR-8682-01	14	58	0	1	11
TCGA-BR-8683-01	32	121	20	5	9
TCGA-BR-8686-01	22	96	0	8	12
TCGA-BR-8687-01	7	34	15	171	6
TCGA-BR-8690-01	46	77	24	26	20
TCGA-BR-A44T-01	2	13	2	0	6
TCGA-BR-A44U-01	18	78	0	15	0
TCGA-BR-A452-01	0	53	0	62	16
TCGA-BR-A453-01	49	20	9	0	8
TCGA-BR-A4CQ-01	20	159	13	23	9
TCGA-BR-A4CR-01	20	45	14	6	0
TCGA-BR-A4CS-01	27	122	0	12	33
TCGA-BR-A4IU-01	3	14	3	0	8
TCGA-BR-A4IV-01	10	9	8	12	1
TCGA-BR-A4IY-01	24	129	20	6	8
TCGA-BR-A4IZ-01	4	13	0	1	2
TCGA-BR-A4J1-01	20	46	2	7	12
TCGA-BR-A4J2-01	15	48	0	1	6
TCGA-BR-A4J4-01	8	88	5	0	0
TCGA-BR-A4J5-01	20	73	5	17	0
TCGA-BR-A4J6-01	0	24	9	6	0
TCGA-BR-A4J7-01	35	26	0	3	4
TCGA-BR-A4J8-01	28	63	2	8	14
TCGA-BR-A4J9-01	6	36	2	4	0
TCGA-BR-A4PD-01	9	29	27	117	11
TCGA-BR-A4PE-01	73	128	0	49	5
TCGA-BR-A4PF-01	37	59	9	10	4
TCGA-BR-A4QI-01	35	66	1	33	15
TCGA-BR-A4QL-01	937	848	130	0	37
TCGA-BR-A4QM-01	34	43	8	26	12
TCGA-CD-5798-01	34	48	0	17	21
TCGA-CD-5799-01	24	25	0	2	6
TCGA-CD-5800-01	48	116	0	10	29
TCGA-CD-5801-01	0	123	68	271	83
TCGA-CD-5802-01	0	52	8	0	4
TCGA-CD-5803-01	16	23	0	4	2
TCGA-CD-5804-01	20	60	4	0	5
TCGA-CD-5813-01	34	116	32	21	20
TCGA-CD-8524-01	50	111	4	18	7
TCGA-CD-8525-01	5	54	1	12	27
TCGA-CD-8526-01	26	22	0	3	6
TCGA-CD-8527-01	112	132	24	28	12
TCGA-CD-8528-01	25	99	6	1	4
TCGA-CD-8529-01	0	319	76	61	49
TCGA-CD-8530-01	19	40	0	50	6
TCGA-CD-8531-01	86	123	75	30	11
TCGA-CD-8532-01	6	31	6	1	6
TCGA-CD-8533-01	32	116	0	0	7
TCGA-CD-8534-01	25	44	0	2	1
TCGA-CD-8535-01	31	88	9	168	38
TCGA-CD-8536-01	472	351	134	0	6
TCGA-CD-A486-01	48	48	0	3	13
TCGA-CD-A487-01	14	79	2	102	18
TCGA-CD-A489-01	10	48	9	16	13
TCGA-CD-A48A-01	26	97	20	113	35
TCGA-CD-A48C-01	34	92	0	111	35
TCGA-CD-A4MG-01	1521	251	778	17	31
TCGA-CD-A4MH-01	30	55	10	4	0
TCGA-CD-A4MI-01	526	270	251	12	52
TCGA-CD-A4MJ-01	333	220	163	4	0
TCGA-CG-4300-01	27	89	11	26	10
TCGA-CG-4301-01	4	51	5	3	1
TCGA-CG-4304-01	8	47	13	7	8
TCGA-CG-4305-01	586	387	297	32	9
TCGA-CG-4306-01	448	614	130	0	0
TCGA-CG-4436-01	27	96	0	95	2
TCGA-CG-4437-01	70	364	110	61	44
TCGA-CG-4438-01	14	118	24	10	5
TCGA-CG-4440-01	31	47	1	32	42
TCGA-CG-4441-01	14	69	3	31	18
TCGA-CG-4442-01	606	320	603	0	51
TCGA-CG-4443-01	12	72	21	12	0
TCGA-CG-4444-01	20	55	0	149	6
TCGA-CG-4449-01	29	32	14	12	24
TCGA-CG-4455-01	0	40	5	9	0
TCGA-CG-4460-01	919	1125	59	0	98
TCGA-CG-4462-01	17	56	0	13	11
TCGA-CG-4465-01	367	66	184	56	14
TCGA-CG-4466-01	22	68	0	139	19
TCGA-CG-4469-01	68	77	1	211	28
TCGA-CG-4474-01	30	66	1	0	10
TCGA-CG-4475-01	0	49	14	4	6
TCGA-CG-4476-01	12	96	19	8	11
TCGA-CG-4477-01	3	55	2	7	4
TCGA-CG-5716-01	1	14	4	0	5
TCGA-CG-5717-01	1	71	47	32	13
TCGA-CG-5718-01	14	67	7	7	12
TCGA-CG-5719-01	7	75	5	0	3
TCGA-CG-5720-01	13	71	10	9	0
TCGA-CG-5721-01	729	579	3558	0	98
TCGA-CG-5722-01	8	82	4	2	8
TCGA-CG-5723-01	991	350	457	11	64
TCGA-CG-5724-01	26	66	1	41	9
TCGA-CG-5725-01	6	30	0	4	10
TCGA-CG-5726-01	902	145	267	1	113
TCGA-CG-5727-01	26	129	0	7	41
TCGA-CG-5728-01	699	524	279	17	16
TCGA-CG-5730-01	37	132	3	2	28
TCGA-CG-5732-01	0	60	9	8	2
TCGA-CG-5733-01	503	361	254	14	61
TCGA-CG-5734-01	37	42	2	17	14
TCGA-D7-5577-01	11	84	4	22	23
TCGA-D7-5578-01	48	134	6	96	9
TCGA-D7-5579-01	16	52	13	57	36
TCGA-D7-6518-01	29	47	0	15	13
TCGA-D7-6519-01	0	47	6	3	11
TCGA-D7-6520-01	15	41	4	8	8
TCGA-D7-6521-01	13	54	0	0	21
TCGA-D7-6522-01	14	36	1	12	3
TCGA-D7-6524-01	15	85	2	0	22
TCGA-D7-6525-01	32	58	2	72	37
TCGA-D7-6526-01	20	118	7	100	23
TCGA-D7-6527-01	35	52	0	169	11
TCGA-D7-6528-01	45	64	8	265	40
TCGA-D7-6815-01	57	107	0	7	0
TCGA-D7-6817-01	30	48	12	15	0
TCGA-D7-6818-01	31	10	9	141	1
TCGA-D7-6820-01	3	92	16	9	1
TCGA-D7-6822-01	19	63	25	177	23
TCGA-D7-8570-01	28	111	0	12	3
TCGA-D7-8572-01	9	147	11	20	35
TCGA-D7-8573-01	21	61	8	9	6
TCGA-D7-8574-01	8	38	0	3	0
TCGA-D7-8575-01	3	41	3	0	10
TCGA-D7-8576-01	26	40	5	0	0
TCGA-D7-8578-01	30	35	0	0	2
TCGA-D7-8579-01	37	31	2	65	8
TCGA-D7-A4YT-01	16	208	51	51	38
TCGA-D7-A4YU-01	43	129	4	88	21
TCGA-D7-A4YV-01	534	384	59	4	19
TCGA-D7-A4YX-01	19	79	0	0	2
TCGA-D7-A4YY-01	249	129	67	86	19
TCGA-D7-A4Z0-01	33	0	0	332	1
TCGA-D7-A6ET-01	0	29	2	1	2
TCGA-D7-A6EV-01	49	106	6	33	10
TCGA-D7-A6EX-01	23	79	3	18	30
TCGA-D7-A6EY-01	685	305	432	139	0
TCGA-D7-A6EZ-01	33	146	52	65	18
TCGA-D7-A6F0-01	51	57	0	20	29
TCGA-D7-A6F2-01	10	70	7	1	2
TCGA-D7-A747-01	7	39	0	78	2
TCGA-D7-A748-01	20	18	0	7	6
TCGA-D7-A74A-01	0	170	0	9	16
TCGA-D7-A74B-01	0	26	7	4	5
TCGA-EQ-5647-01	6	65	5	16	18
TCGA-EQ-8122-01	47	126	10	22	23
TCGA-EQ-A4SO-01	9	109	48	29	10
TCGA-F1-6177-01	664	601	130	0	0
TCGA-F1-6874-01	423	379	158	3	28
TCGA-F1-6875-01	7	86	9	8	5
TCGA-F1-A448-01	319	217	124	8	0
TCGA-F1-A72C-01	21	31	0	9	0
TCGA-FP-7735-01	0	61	1	1	8
TCGA-FP-7829-01	64	154	4	39	45
TCGA-FP-7916-01	47	68	0	2	8
TCGA-FP-7998-01	17	46	1	6	11
TCGA-FP-8099-01	38	95	0	0	40
TCGA-FP-8209-01	1	0	0	0	0
TCGA-FP-8210-01	0	0	5	0	0
TCGA-FP-8211-01	12	38	31	19	16
TCGA-FP-8631-01	0	65	12	19	24
TCGA-FP-A4BE-01	748	726	167	0	0
TCGA-FP-A4BF-01	52	46	0	11	13
TCGA-FP-A8CX-01	8	71	7	16	12
TCGA-FP-A9TM-01	47	154	5	2	0
TCGA-HF-7131-01	0	62	4	49	0
TCGA-HF-7132-01	782	411	151	10	26
TCGA-HF-7133-01	30	52	3	4	0
TCGA-HF-7134-01	39	157	1	135	23
TCGA-HF-7136-01	44	36	1	8	7
TCGA-HF-A5NB-01	760	413	356	27	0
TCGA-HJ-7597-01	331	428	117	0	0
TCGA-HU-8238-01	27	86	1	70	18
TCGA-HU-8243-01	32	112	7	3	7
TCGA-HU-8244-01	19	142	0	4	0
TCGA-HU-8245-01	23	26	17	8	3
TCGA-HU-8249-01	56	100	0	3	16
TCGA-HU-8602-01	760	676	308	0	17
TCGA-HU-8604-01	61	110	0	51	36
TCGA-HU-8608-01	37	42	10	4	12
TCGA-HU-8610-01	22	23	0	8	16
TCGA-HU-A4G2-01	4	41	5	0	13
TCGA-HU-A4G3-01	23	78	2	11	12
TCGA-HU-A4G6-01	24	56	0	7	9
TCGA-HU-A4G8-01	694	619	300	0	8
TCGA-HU-A4G9-01	328	347	156	9	11
TCGA-HU-A4GC-01	55	79	0	21	15
TCGA-HU-A4GD-01	0	89	12	6	0
TCGA-HU-A4GF-01	62	45	6	39	17
TCGA-HU-A4GH-01	15	0	5	936	3
TCGA-HU-A4GJ-01	0	6	0	0	0
TCGA-HU-A4GN-01	680	393	201	11	14
TCGA-HU-A4GP-01	74	132	6	20	31
TCGA-HU-A4GQ-01	887	907	236	0	0
TCGA-HU-A4GT-01	684	334	440	28	0
TCGA-HU-A4GU-01	1592	0	0	134	0
TCGA-HU-A4GX-01	580	537	193	0	19
TCGA-HU-A4GY-01	20	56	0	3	0
TCGA-HU-A4H0-01	25	147	26	8	10
TCGA-HU-A4H2-01	61	108	11	45	3
TCGA-HU-A4H3-01	473	294	182	28	6
TCGA-HU-A4H4-01	242	83	349	93	0
TCGA-HU-A4H5-01	24	183	61	40	20
TCGA-HU-A4H6-01	29	102	3	10	4
TCGA-HU-A4H8-01	747	517	24	0	0
TCGA-HU-A4HB-01	0	8	0	5	0
TCGA-HU-A4HD-01	21	123	28	28	26
TCGA-IN-7806-01	4	73	9	2	1
TCGA-IN-7808-01	39	56	0	18	18
TCGA-IN-8462-01	40	75	8	17	3
TCGA-IN-8663-01	37	85	0	102	4
TCGA-IN-A6RI-01	18	43	13	56	0
TCGA-IN-A6RJ-01	16	62	14	71	4
TCGA-IN-A6RL-01	28	97	155	116	168
TCGA-IN-A6RN-01	0	97	17	24	17
TCGA-IN-A6RO-01	11	221	0	60	70
TCGA-IN-A6RP-01	50	117	0	14	21
TCGA-IN-A6RR-01	28	102	9	51	7
TCGA-IN-A6RS-01	51	70	0	4	7
TCGA-IN-A7NR-01	29	19	0	57	8
TCGA-IN-A7NT-01	42	37	5	48	4
TCGA-IN-A7NU-01	19	51	10	31	6
TCGA-IN-AB1V-01	19	38	4	4	10
TCGA-IN-AB1X-01	8	75	7	33	18
TCGA-IP-7968-01	32	89	0	12	0
TCGA-KB-A6F5-01	20	53	2	3	5
TCGA-KB-A6F7-01	23	64	18	19	0
TCGA-KB-A93G-01	19	89	0	5	14
TCGA-KB-A93H-01	71	108	13	67	25
TCGA-KB-A93J-01	24	14	3	4	10
TCGA-MX-A5UG-01	21	24	0	0	11
TCGA-MX-A5UJ-01	745	644	137	0	8
TCGA-MX-A663-01	27	50	0	5	24
TCGA-MX-A666-01	1	88	6	20	26
TCGA-R5-A7O7-01	26	90	6	17	12
TCGA-R5-A7ZE-01	31	83	0	58	29
TCGA-R5-A7ZF-01	30	44	8	0	3
TCGA-R5-A7ZI-01	453	241	183	3	52
TCGA-R5-A7ZR-01	11	59	4	4	12
TCGA-R5-A804-01	10	66	0	13	4
TCGA-R5-A805-01	8	41	0	108	1
TCGA-RD-A7BS-01	11	46	3	2	9
TCGA-RD-A7BT-01	17	32	0	227	7
TCGA-RD-A7BW-01	0	69	11	2	8
TCGA-RD-A7C1-01	55	211	9	59	3
TCGA-RD-A8MV-01	32	17	0	16	20
TCGA-RD-A8MW-01	27	39	0	24	3
TCGA-RD-A8N0-01	2	0	0	0	0
TCGA-RD-A8N1-01	0	48	46	24	12
TCGA-RD-A8N2-01	2	0	0	0	0
TCGA-RD-A8N4-01	6	2	0	1	0
TCGA-RD-A8N5-01	4	30	0	3	6
TCGA-RD-A8N6-01	26	133	18	2	14
TCGA-RD-A8N9-01	25	97	2	16	17
TCGA-RD-A8NB-01	333	227	137	9	27
TCGA-SW-A7EA-01	280	200	157	43	7
TCGA-SW-A7EB-01	44	84	0	18	32
TCGA-VQ-A8DL-01	33	16	6	12	1
TCGA-VQ-A8DT-01	29	104	0	73	25
TCGA-VQ-A8DU-01	26	61	5	80	2
TCGA-VQ-A8DV-01	7	57	0	7	6
TCGA-VQ-A8DZ-01	16	47	15	20	9
TCGA-VQ-A8E0-01	4	70	12	18	19
TCGA-VQ-A8E2-01	42	58	7	40	0
TCGA-VQ-A8E3-01	322	229	230	18	0
TCGA-VQ-A8E7-01	51	68	0	11	10
TCGA-VQ-A8P2-01	4740	2234	812	0	1149
TCGA-VQ-A8P3-01	32	6	4	317	2
TCGA-VQ-A8P5-01	91	55	0	102	14
TCGA-VQ-A8P8-01	40	86	0	4	0
TCGA-VQ-A8PB-01	348	388	124	0	29
TCGA-VQ-A8PC-01	25	35	16	75	9
TCGA-VQ-A8PD-01	39	48	0	12	5
TCGA-VQ-A8PE-01	11	121	3	15	3
TCGA-VQ-A8PF-01	25	59	0	35	16
TCGA-VQ-A8PH-01	11	125	57	46	2
TCGA-VQ-A8PJ-01	14	38	14	100	20
TCGA-VQ-A8PK-01	8	11	1	74	22
TCGA-VQ-A8PM-01	19	12	1	30	4
TCGA-VQ-A8PO-01	348	173	340	41	0
TCGA-VQ-A8PP-01	735	288	511	34	0
TCGA-VQ-A8PQ-01	0	14	3	0	0
TCGA-VQ-A8PS-01	6	39	4	3	7
TCGA-VQ-A8PT-01	868	267	270	0	28
TCGA-VQ-A8PU-01	0	117	27	9	3
TCGA-VQ-A8PX-01	304	15	323	43	5
TCGA-VQ-A8PY-01	31	29	8	25	21
TCGA-VQ-A8PZ-01	25	79	0	3	0
TCGA-VQ-A91A-01	46	78	10	16	7
TCGA-VQ-A91D-01	1427	766	424	0	4
TCGA-VQ-A91E-01	304	214	305	27	10
TCGA-VQ-A91K-01	577	701	152	15	24
TCGA-VQ-A91N-01	51	62	0	25	17
TCGA-VQ-A91Q-01	5	98	9	24	1
TCGA-VQ-A91S-01	3	69	5	194	41
TCGA-VQ-A91U-01	54	108	0	9	18
TCGA-VQ-A91V-01	28	4	0	243	23
TCGA-VQ-A91W-01	7	31	0	8	3
TCGA-VQ-A91X-01	66	31	10	139	9
TCGA-VQ-A91Y-01	15	35	0	2	4
TCGA-VQ-A91Z-01	9	127	7	26	2
TCGA-VQ-A922-01	21	55	24	72	35
TCGA-VQ-A923-01	13	93	1	0	20
TCGA-VQ-A924-01	530	434	341	18	0
TCGA-VQ-A925-01	0	73	7	56	19
TCGA-VQ-A927-01	13	21	9	21	3
TCGA-VQ-A928-01	16	34	11	2	13
TCGA-VQ-A92D-01	23	84	26	10	20
TCGA-VQ-A94O-01	2	64	9	0	4
TCGA-VQ-A94P-01	7	20	0	72	1
TCGA-VQ-A94R-01	27	187	28	90	40
TCGA-VQ-A94T-01	32	44	1	0	23
TCGA-VQ-A94U-01	36	119	0	38	0
TCGA-VQ-AA64-01	4	160	39	79	27
TCGA-VQ-AA68-01	25	82	0	101	0
TCGA-VQ-AA69-01	31	50	0	0	0
TCGA-VQ-AA6A-01	12	66	7	31	6
TCGA-VQ-AA6B-01	42	51	0	6	1
TCGA-VQ-AA6D-01	726	0	60	100	24
TCGA-VQ-AA6F-01	24	16	1	1	20
TCGA-VQ-AA6G-01	33	88	5	29	11
TCGA-VQ-AA6I-01	52	43	0	18	13
TCGA-VQ-AA6J-01	39	48	0	89	0
TCGA-VQ-AA6K-01	20	56	8	2	6
TCGA-ZA-A8F6-01	5	42	0	1	10
TCGA-ZQ-A9CR-01	23	49	18	40	14
