Samples	SBS96A	SBS96B	SBS96C	SBS96D
TCGA-05-4244-01	178	62	15	5
TCGA-05-4249-01	260	62	38	25
TCGA-05-4250-01	264	65	64	41
TCGA-05-4382-01	1771	53	240	46
TCGA-05-4384-01	95	39	13	17
TCGA-05-4389-01	91	86	107	12
TCGA-05-4390-01	572	66	12	44
TCGA-05-4395-01	160	39	118	31
TCGA-05-4396-01	222	59	23	30
TCGA-05-4397-01	638	123	215	43
TCGA-05-4398-01	621	140	127	40
TCGA-05-4402-01	13	18	124	0
TCGA-05-4403-01	70	72	6	20
TCGA-05-4405-01	331	88	31	32
TCGA-05-4410-01	1003	106	197	42
TCGA-05-4415-01	195	32	7	16
TCGA-05-4417-01	279	52	14	7
TCGA-05-4418-01	214	54	17	49
TCGA-05-4420-01	273	54	21	23
TCGA-05-4422-01	11	13	21	9
TCGA-05-4424-01	658	69	143	31
TCGA-05-4425-01	0	49	0	4
TCGA-05-4426-01	9	37	8	1
TCGA-05-4427-01	963	126	96	65
TCGA-05-4430-01	262	44	24	11
TCGA-05-4432-01	540	116	39	58
TCGA-05-4433-01	0	44	1	0
TCGA-05-4434-01	5	28	13	13
TCGA-05-5420-01	53	41	4	18
TCGA-05-5423-01	111	52	20	4
TCGA-05-5425-01	539	90	51	39
TCGA-05-5428-01	261	24	152	38
TCGA-05-5429-01	0	38	5	1
TCGA-05-5715-01	11	45	95	0
TCGA-35-3615-01	59	25	52	10
TCGA-35-4122-01	213	97	63	39
TCGA-35-4123-01	288	45	15	21
TCGA-35-5375-01	316	119	65	23
TCGA-38-4625-01	575	15	149	26
TCGA-38-4626-01	279	8	23	15
TCGA-38-4627-01	7	17	3	9
TCGA-38-4628-01	52	64	24	9
TCGA-38-4629-01	188	73	48	41
TCGA-38-4630-01	21	59	71	14
TCGA-38-4631-01	791	64	31	41
TCGA-38-4632-01	463	81	42	69
TCGA-38-6178-01	27	31	14	19
TCGA-38-7271-01	59	7	50	0
TCGA-38-A44F-01	2	11	1	4
TCGA-44-2655-01	189	11	12	16
TCGA-44-2656-01	870	106	22	60
TCGA-44-2657-01	384	65	58	15
TCGA-44-2659-01	412	58	19	19
TCGA-44-2661-01	10	24	8	8
TCGA-44-2662-01	61	21	186	0
TCGA-44-2665-01	4	35	21	1
TCGA-44-2666-01	2	29	9	3
TCGA-44-2668-01	322	24	84	13
TCGA-44-3396-01	66	65	111	3
TCGA-44-3398-01	119	47	82	0
TCGA-44-3917-01	178	36	27	33
TCGA-44-3918-01	995	51	108	27
TCGA-44-3919-01	10	21	27	11
TCGA-44-4112-01	404	56	130	19
TCGA-44-5643-01	54	53	32	23
TCGA-44-5644-01	937	125	73	36
TCGA-44-5645-01	7	31	0	6
TCGA-44-6144-01	188	51	27	18
TCGA-44-6145-01	344	23	16	9
TCGA-44-6146-01	4	29	0	14
TCGA-44-6147-01	115	20	6	20
TCGA-44-6148-01	1	5	0	2
TCGA-44-6774-01	328	21	8	13
TCGA-44-6775-01	31	30	13	12
TCGA-44-6776-01	192	33	12	14
TCGA-44-6777-01	256	56	116	51
TCGA-44-6778-01	366	77	22	22
TCGA-44-6779-01	52	51	12	10
TCGA-44-7659-01	126	27	15	15
TCGA-44-7660-01	265	131	55	18
TCGA-44-7661-01	214	31	86	11
TCGA-44-7662-01	506	70	98	41
TCGA-44-7667-01	419	106	26	28
TCGA-44-7669-01	407	94	14	46
TCGA-44-7670-01	1008	66	202	58
TCGA-44-7671-01	187	56	19	29
TCGA-44-7672-01	144	23	16	14
TCGA-44-8117-01	760	100	47	23
TCGA-44-8119-01	554	153	30	36
TCGA-44-8120-01	616	65	38	26
TCGA-44-A479-01	305	36	25	11
TCGA-44-A47A-01	84	61	121	5
TCGA-44-A47B-01	13	37	3	7
TCGA-44-A47F-01	28	49	22	14
TCGA-44-A47G-01	29	32	25	15
TCGA-44-A4SS-01	391	79	86	38
TCGA-44-A4SU-01	101	63	7	16
TCGA-49-4486-01	36	16	151	10
TCGA-49-4487-01	296	35	82	19
TCGA-49-4488-01	288	28	42	9
TCGA-49-4490-01	0	45	20	3
TCGA-49-4494-01	159	47	16	10
TCGA-49-4501-01	0	53	14	5
TCGA-49-4505-01	171	75	26	2
TCGA-49-4506-01	86	40	6	8
TCGA-49-4507-01	114	54	59	22
TCGA-49-4510-01	33	20	8	5
TCGA-49-4512-01	8	35	6	6
TCGA-49-4514-01	199	47	133	34
TCGA-49-6742-01	63	65	190	36
TCGA-49-6743-01	496	99	274	76
TCGA-49-6744-01	235	16	9	25
TCGA-49-6745-01	0	58	92	20
TCGA-49-6761-01	81	48	102	15
TCGA-49-6767-01	458	67	48	21
TCGA-49-AAQV-01	11	28	49	0
TCGA-49-AAR0-01	89	42	25	20
TCGA-49-AAR2-01	414	34	14	26
TCGA-49-AAR3-01	96	51	20	4
TCGA-49-AAR4-01	505	10	126	71
TCGA-49-AAR9-01	676	65	22	45
TCGA-49-AARE-01	1352	109	119	91
TCGA-49-AARN-01	479	118	214	121
TCGA-49-AARO-01	684	0	41	13
TCGA-49-AARQ-01	695	34	109	51
TCGA-49-AARR-01	0	3	0	0
TCGA-4B-A93V-01	112	30	12	17
TCGA-50-5044-01	8	16	146	1
TCGA-50-5045-01	338	3	26	3
TCGA-50-5049-01	864	43	46	51
TCGA-50-5051-01	89	37	9	4
TCGA-50-5055-01	0	16	6	0
TCGA-50-5066-01	244	39	36	26
TCGA-50-5068-01	52	45	8	13
TCGA-50-5072-01	130	25	24	24
TCGA-50-5930-01	1221	61	31	46
TCGA-50-5931-01	272	62	30	17
TCGA-50-5932-01	74	2	0	14
TCGA-50-5933-01	421	95	51	65
TCGA-50-5935-01	3	34	73	13
TCGA-50-5936-01	40	25	77	4
TCGA-50-5939-01	18	40	28	18
TCGA-50-5941-01	346	61	52	23
TCGA-50-5942-01	36	26	2	7
TCGA-50-5944-01	17	49	11	7
TCGA-50-5946-01	506	98	191	21
TCGA-50-6590-01	732	53	252	47
TCGA-50-6591-01	11	32	4	19
TCGA-50-6592-01	178	63	84	31
TCGA-50-6593-01	284	59	18	29
TCGA-50-6594-01	508	39	67	20
TCGA-50-6595-01	28	26	32	32
TCGA-50-6597-01	0	36	27	15
TCGA-50-6673-01	5	45	6	6
TCGA-50-7109-01	214	62	9	23
TCGA-50-8457-01	27	21	6	13
TCGA-50-8459-01	71	35	6	7
TCGA-50-8460-01	6	20	5	5
TCGA-53-7624-01	673	81	193	65
TCGA-53-7626-01	367	22	56	5
TCGA-53-7813-01	133	42	2	9
TCGA-53-A4EZ-01	530	60	35	49
TCGA-55-1592-01	383	152	91	65
TCGA-55-1594-01	68	55	94	14
TCGA-55-1595-01	315	56	22	14
TCGA-55-1596-01	125	66	7	36
TCGA-55-5899-01	343	40	138	28
TCGA-55-6543-01	0	21	3	1
TCGA-55-6642-01	118	17	7	13
TCGA-55-6712-01	32	43	118	3
TCGA-55-6968-01	140	3	509	3
TCGA-55-6969-01	392	50	29	43
TCGA-55-6970-01	147	35	15	12
TCGA-55-6971-01	65	21	8	14
TCGA-55-6972-01	113	16	159	54
TCGA-55-6975-01	43	40	17	0
TCGA-55-6978-01	1	32	0	2
TCGA-55-6979-01	89	11	72	0
TCGA-55-6980-01	0	10	0	6
TCGA-55-6981-01	6	44	7	6
TCGA-55-6982-01	16	21	245	5
TCGA-55-6983-01	75	38	6	15
TCGA-55-6984-01	9	9	1	8
TCGA-55-6985-01	469	53	4	58
TCGA-55-6986-01	2	13	0	10
TCGA-55-6987-01	113	33	108	0
TCGA-55-7227-01	130	45	15	14
TCGA-55-7281-01	397	48	47	65
TCGA-55-7283-01	106	98	67	20
TCGA-55-7284-01	0	48	0	9
TCGA-55-7570-01	263	58	130	16
TCGA-55-7573-01	31	11	11	10
TCGA-55-7574-01	107	12	175	28
TCGA-55-7576-01	322	115	33	29
TCGA-55-7724-01	97	109	54	17
TCGA-55-7725-01	114	30	5	5
TCGA-55-7726-01	11	45	85	0
TCGA-55-7727-01	123	35	113	46
TCGA-55-7728-01	76	31	1	13
TCGA-55-7815-01	116	43	10	13
TCGA-55-7816-01	0	2	0	0
TCGA-55-7903-01	81	66	28	13
TCGA-55-7907-01	1071	75	274	33
TCGA-55-7910-01	280	60	14	14
TCGA-55-7911-01	188	37	25	28
TCGA-55-7913-01	286	75	50	24
TCGA-55-7914-01	110	67	29	8
TCGA-55-7994-01	1517	181	106	86
TCGA-55-7995-01	552	71	134	65
TCGA-55-8085-01	130	55	137	6
TCGA-55-8087-01	0	23	5	9
TCGA-55-8089-01	908	83	509	46
TCGA-55-8090-01	66	30	3	14
TCGA-55-8091-01	2	31	0	2
TCGA-55-8092-01	371	110	159	85
TCGA-55-8094-01	437	73	30	17
TCGA-55-8096-01	109	39	16	15
TCGA-55-8097-01	52	66	13	8
TCGA-55-8203-01	415	89	8	18
TCGA-55-8204-01	88	51	102	29
TCGA-55-8205-01	332	65	248	3
TCGA-55-8206-01	6	24	8	0
TCGA-55-8207-01	269	83	20	15
TCGA-55-8208-01	123	43	238	40
TCGA-55-8299-01	203	31	16	23
TCGA-55-8301-01	238	65	38	21
TCGA-55-8302-01	689	62	22	72
TCGA-55-8505-01	2	26	16	4
TCGA-55-8506-01	1059	964	10	74
TCGA-55-8507-01	985	104	36	88
TCGA-55-8508-01	142	55	19	11
TCGA-55-8510-01	310	20	35	27
TCGA-55-8511-01	492	75	98	48
TCGA-55-8512-01	28	11	6	6
TCGA-55-8513-01	0	7	0	1
TCGA-55-8514-01	252	56	4	39
TCGA-55-8614-01	107	130	48	13
TCGA-55-8615-01	90	50	7	15
TCGA-55-8616-01	491	72	17	23
TCGA-55-8619-01	0	26	1	0
TCGA-55-8620-01	433	114	18	50
TCGA-55-8621-01	49	22	10	8
TCGA-55-A48X-01	385	14	29	55
TCGA-55-A48Y-01	0	33	396	15
TCGA-55-A48Z-01	17	37	5	9
TCGA-55-A490-01	1386	72	145	40
TCGA-55-A491-01	334	60	40	32
TCGA-55-A492-01	236	68	19	32
TCGA-55-A493-01	174	49	100	17
TCGA-55-A494-01	179	87	18	11
TCGA-55-A4DF-01	182	53	687	61
TCGA-55-A4DG-01	714	76	36	18
TCGA-55-A57B-01	5	31	9	4
TCGA-62-8394-01	44	62	64	3
TCGA-62-8395-01	5	51	17	13
TCGA-62-8397-01	7	21	1	3
TCGA-62-8398-01	49	37	12	5
TCGA-62-8399-01	289	97	275	0
TCGA-62-8402-01	6	48	6	13
TCGA-62-A46O-01	746	105	188	53
TCGA-62-A46P-01	274	66	8	5
TCGA-62-A46R-01	95	64	34	16
TCGA-62-A46S-01	76	48	13	22
TCGA-62-A46U-01	10	31	8	3
TCGA-62-A46V-01	9	47	6	9
TCGA-62-A46Y-01	8	25	1	5
TCGA-62-A470-01	57	65	11	14
TCGA-62-A471-01	11	38	84	15
TCGA-62-A472-01	27	23	3	19
TCGA-64-1676-01	617	70	24	29
TCGA-64-1679-01	495	33	65	21
TCGA-64-1680-01	9	35	32	0
TCGA-64-1681-01	16	32	42	16
TCGA-64-5774-01	122	43	7	4
TCGA-64-5775-01	472	62	22	33
TCGA-64-5778-01	448	59	47	25
TCGA-64-5779-01	338	71	16	12
TCGA-64-5781-01	1056	68	185	96
TCGA-64-5815-01	152	39	4	18
TCGA-67-3770-01	202	42	7	22
TCGA-67-3771-01	661	131	428	100
TCGA-67-3773-01	77	30	2	16
TCGA-67-3774-01	92	27	11	20
TCGA-67-4679-01	266	44	15	27
TCGA-67-6215-01	18	77	15	27
TCGA-67-6216-01	2	18	15	10
TCGA-67-6217-01	149	51	12	22
TCGA-69-7760-01	19	54	10	5
TCGA-69-7761-01	15	17	3	1
TCGA-69-7763-01	32	59	2	7
TCGA-69-7764-01	50	48	10	8
TCGA-69-7765-01	588	23	86	50
TCGA-69-7973-01	241	42	13	13
TCGA-69-7974-01	474	88	42	36
TCGA-69-7978-01	451	61	254	0
TCGA-69-7979-01	1552	78	111	59
TCGA-69-7980-01	632	72	238	29
TCGA-69-8253-01	131	32	38	8
TCGA-69-8254-01	36	45	0	16
TCGA-69-8255-01	191	88	60	26
TCGA-69-A59K-01	488	80	55	14
TCGA-71-6725-01	1	56	5	11
TCGA-71-8520-01	18	63	21	3
TCGA-73-4658-01	186	60	183	19
TCGA-73-4659-01	191	38	13	20
TCGA-73-4662-01	189	40	23	16
TCGA-73-4666-01	349	73	35	14
TCGA-73-4668-01	505	86	23	15
TCGA-73-4670-01	291	67	30	53
TCGA-73-4675-01	28	45	9	2
TCGA-73-4676-01	42	53	4	13
TCGA-73-4677-01	215	46	16	27
TCGA-73-7498-01	85	37	0	17
TCGA-73-7499-01	9	42	23	9
TCGA-73-A9RS-01	1008	33	88	43
TCGA-75-5122-01	57	56	33	21
TCGA-75-5125-01	87	53	59	11
TCGA-75-5126-01	477	49	243	12
TCGA-75-5146-01	200	13	14	12
TCGA-75-5147-01	1	32	14	0
TCGA-75-6203-01	1	17	0	1
TCGA-75-6205-01	13	26	14	7
TCGA-75-6206-01	60	18	21	10
TCGA-75-6207-01	16	40	18	10
TCGA-75-6211-01	331	66	29	16
TCGA-75-6212-01	0	12	1	8
TCGA-75-6214-01	528	77	229	65
TCGA-75-7025-01	0	28	6	4
TCGA-75-7027-01	228	37	9	29
TCGA-75-7030-01	3	14	0	1
TCGA-75-7031-01	137	68	31	23
TCGA-78-7145-01	163	35	20	19
TCGA-78-7146-01	234	64	138	28
TCGA-78-7147-01	227	95	66	39
TCGA-78-7148-01	175	56	10	33
TCGA-78-7149-01	45	30	109	16
TCGA-78-7150-01	185	80	198	46
TCGA-78-7152-01	93	26	113	23
TCGA-78-7153-01	41	69	33	13
TCGA-78-7154-01	61	107	141	19
TCGA-78-7155-01	1455	142	184	57
TCGA-78-7156-01	157	39	180	41
TCGA-78-7158-01	173	40	57	14
TCGA-78-7159-01	284	71	19	6
TCGA-78-7160-01	15	25	7	10
TCGA-78-7161-01	150	57	19	10
TCGA-78-7162-01	42	22	22	15
TCGA-78-7163-01	5	17	2	3
TCGA-78-7166-01	220	22	9	24
TCGA-78-7167-01	58	45	45	6
TCGA-78-7220-01	718	78	141	109
TCGA-78-7535-01	140	52	12	16
TCGA-78-7536-01	583	98	24	33
TCGA-78-7537-01	103	26	22	18
TCGA-78-7539-01	151	78	376	0
TCGA-78-7540-01	1	29	3	3
TCGA-78-7542-01	352	45	42	38
TCGA-78-7633-01	91	23	10	11
TCGA-78-8640-01	546	153	181	34
TCGA-78-8648-01	9	6	0	1
TCGA-78-8655-01	72	37	6	17
TCGA-78-8660-01	164	55	57	28
TCGA-78-8662-01	1088	145	120	87
TCGA-80-5607-01	7	12	139	0
TCGA-80-5608-01	141	41	15	2
TCGA-80-5611-01	119	77	18	33
TCGA-83-5908-01	143	35	117	0
TCGA-86-6562-01	13	30	29	2
TCGA-86-6851-01	842	65	168	19
TCGA-86-7701-01	167	63	10	8
TCGA-86-7711-01	129	65	72	6
TCGA-86-7713-01	123	23	4	36
TCGA-86-7714-01	48	29	4	10
TCGA-86-7953-01	24	29	12	0
TCGA-86-7954-01	132	79	57	22
TCGA-86-7955-01	236	66	44	31
TCGA-86-8054-01	188	50	24	13
TCGA-86-8055-01	9	45	7	2
TCGA-86-8056-01	82	33	196	29
TCGA-86-8073-01	1580	68	126	71
TCGA-86-8074-01	25	32	9	13
TCGA-86-8075-01	4	47	7	4
TCGA-86-8076-01	18	35	25	6
TCGA-86-8278-01	0	27	117	0
TCGA-86-8279-01	516	84	28	8
TCGA-86-8280-01	11	26	0	18
TCGA-86-8281-01	210	68	46	13
TCGA-86-8358-01	1077	166	47	86
TCGA-86-8359-01	137	33	13	17
TCGA-86-8585-01	469	72	158	11
TCGA-86-8668-01	3	36	4	2
TCGA-86-8669-01	81	54	13	22
TCGA-86-8671-01	5	22	13	7
TCGA-86-8672-01	235	52	52	37
TCGA-86-8673-01	429	67	60	49
TCGA-86-8674-01	296	24	51	11
TCGA-86-A456-01	332	39	38	43
TCGA-86-A4JF-01	334	1061	169	82
TCGA-86-A4P7-01	11	37	34	2
TCGA-86-A4P8-01	1	0	0	1
TCGA-91-6828-01	240	49	36	11
TCGA-91-6829-01	563	104	72	66
TCGA-91-6830-01	21	12	272	10
TCGA-91-6831-01	209	75	13	43
TCGA-91-6835-01	44	39	26	4
TCGA-91-6836-01	431	74	32	42
TCGA-91-6840-01	11	37	94	0
TCGA-91-6847-01	11	69	20	5
TCGA-91-6848-01	480	89	138	34
TCGA-91-6849-01	97	19	10	15
TCGA-91-7771-01	136	46	32	37
TCGA-91-8496-01	3	29	5	4
TCGA-91-8497-01	13	23	2	18
TCGA-91-8499-01	179	70	127	19
TCGA-91-A4BC-01	435	79	32	17
TCGA-91-A4BD-01	0	23	4	0
TCGA-93-7347-01	97	24	13	9
TCGA-93-7348-01	52	51	20	10
TCGA-93-8067-01	69	21	566	18
TCGA-93-A4JN-01	24	48	19	7
TCGA-93-A4JO-01	12	27	18	8
TCGA-93-A4JP-01	17	29	32	4
TCGA-93-A4JQ-01	19	44	82	0
TCGA-95-7039-01	1230	138	93	81
TCGA-95-7043-01	1085	91	68	75
TCGA-95-7562-01	394	40	7	20
TCGA-95-7567-01	405	692	24	22
TCGA-95-7944-01	21	0	268	18
TCGA-95-7947-01	251	77	278	59
TCGA-95-7948-01	0	21	162	0
TCGA-95-8039-01	35	49	25	9
TCGA-95-8494-01	4	52	73	4
TCGA-95-A4VK-01	228	55	7	28
TCGA-95-A4VN-01	481	38	57	15
TCGA-95-A4VP-01	109	36	4	12
TCGA-97-7546-01	276	41	17	18
TCGA-97-7547-01	112	31	70	13
TCGA-97-7552-01	3	40	0	4
TCGA-97-7553-01	17	25	1	8
TCGA-97-7554-01	418	66	19	56
TCGA-97-7937-01	426	84	35	19
TCGA-97-7938-01	371	59	64	11
TCGA-97-7941-01	61	35	21	4
TCGA-97-8171-01	11	47	1	8
TCGA-97-8172-01	216	82	2	31
TCGA-97-8174-01	113	62	32	6
TCGA-97-8175-01	13	14	3	11
TCGA-97-8176-01	71	46	64	16
TCGA-97-8177-01	6	26	8	7
TCGA-97-8179-01	164	16	16	12
TCGA-97-8547-01	6	41	19	4
TCGA-97-8552-01	6	18	1	4
TCGA-97-A4LX-01	176	27	13	3
TCGA-97-A4M0-01	340	49	92	19
TCGA-97-A4M1-01	9	32	14	0
TCGA-97-A4M2-01	9	10	9	4
TCGA-97-A4M3-01	178	32	35	5
TCGA-97-A4M5-01	15	12	155	8
TCGA-97-A4M6-01	5	26	8	3
TCGA-97-A4M7-01	320	36	19	9
TCGA-99-7458-01	450	53	14	60
TCGA-99-8025-01	278	115	179	27
TCGA-99-8028-01	475	44	15	8
TCGA-99-8032-01	357	79	40	16
TCGA-99-8033-01	141	50	16	16
TCGA-99-AA5R-01	64	1	1	7
TCGA-J2-8192-01	15	50	9	16
TCGA-J2-8194-01	94	61	8	27
TCGA-J2-A4AD-01	140	75	202	0
TCGA-J2-A4AE-01	7	35	18	2
TCGA-J2-A4AG-01	57	44	8	5
TCGA-L4-A4E5-01	347	32	15	25
TCGA-L4-A4E6-01	13	1	6	0
TCGA-L9-A443-01	237	37	23	10
TCGA-L9-A444-01	601	35	22	43
TCGA-L9-A50W-01	8	11	9	8
TCGA-L9-A5IP-01	276	35	26	15
TCGA-L9-A743-01	73	18	77	0
TCGA-L9-A7SV-01	1870	58	63	28
TCGA-L9-A8F4-01	753	79	89	50
TCGA-MN-A4N1-01	422	96	41	29
TCGA-MN-A4N4-01	1281	51	460	80
TCGA-MN-A4N5-01	423	63	61	15
TCGA-MP-A4SV-01	185	48	165	42
TCGA-MP-A4SW-01	8	56	11	10
TCGA-MP-A4SY-01	99	57	33	28
TCGA-MP-A4T2-01	26	32	34	19
TCGA-MP-A4T4-01	372	50	40	23
TCGA-MP-A4T6-01	7	44	26	16
TCGA-MP-A4T7-01	122	24	6	7
TCGA-MP-A4T8-01	89	35	11	14
TCGA-MP-A4T9-01	19	6	12	9
TCGA-MP-A4TA-01	296	98	44	16
TCGA-MP-A4TC-01	248	34	34	11
TCGA-MP-A4TD-01	55	36	4	6
TCGA-MP-A4TE-01	79	82	2	10
TCGA-MP-A4TF-01	426	50	30	40
TCGA-MP-A4TH-01	65	55	2	17
TCGA-MP-A4TI-01	84	32	189	8
TCGA-MP-A4TJ-01	62	45	5	3
TCGA-MP-A4TK-01	320	20	77	25
TCGA-MP-A5C7-01	38	46	4	8
TCGA-NJ-A4YF-01	671	39	30	41
TCGA-NJ-A4YG-01	77	61	52	8
TCGA-NJ-A4YI-01	426	75	33	25
TCGA-NJ-A4YP-01	163	0	482	46
TCGA-NJ-A4YQ-01	1206	93	34	58
TCGA-NJ-A55A-01	110	25	12	0
TCGA-NJ-A55O-01	132	14	11	8
TCGA-NJ-A55R-01	245	32	16	30
TCGA-NJ-A7XG-01	11	31	0	0
TCGA-O1-A52J-01	147	39	13	12
TCGA-S2-AA1A-01	113	18	4	9
TCGA-18-3406-01	94	63	102	18
TCGA-18-3407-01	16	61	4	11
TCGA-18-3408-01	33	47	0	18
TCGA-18-3409-01	0	0	0	4267
TCGA-18-3410-01	86	52	109	0
TCGA-18-3411-01	177	138	37	46
TCGA-18-3412-01	55	51	35	6
TCGA-18-3414-01	151	100	96	35
TCGA-18-3415-01	72	55	79	29
TCGA-18-3416-01	221	94	65	8
TCGA-18-3417-01	190	102	40	20
TCGA-18-3421-01	169	92	82	42
TCGA-18-4083-01	291	100	59	23
TCGA-18-4721-01	103	83	18	21
TCGA-18-5592-01	224	76	38	26
TCGA-18-5595-01	32	39	191	57
TCGA-21-1070-01	548	73	41	25
TCGA-21-1071-01	92	65	35	25
TCGA-21-1076-01	276	45	66	20
TCGA-21-1077-01	134	69	76	16
TCGA-21-1078-01	2	29	66	0
TCGA-21-1081-01	85	142	20	14
TCGA-21-1082-01	247	74	172	0
TCGA-21-1083-01	635	99	157	25
TCGA-21-5782-01	239	75	171	0
TCGA-21-5783-01	200	162	117	50
TCGA-21-5784-01	162	38	37	23
TCGA-21-5786-01	351	84	24	25
TCGA-21-5787-01	373	58	55	22
TCGA-21-A5DI-01	53	57	44	18
TCGA-22-0940-01	122	70	37	38
TCGA-22-0944-01	72	43	27	22
TCGA-22-1000-01	40	28	32	22
TCGA-22-1002-01	207	63	15	12
TCGA-22-1005-01	232	52	40	22
TCGA-22-1011-01	10	29	94	0
TCGA-22-1012-01	185	93	53	17
TCGA-22-1016-01	316	55	45	33
TCGA-22-4591-01	101	111	11	46
TCGA-22-4593-01	84	85	34	28
TCGA-22-4594-01	314	89	23	13
TCGA-22-4595-01	207	70	95	30
TCGA-22-4596-01	77	65	9	23
TCGA-22-4599-01	271	109	17	52
TCGA-22-4601-01	108	58	50	18
TCGA-22-4604-01	116	121	31	38
TCGA-22-4605-01	53	37	12	11
TCGA-22-4607-01	13	22	40	9
TCGA-22-4609-01	158	60	21	12
TCGA-22-4613-01	544	132	44	62
TCGA-22-5471-01	147	60	37	54
TCGA-22-5472-01	500	0	6	0
TCGA-22-5473-01	417	153	377	62
TCGA-22-5474-01	21	32	56	0
TCGA-22-5477-01	30	50	142	0
TCGA-22-5478-01	120	87	7	10
TCGA-22-5479-01	185	165	237	56
TCGA-22-5480-01	106	58	22	16
TCGA-22-5481-01	209	100	37	24
TCGA-22-5482-01	117	47	21	25
TCGA-22-5483-01	166	73	36	25
TCGA-22-5485-01	154	73	8	20
TCGA-22-5489-01	178	66	50	13
TCGA-22-5491-01	112	76	221	10
TCGA-22-5492-01	172	79	20	19
TCGA-22-A5C4-01	235	136	33	33
TCGA-33-4532-01	224	126	98	49
TCGA-33-4533-01	204	54	62	54
TCGA-33-4538-01	76	85	32	33
TCGA-33-4547-01	18	51	180	0
TCGA-33-4566-01	1434	57	107	40
TCGA-33-4582-01	92	88	42	28
TCGA-33-4583-01	532	112	62	37
TCGA-33-4586-01	301	106	33	18
TCGA-33-4587-01	130	51	67	39
TCGA-33-4589-01	1	54	55	28
TCGA-33-6737-01	238	30	284	11
TCGA-33-6738-01	227	83	92	22
TCGA-33-A4WN-01	78	58	110	11
TCGA-33-A5GW-01	75	44	122	8
TCGA-33-AAS8-01	151	86	32	19
TCGA-33-AASB-01	362	32	45	18
TCGA-33-AASD-01	310	81	35	30
TCGA-33-AASI-01	289	71	121	19
TCGA-33-AASJ-01	42	47	118	21
TCGA-33-AASL-01	222	56	86	17
TCGA-34-2596-01	154	65	90	22
TCGA-34-2600-01	141	88	331	11
TCGA-34-2604-01	551	129	38	42
TCGA-34-2605-01	252	70	153	3
TCGA-34-2608-01	74	62	41	14
TCGA-34-2609-01	195	84	11	15
TCGA-34-5231-01	472	201	125	36
TCGA-34-5232-01	99	103	23	30
TCGA-34-5234-01	146	52	2	21
TCGA-34-5236-01	149	59	43	18
TCGA-34-5239-01	198	66	28	17
TCGA-34-5240-01	107	48	39	24
TCGA-34-5241-01	138	62	37	20
TCGA-34-5927-01	142	98	66	18
TCGA-34-5928-01	100	91	263	2
TCGA-34-5929-01	144	42	94	0
TCGA-34-7107-01	120	111	62	29
TCGA-34-8454-01	294	13	404	0
TCGA-34-8455-01	517	44	28	25
TCGA-34-8456-01	16	16	8	9
TCGA-34-A5IX-01	184	107	40	21
TCGA-37-3783-01	99	75	324	0
TCGA-37-3789-01	131	56	179	1
TCGA-37-3792-01	856	105	123	37
TCGA-37-4129-01	0	6	0	0
TCGA-37-4130-01	1159	179	52	29
TCGA-37-4132-01	264	52	23	46
TCGA-37-4133-01	128	175	48	12
TCGA-37-4135-01	236	99	31	24
TCGA-37-4141-01	264	94	27	20
TCGA-37-5819-01	676	147	58	45
TCGA-37-A5EL-01	313	102	81	35
TCGA-37-A5EM-01	250	87	50	45
TCGA-37-A5EN-01	137	102	37	23
TCGA-39-5011-01	648	25	89	31
TCGA-39-5016-01	243	143	30	65
TCGA-39-5019-01	110	74	23	19
TCGA-39-5021-01	113	40	25	19
TCGA-39-5022-01	39	25	189	0
TCGA-39-5024-01	48	74	122	21
TCGA-39-5028-01	41	44	137	0
TCGA-39-5029-01	47	68	44	23
TCGA-39-5030-01	26	194	57	0
TCGA-39-5031-01	143	18	642	14
TCGA-39-5034-01	614	91	45	29
TCGA-39-5035-01	37	64	80	19
TCGA-39-5036-01	156	107	44	21
TCGA-39-5037-01	142	100	29	28
TCGA-39-5039-01	105	67	7	30
TCGA-39-5040-01	433	86	38	34
TCGA-43-2576-01	519	57	40	39
TCGA-43-2578-01	327	43	36	25
TCGA-43-2581-01	1010	58	32	40
TCGA-43-3394-01	101	50	16	7
TCGA-43-3920-01	150	51	120	13
TCGA-43-5668-01	630	120	35	39
TCGA-43-5670-01	25	43	102	0
TCGA-43-6143-01	232	95	58	16
TCGA-43-6647-01	112	52	25	11
TCGA-43-6770-01	127	89	48	7
TCGA-43-6771-01	186	39	14	16
TCGA-43-6773-01	9	30	18	19
TCGA-43-7656-01	281	98	26	24
TCGA-43-7657-01	75	67	15	7
TCGA-43-7658-01	126	65	27	44
TCGA-43-8115-01	114	94	33	17
TCGA-43-8116-01	242	106	97	14
TCGA-43-8118-01	503	83	192	16
TCGA-43-A474-01	274	140	36	25
TCGA-43-A475-01	176	70	41	18
TCGA-43-A56U-01	131	37	151	0
TCGA-43-A56V-01	189	43	29	15
TCGA-46-3765-01	124	58	83	27
TCGA-46-3767-01	114	25	17	11
TCGA-46-3768-01	197	65	57	33
TCGA-46-3769-01	667	92	383	4
TCGA-46-6025-01	71	79	73	10
TCGA-46-6026-01	93	85	59	27
TCGA-51-4079-01	300	80	95	35
TCGA-51-4080-01	235	81	20	16
TCGA-51-4081-01	145	61	18	24
TCGA-51-6867-01	469	129	147	37
TCGA-52-7622-01	211	94	19	14
TCGA-52-7809-01	99	91	89	29
TCGA-52-7810-01	173	48	314	0
TCGA-52-7811-01	103	48	18	18
TCGA-52-7812-01	238	46	55	32
TCGA-56-1622-01	178	74	14	21
TCGA-56-5897-01	35	30	61	0
TCGA-56-5898-01	103	36	25	18
TCGA-56-6545-01	189	63	100	14
TCGA-56-6546-01	278	79	17	42
TCGA-56-7221-01	178	62	99	27
TCGA-56-7222-01	289	104	63	33
TCGA-56-7223-01	166	110	43	54
TCGA-56-7579-01	150	66	68	33
TCGA-56-7580-01	91	57	19	4
TCGA-56-7582-01	83	82	17	22
TCGA-56-7730-01	274	127	17	44
TCGA-56-7731-01	285	91	56	11
TCGA-56-7822-01	162	86	213	6
TCGA-56-7823-01	224	72	23	35
TCGA-56-8082-01	118	109	22	32
TCGA-56-8083-01	125	53	7	14
TCGA-56-8201-01	104	52	38	5
TCGA-56-8304-01	193	48	32	31
TCGA-56-8305-01	324	80	52	34
TCGA-56-8307-01	372	93	39	21
TCGA-56-8308-01	247	107	46	35
TCGA-56-8309-01	85	48	19	9
TCGA-56-8503-01	51	20	138	0
TCGA-56-8504-01	191	62	11	27
TCGA-56-8622-01	144	81	42	25
TCGA-56-8624-01	63	43	49	3
TCGA-56-8625-01	210	118	249	29
TCGA-56-8626-01	157	85	58	22
TCGA-56-8628-01	392	76	16	32
TCGA-56-8629-01	156	72	37	13
TCGA-56-A49D-01	131	116	116	13
TCGA-56-A4BW-01	132	54	102	2
TCGA-56-A4BY-01	99	59	15	15
TCGA-56-A4ZJ-01	90	26	12	16
TCGA-56-A4ZK-01	141	82	57	16
TCGA-56-A5DS-01	95	66	71	31
TCGA-56-A62T-01	444	98	41	47
TCGA-58-8386-01	156	94	42	22
TCGA-58-8387-01	62	72	91	9
TCGA-58-8388-01	132	57	21	16
TCGA-58-8391-01	239	124	23	43
TCGA-58-8393-01	6	6	289	40
TCGA-58-A46J-01	119	54	31	13
TCGA-58-A46K-01	28	48	119	0
TCGA-58-A46L-01	162	63	47	8
TCGA-58-A46M-01	252	145	73	62
TCGA-58-A46N-01	141	74	22	27
TCGA-60-2695-01	142	78	32	20
TCGA-60-2697-01	11	3	0	0
TCGA-60-2698-01	333	74	988	0
TCGA-60-2703-01	200	77	74	15
TCGA-60-2704-01	83	97	49	23
TCGA-60-2707-01	52	34	49	6
TCGA-60-2708-01	93	100	57	8
TCGA-60-2709-01	124	44	21	22
TCGA-60-2710-01	109	100	21	24
TCGA-60-2711-01	77	45	22	13
TCGA-60-2712-01	42	38	25	7
TCGA-60-2713-01	150	75	56	43
TCGA-60-2714-01	775	172	136	17
TCGA-60-2715-01	41	85	24	10
TCGA-60-2716-01	0	19	2	1
TCGA-60-2719-01	115	122	30	13
TCGA-60-2720-01	283	41	200	0
TCGA-60-2721-01	35	55	171	9
TCGA-60-2722-01	179	91	87	35
TCGA-60-2723-01	225	80	19	30
TCGA-60-2724-01	325	59	19	42
TCGA-60-2725-01	116	46	25	2
TCGA-60-2726-01	212	111	76	29
TCGA-63-5128-01	222	82	36	35
TCGA-63-5131-01	178	97	94	25
TCGA-63-6202-01	299	72	23	22
TCGA-63-7020-01	143	54	20	10
TCGA-63-7021-01	165	77	45	21
TCGA-63-7022-01	117	64	37	21
TCGA-63-7023-01	99	56	21	7
TCGA-63-A5M9-01	34	67	16	18
TCGA-63-A5MB-01	206	123	48	38
TCGA-63-A5MG-01	64	58	15	3
TCGA-63-A5MH-01	77	56	140	10
TCGA-63-A5MI-01	73	88	95	11
TCGA-63-A5MJ-01	105	106	12	20
TCGA-63-A5ML-01	156	83	39	28
TCGA-63-A5MM-01	0	1410	0	0
TCGA-63-A5MN-01	6	26	11	5
TCGA-63-A5MP-01	93	108	2	31
TCGA-63-A5MR-01	65	42	96	22
TCGA-63-A5MS-01	214	91	175	8
TCGA-63-A5MT-01	95	81	122	0
TCGA-63-A5MU-01	85	83	77	28
TCGA-63-A5MV-01	75	40	24	14
TCGA-63-A5MW-01	280	165	101	40
TCGA-63-A5MY-01	120	58	28	11
TCGA-66-2727-01	141	60	34	16
TCGA-66-2734-01	179	42	9	19
TCGA-66-2742-01	152	109	15	4
TCGA-66-2744-01	143	46	46	15
TCGA-66-2754-01	124	114	54	54
TCGA-66-2755-01	204	55	14	16
TCGA-66-2756-01	471	99	39	24
TCGA-66-2757-01	222	49	33	14
TCGA-66-2758-01	174	94	151	7
TCGA-66-2759-01	214	165	132	36
TCGA-66-2763-01	312	92	58	32
TCGA-66-2765-01	41	45	12	14
TCGA-66-2766-01	223	85	168	31
TCGA-66-2767-01	221	112	43	38
TCGA-66-2769-01	211	146	85	9
TCGA-66-2770-01	168	92	27	31
TCGA-66-2771-01	133	59	125	10
TCGA-66-2773-01	99	66	548	45
TCGA-66-2777-01	71	75	24	42
TCGA-66-2778-01	24	54	98	9
TCGA-66-2780-01	79	51	33	16
TCGA-66-2781-01	86	35	35	11
TCGA-66-2782-01	271	57	92	46
TCGA-66-2783-01	150	65	48	45
TCGA-66-2785-01	275	50	1142	0
TCGA-66-2786-01	89	87	97	10
TCGA-66-2787-01	420	64	56	32
TCGA-66-2788-01	139	38	62	17
TCGA-66-2789-01	244	100	58	34
TCGA-66-2791-01	145	103	103	31
TCGA-66-2792-01	62	78	10	27
TCGA-66-2793-01	218	120	17	29
TCGA-66-2794-01	50	71	76	6
TCGA-66-2795-01	198	98	37	30
TCGA-66-2800-01	132	81	15	30
TCGA-68-7755-01	169	105	30	34
TCGA-68-7756-01	65	39	10	4
TCGA-68-7757-01	283	74	16	5
TCGA-68-8250-01	223	95	35	23
TCGA-68-8251-01	29	186	166	10
TCGA-68-A59J-01	249	64	137	18
TCGA-6A-AB49-01	366	66	36	24
TCGA-70-6722-01	278	20	37	28
TCGA-70-6723-01	54	59	4	23
TCGA-77-6842-01	267	110	68	15
TCGA-77-6843-01	77	86	49	12
TCGA-77-6844-01	115	57	41	33
TCGA-77-6845-01	162	62	41	27
TCGA-77-7139-01	110	70	29	27
TCGA-77-7140-01	83	67	64	15
TCGA-77-7141-01	288	111	473	0
TCGA-77-7142-01	141	118	44	28
TCGA-77-7335-01	94	86	101	11
TCGA-77-7337-01	210	106	68	41
TCGA-77-7338-01	50	62	59	0
TCGA-77-7463-01	333	77	52	26
TCGA-77-7465-01	282	122	30	48
TCGA-77-8007-01	49	48	15	7
TCGA-77-8008-01	138	54	2	26
TCGA-77-8009-01	66	70	39	37
TCGA-77-8128-01	214	108	36	20
TCGA-77-8130-01	99	94	13	20
TCGA-77-8131-01	31	31	20	5
TCGA-77-8133-01	295	101	22	53
TCGA-77-8136-01	152	32	379	0
TCGA-77-8138-01	59	44	9	14
TCGA-77-8139-01	123	87	39	14
TCGA-77-8140-01	249	71	120	17
TCGA-77-8143-01	87	67	19	10
TCGA-77-8144-01	291	92	56	43
TCGA-77-8145-01	44	64	29	13
TCGA-77-8146-01	107	47	19	31
TCGA-77-8148-01	132	136	17	44
TCGA-77-8150-01	70	63	14	2
TCGA-77-8153-01	109	80	20	13
TCGA-77-8154-01	122	76	29	29
TCGA-77-8156-01	144	82	14	31
TCGA-77-A5FZ-01	1	0	0	0
TCGA-77-A5G1-01	123	41	25	12
TCGA-77-A5G3-01	441	133	127	75
TCGA-77-A5G6-01	434	110	43	27
TCGA-77-A5G7-01	48	52	22	6
TCGA-77-A5G8-01	133	90	14	41
TCGA-77-A5GA-01	74	80	19	21
TCGA-77-A5GB-01	17	42	102	10
TCGA-77-A5GF-01	62	38	31	15
TCGA-77-A5GH-01	138	79	100	26
TCGA-79-5596-01	149	67	10	25
TCGA-85-6175-01	5	36	6	7
TCGA-85-6560-01	246	191	61	20
TCGA-85-6561-01	147	57	79	22
TCGA-85-6798-01	147	120	62	12
TCGA-85-7696-01	88	89	41	45
TCGA-85-7697-01	173	75	49	45
TCGA-85-7698-01	50	58	37	22
TCGA-85-7699-01	105	102	25	11
TCGA-85-7710-01	82	67	79	16
TCGA-85-7843-01	124	84	77	8
TCGA-85-7844-01	108	83	3	22
TCGA-85-7950-01	184	56	73	15
TCGA-85-8048-01	61	57	18	16
TCGA-85-8049-01	135	75	32	25
TCGA-85-8052-01	53	69	13	21
TCGA-85-8070-01	145	77	45	10
TCGA-85-8071-01	293	103	48	38
TCGA-85-8072-01	86	98	22	21
TCGA-85-8276-01	170	99	51	31
TCGA-85-8277-01	115	82	63	41
TCGA-85-8287-01	158	88	53	18
TCGA-85-8288-01	121	131	28	25
TCGA-85-8350-01	246	61	55	38
TCGA-85-8351-01	71	88	23	5
TCGA-85-8352-01	189	54	59	25
TCGA-85-8353-01	112	70	20	20
TCGA-85-8354-01	82	83	98	8
TCGA-85-8355-01	151	73	25	33
TCGA-85-8479-01	36	77	10	25
TCGA-85-8481-01	248	87	34	19
TCGA-85-8580-01	205	94	15	28
TCGA-85-8582-01	296	55	27	16
TCGA-85-8584-01	234	35	41	20
TCGA-85-8664-01	147	79	43	12
TCGA-85-8666-01	165	54	45	32
TCGA-85-A4CL-01	71	12	879	72
TCGA-85-A4CN-01	124	81	20	14
TCGA-85-A4JB-01	403	85	45	53
TCGA-85-A4JC-01	132	47	127	19
TCGA-85-A4PA-01	1	12	0	0
TCGA-85-A4QQ-01	69	51	276	0
TCGA-85-A4QR-01	76	125	60	18
TCGA-85-A50M-01	47	31	17	9
TCGA-85-A50Z-01	399	71	80	21
TCGA-85-A510-01	129	35	2	19
TCGA-85-A511-01	172	35	41	16
TCGA-85-A512-01	88	43	55	14
TCGA-85-A513-01	2	17	1	8
TCGA-85-A53L-01	154	66	15	9
TCGA-85-A5B5-01	321	91	25	29
TCGA-90-7766-01	53	46	31	5
TCGA-90-7767-01	60	42	22	14
TCGA-90-7769-01	411	113	47	58
TCGA-90-7964-01	308	69	162	56
TCGA-90-A4ED-01	0	0	0	2740
TCGA-90-A4EE-01	149	73	180	51
TCGA-90-A59Q-01	280	49	9	16
TCGA-92-7340-01	228	133	186	10
TCGA-92-7341-01	62	115	18	20
TCGA-92-8063-01	297	79	28	36
TCGA-92-8064-01	134	85	14	40
TCGA-92-8065-01	5	22	310	19
TCGA-94-7033-01	23	64	65	4
TCGA-94-7557-01	7	42	63	27
TCGA-94-7943-01	48	31	131	43
TCGA-94-8035-01	116	64	54	17
TCGA-94-8490-01	240	801	65	28
TCGA-94-8491-01	345	145	179	10
TCGA-94-A4VJ-01	335	99	55	23
TCGA-94-A5I4-01	166	92	30	25
TCGA-94-A5I6-01	108	63	25	18
TCGA-96-7544-01	261	121	113	3
TCGA-96-7545-01	57	56	18	18
TCGA-96-8169-01	98	81	15	20
TCGA-96-8170-01	164	48	112	7
TCGA-96-A4JK-01	329	131	121	53
TCGA-96-A4JL-01	0	57	4	11
TCGA-98-7454-01	152	36	52	21
TCGA-98-8020-01	16	49	53	0
TCGA-98-8021-01	177	24	1034	55
TCGA-98-8022-01	114	110	76	7
TCGA-98-8023-01	137	63	20	31
TCGA-98-A538-01	544	97	156	45
TCGA-98-A539-01	116	37	48	27
TCGA-98-A53A-01	256	73	35	27
TCGA-98-A53B-01	66	68	41	15
TCGA-98-A53C-01	1	3	0	0
TCGA-98-A53H-01	34	0	1	2
TCGA-98-A53I-01	254	123	68	44
TCGA-98-A53J-01	42	39	43	20
TCGA-J1-A4AH-01	73	56	79	26
TCGA-L3-A4E7-01	70	45	6	5
TCGA-L3-A524-01	293	99	23	19
TCGA-LA-A446-01	242	68	64	45
TCGA-LA-A7SW-01	10	67	46	0
TCGA-MF-A522-01	115	86	493	62
TCGA-NC-A5HD-01	365	103	64	34
TCGA-NC-A5HE-01	151	48	31	23
TCGA-NC-A5HF-01	190	83	40	2
TCGA-NC-A5HG-01	250	150	187	199
TCGA-NC-A5HH-01	251	107	30	48
TCGA-NC-A5HI-01	333	85	115	11
TCGA-NC-A5HJ-01	385	68	31	21
TCGA-NC-A5HK-01	238	65	25	14
TCGA-NC-A5HL-01	111	93	35	31
TCGA-NC-A5HM-01	201	82	37	34
TCGA-NC-A5HN-01	393	174	48	125
TCGA-NC-A5HO-01	168	82	38	20
TCGA-NC-A5HP-01	326	71	89	24
TCGA-NC-A5HQ-01	245	108	40	35
TCGA-NC-A5HR-01	270	78	28	33
TCGA-NC-A5HT-01	251	83	26	54
TCGA-NK-A5CR-01	212	74	43	53
TCGA-NK-A5CT-01	213	81	98	15
TCGA-NK-A5CX-01	163	38	6	8
TCGA-NK-A5D1-01	45	65	25	25
TCGA-NK-A7XE-01	0	18	106	8
TCGA-O2-A52N-01	395	109	108	23
TCGA-O2-A52Q-01	869	75	247	34
TCGA-O2-A52S-01	216	81	134	40
TCGA-O2-A52V-01	209	63	26	34
TCGA-O2-A52W-01	50	51	14	15
TCGA-O2-A5IB-01	216	49	23	26
TCGA-XC-AA0X-01	105	63	36	27
