NMF_Replicate	L1	L1 %	L2	L2 %	KL Divergence	Correlation	Convergence Iterations
1	68.836	104.43	12.343	68.526	1.019	0.614	40000.0
2	69.013	104.417	12.411	68.806	1.016	0.612	20000.0
3	68.33	103.534	12.243	68.174	1.009	0.619	20000.0
4	68.98	104.519	12.384	68.558	1.012	0.615	20000.0
5	68.714	104.274	12.333	68.401	1.015	0.618	40000.0
6	68.878	104.442	12.335	68.562	1.015	0.615	30000.0
7	68.56	104.348	12.208	68.541	1.018	0.615	20000.0
8	69.166	104.707	12.449	68.767	1.018	0.612	30000.0
9	68.255	104.018	12.164	68.251	1.01	0.618	40000.0
10	68.449	104.213	12.2	68.164	1.022	0.617	40000.0
11	68.977	104.856	12.319	68.802	1.02	0.612	20000.0
12	69.101	104.008	12.464	68.315	1.012	0.618	40000.0
13	69.027	104.368	12.415	68.763	1.02	0.612	50000.0
14	69.216	104.79	12.42	68.789	1.025	0.611	20000.0
15	68.715	103.953	12.349	68.268	1.009	0.618	50000.0
16	68.951	104.639	12.396	68.461	1.02	0.617	20000.0
17	68.736	104.523	12.338	68.498	1.02	0.611	20000.0
18	68.562	104.056	12.37	68.281	1.013	0.618	30000.0
19	69.304	105.839	12.378	69.326	1.039	0.602	20000.0
20	68.928	104.007	12.408	68.566	1.01	0.616	30000.0
21	69.068	105.119	12.128	67.802	1.031	0.624	30000.0
22	68.885	104.334	12.377	68.346	1.017	0.617	40000.0
23	68.94	104.63	12.401	68.649	1.024	0.614	40000.0
24	68.704	104.717	12.289	68.774	1.025	0.611	60000.0
25	69.028	104.389	12.431	68.792	1.018	0.611	30000.0
26	68.764	104.153	12.4	68.438	1.015	0.616	30000.0
27	68.346	104.265	12.312	68.375	1.016	0.616	30000.0
28	68.963	104.845	12.086	67.663	1.024	0.625	20000.0
29	69.013	104.555	12.383	68.848	1.017	0.611	30000.0
30	68.697	104.199	12.264	68.448	1.014	0.616	30000.0
31	69.141	104.922	12.374	68.836	1.025	0.61	30000.0
32	68.587	104.238	12.252	68.354	1.018	0.616	30000.0
33	69.147	104.824	12.382	68.909	1.022	0.609	30000.0
34	69.129	104.976	12.091	68.129	1.029	0.618	30000.0
35	69.191	104.991	12.179	68.005	1.026	0.622	20000.0
36	68.658	104.221	12.41	68.436	1.018	0.616	20000.0
37	69.044	105.143	12.425	68.971	1.03	0.61	30000.0
38	68.573	103.796	12.359	68.296	1.008	0.619	40000.0
39	68.457	104.184	12.257	68.473	1.017	0.614	20000.0
40	69.104	104.064	12.425	68.53	1.009	0.616	20000.0
41	68.404	104.134	12.249	68.408	1.018	0.615	30000.0
42	69.077	104.086	12.416	68.521	1.016	0.614	30000.0
43	68.922	104.417	12.379	68.66	1.021	0.613	20000.0
44	68.958	104.18	12.399	68.354	1.019	0.618	30000.0
45	68.565	104.311	12.268	68.57	1.013	0.616	40000.0
46	68.349	103.878	12.218	68.112	1.01	0.62	20000.0
47	68.871	104.541	12.102	67.59	1.021	0.628	40000.0
48	68.785	105.072	12.11	67.89	1.027	0.625	30000.0
49	68.829	104.575	12.308	68.552	1.024	0.613	30000.0
50	68.534	104.02	12.264	68.173	1.01	0.62	20000.0
51	68.74	104.568	12.361	68.661	1.019	0.615	40000.0
52	69.434	105.686	12.203	68.433	1.034	0.616	20000.0
53	68.618	104.681	12.334	68.73	1.026	0.612	30000.0
54	68.563	103.878	12.286	68.27	1.013	0.616	40000.0
55	68.856	104.348	12.319	68.428	1.02	0.614	30000.0
56	69.151	104.808	12.39	68.81	1.025	0.61	30000.0
57	68.981	104.208	12.409	68.566	1.017	0.615	20000.0
58	68.946	105.084	12.339	69.055	1.027	0.606	60000.0
59	68.193	103.565	12.209	68.031	1.009	0.618	20000.0
60	68.958	104.589	12.354	68.543	1.018	0.613	40000.0
61	68.867	104.469	12.343	68.47	1.016	0.617	30000.0
62	68.304	103.73	12.263	68.215	1.006	0.621	30000.0
63	68.978	104.493	12.272	68.614	1.016	0.612	30000.0
64	68.359	103.783	12.317	68.297	1.006	0.618	30000.0
65	68.755	104.425	12.284	68.468	1.02	0.613	30000.0
66	68.789	104.014	12.377	68.412	1.015	0.617	30000.0
67	68.888	104.183	12.348	68.483	1.016	0.616	60000.0
68	68.406	103.61	12.258	68.083	1.01	0.619	30000.0
69	69.741	104.938	12.567	68.833	1.025	0.612	30000.0
70	68.665	103.774	12.236	68.038	1.011	0.62	20000.0
71	68.272	104.042	12.17	68.167	1.016	0.619	20000.0
72	68.976	104.921	12.357	68.744	1.026	0.612	30000.0
73	68.755	104.172	12.321	68.393	1.013	0.617	40000.0
74	68.55	104.576	12.153	68.386	1.019	0.615	20000.0
75	69.073	104.877	12.139	67.785	1.028	0.623	20000.0
76	69.037	105.299	12.41	68.872	1.034	0.608	30000.0
77	68.344	104.607	12.154	68.706	1.015	0.612	30000.0
78	68.971	104.33	12.361	68.425	1.021	0.615	50000.0
79	68.46	104.051	12.216	68.443	1.014	0.615	20000.0
80	68.735	104.698	12.37	68.607	1.023	0.615	20000.0
81	68.522	104.378	12.2	68.374	1.019	0.614	30000.0
82	69.236	105.176	12.23	67.799	1.026	0.625	20000.0
83	69.254	104.951	12.389	68.928	1.021	0.611	30000.0
84	69.305	104.62	12.369	68.509	1.017	0.614	30000.0
85	68.651	103.73	12.395	68.109	1.011	0.621	30000.0
86	68.62	104.518	12.248	68.589	1.019	0.611	20000.0
87	69.184	105.083	12.197	67.913	1.03	0.623	20000.0
88	69.383	105.415	12.509	69.138	1.034	0.606	50000.0
89	68.755	104.285	12.357	68.481	1.013	0.616	40000.0
90	68.891	104.284	12.312	68.616	1.018	0.612	30000.0
91	68.609	104.77	11.989	67.803	1.027	0.621	50000.0
92	68.929	104.138	12.37	68.328	1.015	0.618	30000.0
93	67.901	102.842	12.144	67.804	0.996	0.626	20000.0
94	68.843	104.501	12.378	68.707	1.021	0.611	30000.0
95	68.695	104.326	12.287	68.627	1.016	0.616	40000.0
96	68.968	104.08	12.297	68.143	1.01	0.619	20000.0
97	69.164	105.124	12.376	68.884	1.027	0.611	20000.0
98	68.891	104.514	12.425	68.711	1.021	0.613	40000.0
99	68.712	103.673	12.356	68.128	1.005	0.62	30000.0
100	68.894	104.517	12.399	68.705	1.021	0.613	20000.0
