NMF_Replicate	L1	L1 %	L2	L2 %	KL Divergence	Correlation	Convergence Iterations
1	63.652	98.38	11.12	65.172	0.943	0.653	50000.0
2	63.406	98.478	11.057	64.831	0.94	0.656	40000.0
3	63.099	96.982	11.015	63.859	0.931	0.673	60000.0
4	64.56	99.269	11.414	65.564	0.931	0.653	30000.0
5	65.804	99.808	11.913	66.333	0.929	0.643	30000.0
6	64.34	99.395	11.341	65.472	0.934	0.652	40000.0
7	66.625	101.079	12.168	67.316	0.941	0.636	30000.0
8	64.492	99.195	11.353	65.493	0.934	0.651	30000.0
9	64.045	98.22	11.098	64.786	0.94	0.658	50000.0
10	64.842	99.57	11.371	65.615	0.941	0.648	30000.0
11	64.275	98.572	11.244	64.792	0.93	0.66	50000.0
12	66.453	100.692	12.048	66.955	0.943	0.639	40000.0
13	63.693	97.615	11.112	64.108	0.929	0.668	30000.0
14	63.792	97.963	11.018	64.117	0.936	0.666	60000.0
15	63.994	98.335	11.249	65.111	0.921	0.657	70000.0
16	66.112	100.445	12.028	66.703	0.938	0.641	40000.0
17	64.501	98.753	11.444	65.169	0.933	0.656	30000.0
18	64.286	99.096	11.369	65.169	0.936	0.654	40000.0
19	64.07	98.812	11.348	65.237	0.932	0.654	40000.0
20	64.166	98.552	11.32	65.102	0.929	0.656	30000.0
21	64.203	98.585	11.309	64.932	0.935	0.661	40000.0
22	64.512	98.878	11.39	65.103	0.928	0.655	80000.0
23	63.806	98.551	11.211	64.82	0.926	0.658	60000.0
24	64.339	99.405	11.369	65.71	0.941	0.649	40000.0
25	64.423	99.06	11.322	65.047	0.934	0.654	50000.0
26	64.438	99.01	11.371	65.358	0.928	0.653	40000.0
27	64.016	98.914	11.255	65.066	0.929	0.656	50000.0
28	63.979	98.296	11.204	65.024	0.928	0.656	50000.0
29	64.061	98.626	11.278	65.0	0.934	0.656	40000.0
30	63.825	98.422	11.101	64.463	0.93	0.663	40000.0
31	64.287	99.031	11.403	65.348	0.933	0.651	50000.0
32	63.931	98.98	11.238	65.167	0.941	0.655	40000.0
33	64.025	98.034	11.228	64.093	0.933	0.671	50000.0
34	64.402	98.115	11.333	64.505	0.931	0.667	30000.0
35	64.869	99.152	11.503	65.649	0.929	0.651	50000.0
36	64.618	99.334	11.384	65.625	0.937	0.648	40000.0
37	63.18	97.601	10.963	64.301	0.931	0.664	40000.0
38	64.329	99.344	11.343	65.564	0.941	0.649	40000.0
39	64.23	98.835	11.38	65.222	0.928	0.654	40000.0
40	64.793	99.29	11.343	65.54	0.932	0.65	50000.0
41	64.243	99.292	11.277	65.712	0.937	0.648	50000.0
42	63.309	98.023	10.859	63.992	0.941	0.665	40000.0
43	64.431	99.272	11.364	65.477	0.944	0.652	50000.0
44	64.15	99.267	11.253	65.443	0.926	0.65	30000.0
45	64.601	99.678	11.286	65.587	0.942	0.65	40000.0
46	64.354	99.178	11.39	65.529	0.933	0.654	30000.0
47	63.571	98.615	10.96	64.971	0.939	0.655	50000.0
48	64.427	99.296	11.344	65.2	0.941	0.656	60000.0
49	64.477	98.555	11.394	65.037	0.928	0.658	30000.0
50	63.589	97.65	11.182	64.803	0.94	0.662	20000.0
51	64.083	98.816	11.173	64.707	0.946	0.66	50000.0
52	64.338	98.9	11.346	65.16	0.925	0.656	40000.0
53	63.207	97.392	10.864	64.113	0.933	0.666	30000.0
54	63.871	98.128	11.19	64.364	0.938	0.663	60000.0
55	62.78	96.554	10.873	63.687	0.923	0.67	40000.0
56	64.15	98.948	11.296	65.078	0.935	0.657	50000.0
57	64.436	98.772	11.375	65.228	0.926	0.655	40000.0
58	64.183	99.386	11.277	65.465	0.936	0.651	40000.0
59	64.96	99.669	11.491	65.653	0.937	0.649	50000.0
60	63.952	98.736	11.177	65.047	0.936	0.655	40000.0
61	64.481	98.927	11.391	65.3	0.934	0.653	40000.0
62	64.787	99.025	11.413	65.521	0.933	0.651	40000.0
63	63.833	98.544	11.122	65.081	0.944	0.654	40000.0
64	64.068	98.849	11.196	65.036	0.935	0.656	30000.0
65	63.497	97.789	11.082	64.222	0.939	0.666	60000.0
66	63.619	97.9	11.141	64.41	0.925	0.667	30000.0
67	62.904	97.486	10.831	64.247	0.934	0.664	50000.0
68	63.968	98.467	11.223	65.011	0.944	0.656	60000.0
69	64.227	98.484	11.263	65.004	0.942	0.658	30000.0
70	63.38	97.832	10.969	64.207	0.924	0.666	60000.0
71	64.211	98.876	11.266	65.042	0.935	0.655	40000.0
72	63.803	98.287	11.241	64.974	0.925	0.655	50000.0
73	64.634	99.298	11.332	65.478	0.932	0.65	40000.0
74	64.484	99.613	11.354	65.674	0.933	0.648	30000.0
75	63.301	97.344	10.911	63.969	0.931	0.667	70000.0
76	64.454	99.1	11.412	65.384	0.936	0.651	30000.0
77	64.115	98.259	11.304	64.813	0.931	0.661	60000.0
78	64.541	99.178	11.38	65.354	0.936	0.654	50000.0
79	62.977	97.439	10.867	64.044	0.94	0.666	40000.0
80	64.319	98.382	11.271	64.759	0.927	0.661	30000.0
81	66.269	100.288	12.031	66.615	0.935	0.64	30000.0
82	64.33	99.313	11.377	65.532	0.935	0.652	30000.0
83	64.43	99.235	11.372	65.395	0.934	0.651	50000.0
84	64.241	98.741	11.375	65.094	0.927	0.66	50000.0
85	64.05	98.338	11.211	64.852	0.931	0.659	50000.0
86	64.479	98.971	11.313	65.242	0.931	0.654	30000.0
87	63.565	97.327	11.092	64.314	0.93	0.664	40000.0
88	64.297	98.345	11.246	64.949	0.923	0.658	40000.0
89	64.416	99.016	11.456	65.361	0.929	0.653	30000.0
90	64.573	98.785	11.315	65.223	0.937	0.654	50000.0
91	64.556	99.093	11.313	65.356	0.927	0.654	30000.0
92	64.357	98.63	11.292	64.942	0.936	0.658	30000.0
93	63.802	98.246	11.223	64.398	0.929	0.666	70000.0
94	64.695	99.198	11.367	65.252	0.928	0.654	60000.0
95	63.507	97.555	10.985	64.084	0.935	0.666	40000.0
96	64.662	99.582	11.295	65.353	0.936	0.653	60000.0
97	64.026	98.666	11.353	65.264	0.933	0.653	60000.0
98	64.2	98.909	11.299	65.054	0.938	0.655	90000.0
99	63.989	98.496	11.336	65.009	0.926	0.656	60000.0
100	63.497	98.379	11.001	64.875	0.938	0.655	30000.0
