MutationType	SBS1	SBS2	SBS3	SBS4	SBS5	SBS7a	SBS7b	SBS13	SBS15	SBS54
A[C>A]A	0.00088616	0.00000058	0.02080832	0.04219650	0.01199760	0.00006700	0.00232939	0.00181992	0.00094420	0.00216036
A[C>A]C	0.00228041	0.00014800	0.01650660	0.03329724	0.00943811	0.00017912	0.00046088	0.00072097	0.00049711	0.00079613
A[C>A]G	0.00017703	0.00005230	0.00175070	0.01559870	0.00184963	0.00007120	0.00018595	0.00026399	0.00004610	0.00164027
A[C>A]T	0.00128023	0.00009780	0.01220488	0.02949755	0.00660868	0.00024816	0.00070981	0.00034798	0.00111024	0.00041407
A[C>G]A	0.00186033	0.00000000	0.01970788	0.00688943	0.01009798	0.00006490	0.00000856	0.00386983	0.00011302	0.00155026
A[C>G]C	0.00122022	0.00013300	0.01170468	0.00283976	0.00569886	0.00002160	0.00018895	0.00095096	0.00026906	0.00049608
A[C>G]G	0.00011502	0.00001520	0.00025310	0.00127989	0.00171966	0.00005080	0.00050487	0.00026399	0.00003070	0.00170028
A[C>G]T	0.00114020	0.00009120	0.01740696	0.00354970	0.01009798	0.00009570	0.00028493	0.00399982	0.00032507	0.00518086
A[C>T]A	0.02500444	0.00006110	0.01420568	0.00869928	0.03259348	0.00012208	0.00140963	0.00717968	0.00505108	0.00148025
A[C>T]C	0.00632112	0.00138004	0.01240496	0.00417965	0.01789642	0.01771150	0.03808996	0.00000000	0.00691148	0.00052909
A[C>T]G	0.36506483	0.00003270	0.00257103	0.00078294	0.00617876	0.00000000	0.00054286	0.00030299	0.07451597	0.00034306
A[C>T]T	0.00958170	0.00186005	0.01210484	0.00424965	0.02199560	0.00742482	0.01079715	0.00031799	0.00178038	0.00499083
A[T>A]A	0.00080014	0.00009590	0.00549220	0.00941922	0.00737852	0.00194126	0.00248934	0.00000000	0.00204044	0.00095616
A[T>A]C	0.00223040	0.00087803	0.00721288	0.00352971	0.00692861	0.00067044	0.00046688	0.00006520	0.00084118	0.00319053
A[T>A]G	0.00114020	0.00002550	0.00964386	0.01239897	0.00911818	0.00058738	0.00155959	0.00058997	0.00054012	0.00423070
A[T>A]T	0.00018303	0.00000000	0.00611245	0.00420965	0.00619876	0.00371241	0.00828782	0.00060597	0.00954204	0.00030105
A[T>C]A	0.00109019	0.00006170	0.01650660	0.00794934	0.04619076	0.00049032	0.00101973	0.00190992	0.00389083	0.02920483
A[T>C]C	0.00304054	0.00002150	0.00776311	0.00071494	0.01339732	0.00022715	0.00045588	0.00014199	0.00196042	0.00775128
A[T>C]G	0.00010602	0.00001320	0.01230492	0.00499958	0.03819236	0.00018712	0.00149960	0.00042798	0.00024005	0.20203345
A[T>C]T	0.00574102	0.00015500	0.01730692	0.00155987	0.03829234	0.00061540	0.00214943	0.00095896	0.00092920	0.00783130
A[T>G]A	0.00017203	0.00023801	0.00395158	0.00104991	0.00385923	0.00047331	0.00008440	0.00006140	0.00046810	0.00003870
A[T>G]C	0.00020704	0.00007460	0.00260104	0.00015899	0.00259948	0.00024716	0.00093175	0.00000000	0.00041509	0.00158026
A[T>G]G	0.00026805	0.00000205	0.00630252	0.00141988	0.00793841	0.00027618	0.00146961	0.00008250	0.00018504	0.00115019
A[T>G]T	0.00011202	0.00000376	0.00397159	0.00021598	0.00482903	0.00030920	0.00073281	0.00031999	0.00363078	0.00034006
C[C>A]A	0.00031205	0.00020801	0.02250900	0.08069330	0.00742851	0.00045529	0.00113970	0.00139994	0.04180896	0.00006320
C[C>A]C	0.00179032	0.00009530	0.02531012	0.07969339	0.00613877	0.00024016	0.00154959	0.00096796	0.00505108	0.00257042
C[C>A]G	0.00009320	0.00000000	0.00251100	0.02449797	0.00345931	0.00000000	0.00040789	0.00000433	0.00006620	0.00593098
C[C>A]T	0.00000000	0.00042101	0.01540616	0.06899427	0.00648870	0.00037224	0.00148961	0.00000000	0.02870615	0.00553091
C[C>G]A	0.00002410	0.00000000	0.01930772	0.00782935	0.00695861	0.00000000	0.00045788	0.00560975	0.00008360	0.00113019
C[C>G]C	0.00007680	0.00035101	0.01410564	0.00686943	0.00906819	0.00013108	0.00095975	0.00064797	0.00001700	0.00088315
C[C>G]G	0.00035206	0.00004870	0.00150060	0.00339972	0.00248950	0.00007760	0.00079079	0.00048798	0.00005020	0.00043407
C[C>G]T	0.00000000	0.00006360	0.02230892	0.00681943	0.00952809	0.00009570	0.00088977	0.00639972	0.00008450	0.00133022
C[C>T]A	0.00200036	0.00432013	0.01610644	0.01269895	0.01939612	0.05003248	0.10697180	0.00001930	0.01080231	0.00337056
C[C>T]C	0.00027005	0.00017001	0.02020808	0.01149905	0.01899620	0.05533592	0.18195203	0.00134994	0.01110238	0.00022604
C[C>T]G	0.19603481	0.00277008	0.00224090	0.00330972	0.01749650	0.00671436	0.02209418	0.00198991	0.02480532	0.02830468
C[C>T]T	0.00019604	0.00145004	0.02300920	0.01599867	0.02309538	0.05663676	0.12596679	0.00144994	0.01560334	0.00371061
C[T>A]A	0.00004300	0.00024301	0.00794318	0.01439881	0.00353929	0.00017711	0.00111970	0.00020899	0.00034807	0.00000000
C[T>A]C	0.00039307	0.00024401	0.01780712	0.01219899	0.00518896	0.00026117	0.00095775	0.00034198	0.00024405	0.00073212
C[T>A]G	0.00032406	0.00014900	0.01320528	0.03249730	0.00500900	0.00011207	0.00088277	0.00022599	0.00008200	0.00192032
C[T>A]T	0.00026005	0.00000000	0.01270508	0.01179902	0.00429914	0.00037124	0.00011197	0.00052298	0.00105022	0.00006660
C[T>C]A	0.00000000	0.00030201	0.00883353	0.00517957	0.01329734	0.00045129	0.00152960	0.00004740	0.00075016	0.01140189
C[T>C]C	0.00250044	0.00002850	0.01450580	0.00235980	0.01039792	0.00025917	0.00083978	0.00012200	0.00215046	0.01700282
C[T>C]G	0.00036006	0.00000000	0.01010404	0.00549954	0.02079584	0.00010407	0.00072981	0.00000000	0.00139030	0.19303196
C[T>C]T	0.00004260	0.00018600	0.01580632	0.00255979	0.01489702	0.00182118	0.00572849	0.00011200	0.00175037	0.02690445
C[T>G]A	0.00003550	0.00015300	0.00437175	0.00086993	0.00258948	0.00008430	0.00035891	0.00004140	0.00020604	0.00436072
C[T>G]C	0.00021204	0.00015500	0.00704282	0.00044096	0.00460908	0.00017211	0.00079179	0.00000282	0.00015703	0.01890313
C[T>G]G	0.00012802	0.00012100	0.01070428	0.00378969	0.00612877	0.00000000	0.00128966	0.00000000	0.00027206	0.02210366
C[T>G]T	0.00017103	0.00020301	0.00703281	0.00119990	0.00729854	0.00002650	0.00000368	0.00005550	0.00249053	0.00088615
G[C>A]A	0.00158028	0.00008620	0.00713285	0.03159738	0.01019796	0.00004060	0.00074580	0.00094896	0.00229049	0.00519086
G[C>A]C	0.00033906	0.00000000	0.01090436	0.03479711	0.00764847	0.00013809	0.00021494	0.00045098	0.00249053	0.00913151
G[C>A]G	0.00058710	0.00001390	0.00143057	0.01529873	0.00233953	0.00004250	0.00007290	0.00016399	0.00040409	0.00564093
G[C>A]T	0.00000000	0.00005120	0.01000400	0.02119824	0.00681864	0.00000000	0.00014696	0.00006150	0.01820390	0.00673111
G[C>G]A	0.00000959	0.00006540	0.01270508	0.00528956	0.00467906	0.00001960	0.00005110	0.00149993	0.00099421	0.00219036
G[C>G]C	0.00016403	0.00026101	0.00863345	0.00574952	0.00507898	0.00003320	0.00045188	0.00047898	0.00060813	0.00022004
G[C>G]G	0.00016603	0.00000000	0.00242097	0.00329973	0.00150970	0.00004510	0.00033691	0.00024099	0.00001010	0.00159026
G[C>G]T	0.00000000	0.00013400	0.01470588	0.00303975	0.00671866	0.00004200	0.00027693	0.00269988	0.00045110	0.00494082
G[C>T]A	0.00444079	0.00000000	0.01640656	0.00408966	0.01939612	0.00008500	0.00085478	0.00717968	0.07371579	0.00022204
G[C>T]C	0.00009280	0.00000013	0.01340536	0.00445963	0.02159568	0.01170760	0.02629307	0.00092096	0.12902764	0.01310217
G[C>T]G	0.21803872	0.00000000	0.00052821	0.00048196	0.01229754	0.00000552	0.00017595	0.00017799	0.27705936	0.01910316
G[C>T]T	0.00003840	0.00005040	0.01130452	0.00380968	0.01859628	0.01611046	0.00538858	0.00126994	0.07721654	0.00024804
G[T>A]A	0.00008120	0.00000000	0.00706283	0.00921923	0.00366927	0.00040126	0.00052586	0.00000670	0.00051111	0.00233039
G[T>A]C	0.00012902	0.00013100	0.00748299	0.00359970	0.00290942	0.00022415	0.00025593	0.00012999	0.00058913	0.00899149
G[T>A]G	0.00024604	0.00006380	0.01160464	0.01309891	0.00410918	0.00029019	0.00065583	0.00004700	0.00018704	0.00264044
G[T>A]T	0.00025805	0.00006280	0.01230492	0.00551954	0.00321936	0.00030620	0.00005590	0.00035798	0.00084018	0.00185031
G[T>C]A	0.00105019	0.00000000	0.00998399	0.00289976	0.01409718	0.00010107	0.00026593	0.00028699	0.01290276	0.01140189
G[T>C]C	0.00190034	0.00002740	0.00564226	0.00117990	0.00793841	0.00007410	0.00000000	0.00018199	0.01160249	0.00443073
G[T>C]G	0.00117021	0.00010700	0.01090436	0.00236980	0.01499700	0.00007250	0.00052886	0.00019499	0.00595127	0.12102003
G[T>C]T	0.00007130	0.00001250	0.01020408	0.00075494	0.01369726	0.00081153	0.00684819	0.00000000	0.00586126	0.00541090
G[T>G]A	0.00000000	0.00020901	0.00442177	0.00059795	0.00251950	0.00009070	0.00032292	0.00008770	0.00020304	0.00017003
G[T>G]C	0.00000000	0.00013300	0.00234094	0.00025298	0.00170966	0.00012108	0.00032092	0.00000000	0.00058012	0.00153025
G[T>G]G	0.00034806	0.00003710	0.01090436	0.00242980	0.00529894	0.00032521	0.00240937	0.00042598	0.00034707	0.00000000
G[T>G]T	0.00001460	0.00000000	0.00583233	0.00025198	0.00234953	0.00083554	0.00182952	0.00000289	0.00139030	0.00001210
T[C>A]A	0.00006580	0.00063902	0.00841337	0.03979670	0.00785843	0.00039025	0.00289924	0.07899652	0.01720368	0.00066911
T[C>A]C	0.00253045	0.00017001	0.01680672	0.04689611	0.00916817	0.00063641	0.00351907	0.02939870	0.00581124	0.00004050
T[C>A]G	0.00000000	0.00008530	0.00141056	0.01089909	0.00229954	0.00003440	0.00029992	0.01209947	0.00007690	0.00082814
T[C>A]T	0.00000588	0.00044001	0.00997399	0.04129657	0.01269746	0.00061340	0.00140963	0.03549844	0.00805172	0.00720119
T[C>G]A	0.00000000	0.00000000	0.01330532	0.00357970	0.00780844	0.00000000	0.00025393	0.31698603	0.00021405	0.00469078
T[C>G]C	0.00020304	0.00009870	0.02030812	0.00594951	0.00759848	0.00005090	0.00161957	0.06349720	0.00006120	0.00051709
T[C>G]G	0.00006940	0.00004120	0.00052021	0.00182985	0.00170966	0.00000635	0.00036390	0.01379939	0.00005840	0.00123020
T[C>G]T	0.00156028	0.00118003	0.02350940	0.00337972	0.01249750	0.00028118	0.00071381	0.36898374	0.00017404	0.00031105
T[C>T]A	0.00111020	0.53601551	0.00576230	0.00373969	0.02029594	0.23815459	0.00660826	0.00692969	0.02650568	0.00000000
T[C>T]C	0.00003730	0.09730282	0.01330532	0.00698942	0.02299540	0.33121500	0.21094439	0.00447980	0.00956205	0.00066111
T[C>T]G	0.11001954	0.04420128	0.00098940	0.00028098	0.01589682	0.07414813	0.05738487	0.00118995	0.02120454	0.00000000
T[C>T]T	0.00000000	0.30000868	0.00817327	0.00721940	0.02099580	0.10706950	0.10197312	0.00141994	0.00174037	0.00023604
T[T>A]A	0.00672119	0.00042201	0.00651261	0.00887926	0.00630874	0.00035623	0.00323915	0.00029599	0.00109023	0.00155026
T[T>A]C	0.00000000	0.00019201	0.01050420	0.00430964	0.00413917	0.00038925	0.00223941	0.00023199	0.00015703	0.00017903
T[T>A]G	0.00002800	0.00005010	0.00671269	0.00953921	0.00478904	0.00000000	0.00169955	0.00018799	0.00014903	0.00032905
T[T>A]T	0.00225040	0.00020501	0.01300520	0.00561953	0.00874825	0.00079852	0.00000000	0.00006200	0.00047510	0.00000000
T[T>C]A	0.00025505	0.00000000	0.01520608	0.00240980	0.01799640	0.00215140	0.00599842	0.00002210	0.00342073	0.00473078
T[T>C]C	0.00339060	0.00004350	0.00899360	0.00050296	0.00970806	0.00059639	0.00172954	0.00002490	0.00592127	0.00819136
T[T>C]G	0.00041607	0.00011700	0.00693277	0.00173986	0.01269746	0.00031921	0.00380900	0.00009980	0.00132028	0.08841464
T[T>C]T	0.00433077	0.00003580	0.01390556	0.00063595	0.01849630	0.00081253	0.00296922	0.00053098	0.00135029	0.01250207
T[T>G]A	0.00000000	0.00001670	0.00725290	0.00037697	0.00521896	0.00012808	0.00095475	0.00018399	0.00023105	0.00003240
T[T>G]C	0.00005510	0.00007040	0.00628251	0.00017399	0.00655869	0.00011608	0.00154959	0.00000000	0.00029406	0.00070612
T[T>G]G	0.00058310	0.00009540	0.00805322	0.00231981	0.00693861	0.00000000	0.00134964	0.00003670	0.00014803	0.00769127
T[T>G]T	0.00000000	0.00000000	0.01050420	0.00056795	0.01349730	0.00008300	0.00176953	0.00001890	0.00599128	0.00049908
